0,0,0.785398,1,0,0,5.65685,5.65685
0,0,0.785398,1,0,0,5.65685,5.65685
0,0,0.785398,1,0,0,5.65685,5.65685
0,0,0.785398,1,0,0,5.65685,5.65685
0.423461,0.423461,0.8326,0.4119,0.690378,0.156545,6.07401,6.07401
1.09768,1.09768,0.860663,0.599181,1.52304,0.672316,6.73852,6.73852
2.13911,2.13911,0.907551,0.468096,2.82839,1.44982,7.75381,7.75381
3.05504,3.05504,0.976388,0.32241,4.12888,1.98119,8.60903,8.60903
4.0857,4.0857,1.06581,0.399288,5.65125,2.52015,9.52161,9.52161
5.15945,5.15945,1.1275,0.555664,7.05717,3.26173,10.4885,10.4885
6.15185,6.15185,1.15643,0.694538,8.20289,4.10081,11.4238,11.4238
7.04838,7.04838,1.16034,0.817868,9.12002,4.97675,12.3123,12.3123
7.84542,7.84542,1.14629,0.927394,9.84291,5.84793,13.1379,13.1379
8.54595,8.54595,1.1202,1.02466,10.4047,6.68721,13.8887,13.8887
9.15669,9.15669,1.08668,1.11104,10.8353,7.47807,14.5587,14.5587
9.69115,9.69115,1.04877,1.18374,11.1638,8.21846,15.1529,15.1529
10.2553,10.2553,1.00653,1.16645,11.4961,9.01462,15.7745,15.7745
10.7713,10.7713,0.970568,1.14276,11.8128,9.72983,16.3315,16.3315
11.2414,11.2414,0.940447,1.11612,12.115,10.3679,16.8304,16.8304
11.6688,11.6688,0.915533,1.08795,12.4029,10.9347,17.2778,17.2778
12.0564,12.0564,0.895166,1.05923,12.6761,11.4367,17.6792,17.6792
12.4067,12.4067,0.878713,1.03079,12.9338,11.8796,18.039,18.039
12.7224,12.7224,0.865573,1.00326,13.1755,12.2694,18.3611,18.3611
13.0058,13.0058,0.855202,0.977074,13.4003,12.6113,18.6489,18.6489
13.2832,13.2832,0.846407,0.950085,13.6281,12.9383,18.9295,18.9295
13.4855,13.4855,0.840869,0.929593,13.7991,13.1719,19.1337,19.1337
13.6863,13.6863,0.836124,0.908619,13.9731,13.3995,19.3359,19.3359
13.8641,13.8641,0.832562,0.889437,14.1308,13.5974,19.5147,19.5147
14.0208,14.0208,0.829933,0.872121,14.2726,13.7689,19.672,19.672
14.1584,14.1584,0.828026,0.856438,14.3995,13.9174,19.8101,19.8101
14.2787,14.2787,0.826676,0.842454,14.5121,14.0453,19.9307,19.9307
14.3832,14.3832,0.825745,0.830035,14.6114,14.1551,20.0355,20.0355
14.474,14.474,0.825127,0.818757,14.6987,14.2493,20.1264,20.1264
14.5521,14.5521,0.824742,0.808713,14.7746,14.3295,20.2045,20.2045
14.6187,14.6187,0.824525,0.799792,14.84,14.3974,20.2712,20.2712
14.6752,14.6752,0.824424,0.79187,14.8959,14.4544,20.3277,20.3277
14.7224,14.7224,0.824402,0.784835,14.943,14.5018,20.375,20.375
14.7615,14.7615,0.824429,0.778587,14.9822,14.5407,20.414,20.414
14.7931,14.7931,0.824484,0.773039,15.0142,14.5721,20.4457,20.4457
14.8182,14.8182,0.824551,0.768111,15.0396,14.5968,20.4707,20.4707
14.8374,14.8374,0.824618,0.763735,15.0592,14.6156,20.4899,20.4899
14.8512,14.8512,0.824676,0.759849,15.0733,14.6291,20.5037,20.5037
14.861,14.861,0.824723,0.756075,15.0834,14.6386,20.5135,20.5135
14.8651,14.8651,0.824746,0.753333,15.0877,14.6426,20.5176,20.5176
14.8661,14.8661,0.824751,0.750356,15.0886,14.6435,20.5185,20.5185
14.8737,14.8737,0.824794,0.756116,15.0965,14.6509,20.5262,20.5262
14.9279,14.9279,0.824993,0.768557,15.1518,14.704,20.5803,20.5803
15.0474,15.0474,0.825268,0.774985,15.2729,14.822,20.6998,20.6998
15.2186,15.2186,0.82543,0.783506,15.445,14.9922,20.8709,20.8709
15.4299,15.4299,0.8254,0.788366,15.6562,15.2037,21.0823,21.0823
15.6726,15.6726,0.825115,0.794482,15.8972,15.448,21.325,21.325
15.9397,15.9397,0.824591,0.798411,16.1614,15.7181,21.5922,21.5922
16.2259,16.2259,0.823813,0.802273,16.4432,16.0087,21.8786,21.8786
20,16.3151,1.15088,0.805506,16.7385,16.3151,20,23.6201
20,16.6714,1.19522,0.852284,17.0655,16.6714,20,24.1137
20,17.0227,1.23382,0.903894,17.3549,17.0227,20,24.5727
20,17.4271,1.2733,0.955299,17.655,17.4271,20,25.0757
20,17.7749,1.30371,0.997424,17.8886,17.7749,20,25.4913
20,18.178,1.33555,1.04045,18.1353,18.178,20,25.9577
20,18.5964,1.36526,1.08327,18.3673,18.5964,20,26.428
20,19.0291,1.39293,1.12273,18.5846,19.0291,20,26.9028
20,19.4725,1.41843,1.16209,18.7858,19.4725,20,27.3798
20,19.926,1.44188,1.1979,18.9715,19.926,20,27.8596
20,20.3876,1.46328,1.23343,19.1415,20.3876,20,28.3414
20,20.8569,1.48278,1.2655,19.2968,20.8569,20,28.8259
20,21.3314,1.50037,1.29719,19.4371,21.3314,20,29.3116
20,21.8117,1.51623,1.32546,19.5637,21.8117,20,29.7998
20,22.2955,1.53038,1.35339,19.6768,22.2955,20,30.289
20,22.8319,1.54415,1.38084,19.7869,22.8319,20,30.8291
20,23.2729,1.55407,1.40189,19.8662,23.2729,20,31.2717
20,23.7657,1.56381,1.42357,19.9441,23.7657,20,31.7655
20,24.2595,1.57224,1.44337,20.0116,24.2595,20,32.2595
20,24.7554,1.57952,1.46225,20.0698,24.7554,20,32.7551
20,25.2522,1.58572,1.47832,20.1194,25.2522,20,33.2513
20,25.75,1.59092,1.49444,20.161,25.75,20,33.7484
20,26.2484,1.59524,1.50732,20.1955,26.2484,20,34.246
20,26.7973,1.59903,1.52158,20.2259,26.7973,20,34.7941
20,27.2467,1.60149,1.53114,20.2455,27.2467,20,35.2429
20,27.7461,1.60359,1.54182,20.2623,27.7461,20,35.7418
20,28.2458,1.60511,1.55034,20.2745,28.2458,20,36.2411
20,28.7454,1.60611,1.55797,20.2825,28.7454,20,36.7405
20,29.2453,1.60666,1.56541,20.2869,29.2453,20,37.2402
20,29.7453,1.60682,1.57049,20.2881,29.7453,20,37.7401
20,30.2452,1.60662,1.57655,20.2866,30.2452,20,38.2401
20,30.7953,1.60608,1.58066,20.2822,30.7953,20,38.7904
20,31.2453,1.60541,1.58449,20.2768,31.2453,20,39.2405
20,31.7452,1.60448,1.58681,20.2694,31.7452,20,39.7407
20,32.2452,1.60336,1.58981,20.2605,32.2452,20,40.2409
20,32.7451,1.60212,1.59156,20.2506,32.7451,20,40.7411
20,33.2449,1.60077,1.59294,20.2397,33.2449,20,41.2413
20,33.7446,1.59934,1.59445,20.2283,33.7446,20,41.7413
20,34.2445,1.59785,1.59455,20.2164,34.2445,20,42.2415
20,34.7443,1.59633,1.59575,20.2042,34.7443,20,42.7417
20,35.2442,1.59479,1.59504,20.1919,35.2442,20,43.2419
20,35.7439,1.59325,1.59586,20.1796,35.7439,20,43.7419
20,36.2439,1.59173,1.59462,20.1675,36.2439,20,44.2421
20,36.7438,1.59022,1.59496,20.1554,36.7438,20,44.7423
20,37.2437,1.58876,1.59371,20.1437,37.2437,20,45.2424
20,37.7435,1.58734,1.59326,20.1323,37.7435,20,45.7424
20,38.2432,1.58597,1.59256,20.1214,38.2432,20,46.2423
20,38.743,1.58465,1.59107,20.1108,38.743,20,46.7422
20,39.243,1.58339,1.59093,20.1008,39.243,20,47.2423
20,39.7429,1.5822,1.58899,20.0912,39.7429,20,47.7424
20,40.2428,1.58106,1.58888,20.0821,40.2428,20,48.2424
20,40.7428,1.58,1.58705,20.0737,40.7428,20,48.7425
20,41.2426,1.579,1.58636,20.0656,41.2426,20,49.2423
20,41.7423,1.57807,1.58562,20.0582,41.7423,20,49.7421
20,42.2424,1.5772,1.58386,20.0512,42.2424,20,50.2423
20,42.7424,1.57639,1.5837,20.0447,42.7424,20,50.7423
20,43.2425,1.57565,1.58178,20.0388,43.2425,20,51.2424
20,43.7425,1.57496,1.58178,20.0333,43.7425,20,51.7424
20,44.2425,1.57434,1.57999,20.0283,44.2425,20,52.2425
20,44.7426,1.57376,1.57986,20.0237,44.7426,20,52.7426
20,45.2425,1.57325,1.57861,20.0196,45.2425,20,53.2425
20,45.7425,1.57278,1.57793,20.0158,45.7425,20,53.7425
20,46.2425,1.57236,1.57734,20.0125,46.2425,20,54.2425
20,46.7425,1.57198,1.57628,20.0095,46.7425,20,54.7425
20,47.2424,1.57165,1.57626,20.0068,47.2424,20,55.2424
20,47.7424,1.57135,1.57481,20.0044,47.7424,20,55.7424
20,48.2424,1.57109,1.57521,20.0023,48.2424,20,56.2424
20,48.7425,1.57087,1.5737,20.0006,48.7425,20,56.7425
20,49.2425,1.57067,1.5742,19.999,49.2425,20,57.2425
20,49.7426,1.5705,1.57281,19.9977,49.7426,20,57.7426
20,50.2427,1.57036,1.57325,19.9965,50.2427,20,58.2427
20,50.7428,1.57025,1.57222,19.9956,50.7428,20,58.7428
20,51.2428,1.57014,1.57243,19.9948,51.2428,20,59.2428
20,51.7428,1.57007,1.57177,19.9942,51.7428,20,59.7428
20,52.2429,1.57,1.57174,19.9937,52.2429,20,60.2429
20,52.7926,1.56996,1.57182,19.9933,52.7926,20,60.7926
20,53.2428,1.56993,1.57114,19.9931,53.2428,20,61.2428
20,53.7424,1.56991,1.57137,19.9929,53.7424,20,61.7424
20,54.2424,1.5699,1.57045,19.9928,54.2424,20,62.2424
20,54.7424,1.5699,1.57121,19.9928,54.7424,20,62.7424
20,55.2424,1.56991,1.57011,19.9929,55.2424,20,63.2424
20,55.7425,1.56992,1.57105,19.993,55.7425,20,63.7425
20,56.2425,1.56995,1.56997,19.9932,56.2425,20,64.2425
20,56.7426,1.56997,1.5708,19.9934,56.7426,20,64.7426
20,57.2926,1.57001,1.57037,19.9937,57.2926,20,65.2926
20,57.7425,1.57003,1.57044,19.9939,57.7425,20,65.7425
20,58.2425,1.57007,1.5702,19.9942,58.2425,20,66.2425
20,58.7423,1.5701,1.5699,19.9945,58.7423,20,66.7423
20,59.2423,1.57014,1.57062,19.9948,59.2423,20,67.2423
20,59.7422,1.57018,1.56972,19.9951,59.7422,20,67.7422
20,60.2423,1.57022,1.57061,19.9954,60.2423,20,68.2423
20,60.7424,1.57026,1.56984,19.9957,60.7424,20,68.7424
20,61.2425,1.57029,1.57052,19.996,61.2425,20,69.2425
20,61.7426,1.57033,1.56995,19.9963,61.7426,20,69.7426
20,62.2426,1.57036,1.57036,19.9965,62.2426,20,70.2426
20,62.7425,1.5704,1.57027,19.9969,62.7425,20,70.7425
20,63.2426,1.57043,1.57016,19.9971,63.2426,20,71.2426
20,63.7424,1.57047,1.57067,19.9974,63.7424,20,71.7424
20,64.2424,1.5705,1.56984,19.9976,64.2424,20,72.2424
20,64.7925,1.57053,1.57051,19.9978,64.7925,20,72.7925
20,65.2425,1.57056,1.57002,19.9981,65.2425,20,73.2425
20,65.7424,1.57058,1.57057,19.9982,65.7424,20,73.7424
20,66.2423,1.57061,1.57046,19.9985,66.2423,20,74.2423
20,66.7421,1.57063,1.57007,19.9986,66.7421,20,74.7421
20,67.2423,1.57065,1.57088,19.9988,67.2423,20,75.2423
20,67.7424,1.57067,1.57,19.999,67.7424,20,75.7424
20,68.2423,1.57068,1.57097,19.9991,68.2423,20,76.2423
20,68.7424,1.57071,1.57014,19.9993,68.7424,20,76.7424
20,69.2425,1.57071,1.57086,19.9993,69.2425,20,77.2425
20,69.7425,1.57074,1.5704,19.9995,69.7425,20,77.7425
20,70.2426,1.57074,1.57065,19.9995,70.2426,20,78.2426
20,70.7425,1.57076,1.5708,19.9997,70.7425,20,78.7425
20,71.2423,1.57076,1.57027,19.9997,71.2423,20,79.2423
20,71.7425,1.57077,1.57109,19.9998,71.7425,20,79.7425
20,72.2426,1.57078,1.57025,19.9999,72.2426,20,80.2426
20,72.7927,1.57078,1.57094,19.9999,72.7927,20,80.7927
20,73.2424,1.57079,1.57029,20,73.2424,20,81.2424
20,73.7925,1.5708,1.57059,20,73.7925,20,81.7925
20,74.2424,1.5708,1.57065,20.0001,74.2424,20,82.2424
20,74.7425,1.5708,1.57071,20,74.7425,20,82.7425
20,75.2424,1.57081,1.57099,20.0001,75.2424,20,83.2424
20,75.7423,1.57081,1.57036,20.0001,75.7423,20,83.7423
20,76.2424,1.57081,1.57123,20.0001,76.2424,20,84.2424
20,76.7423,1.57082,1.57029,20.0002,76.7423,20,84.7423
20,77.2924,1.57081,1.57089,20.0001,77.2924,20,85.2924
20,77.7424,1.57082,1.57038,20.0002,77.7424,20,85.7424
20,78.2426,1.57081,1.57111,20.0001,78.2426,20,86.2426
20,78.7426,1.57082,1.57054,20.0002,78.7426,20,86.7426
20,79.2426,1.57082,1.57088,20.0002,79.2426,20,87.2426
20,79.7427,1.57082,1.57075,20.0002,79.7427,20,87.7427
20,80.2427,1.57082,1.57073,20.0002,80.2427,20,88.2427
20,80.7925,1.57082,1.57131,20.0002,80.7925,20,88.7925
20,81.2425,1.57082,1.57041,20.0002,81.2425,20,89.2425
20,81.7425,1.57082,1.57132,20.0002,81.7425,20,89.7425
20,82.2424,1.57082,1.57028,20.0002,82.2424,20,90.2424
20,82.7426,1.57081,1.57124,20.0001,82.7426,20,90.7426
20,83.2426,1.57082,1.57045,20.0002,83.2426,20,91.2426
20,83.7426,1.57081,1.57104,20.0001,83.7426,20,91.7426
20,84.2426,1.57081,1.57077,20.0001,84.2426,20,92.2426
20,84.7425,1.57081,1.57068,20.0001,84.7425,20,92.7425
20,85.2424,1.57081,1.5711,20.0001,85.2424,20,93.2424
20,85.7924,1.57081,1.57036,20.0001,85.7924,20,93.7924
20,86.2425,1.57081,1.57128,20.0001,86.2425,20,94.2425
20,86.7424,1.57081,1.5703,20.0001,86.7424,20,94.7424
20,87.2424,1.57081,1.57125,20.0001,87.2424,20,95.2424
20,87.7425,1.57081,1.57044,20.0001,87.7425,20,95.7425
20,88.2426,1.5708,1.57105,20,88.2426,20,96.2426
20,88.7425,1.57081,1.57075,20.0001,88.7425,20,96.7425
20,89.2425,1.5708,1.57078,20,89.2425,20,97.2425
20,89.7422,1.5708,1.5712,20.0001,89.7422,20,97.7422
20,90.2423,1.5708,1.57036,20,90.2423,20,98.2423
20,90.7424,1.5708,1.57125,20,90.7424,20,98.7424
20,91.2424,1.5708,1.57035,20,91.2424,20,99.2424
20,91.7424,1.5708,1.57124,20,91.7424,20,99.7424
20,92.2425,1.5708,1.57043,20.0001,92.2425,20,100.242
20,92.7424,1.5708,1.57093,20,92.7424,20,100.742
20,93.2922,1.5708,1.57123,20,93.2922,20,101.292
20,93.7423,1.5708,1.5706,20,93.7423,20,101.742
20,94.2421,1.5708,1.57119,20,94.2421,20,102.242
20,94.7423,1.5708,1.57038,20,94.7423,20,102.742
20,95.2423,1.5708,1.57129,20,95.2423,20,103.242
20,95.7423,1.5708,1.57031,20,95.7423,20,103.742
20,96.2424,1.57079,1.57121,20,96.2424,20,104.242
20,96.7425,1.5708,1.57045,20,96.7425,20,104.742
20,97.2424,1.57079,1.57092,20,97.2424,20,105.242
20,97.7424,1.5708,1.57077,20,97.7424,20,105.742
20,98.2424,1.57079,1.57063,20,98.2424,20,106.242
20,98.7422,1.5708,1.57118,20,98.7422,20,106.742
20,99.2423,1.5708,1.5704,20,99.2423,20,107.242
20,99.7422,1.5708,1.57128,20,99.7422,20,107.742
20,100.242,1.5708,1.5703,20,100.242,20,108.242
20,100.742,1.57079,1.57124,20,100.742,20,108.742
20,101.292,1.5708,1.57085,20,101.292,20,109.292
20,101.742,1.57079,1.57092,20,101.742,20,109.742
20,102.292,1.57079,1.57122,20,102.292,20,110.292
20,102.742,1.57079,1.57045,20,102.742,20,110.742
20,103.242,1.5708,1.57119,20,103.242,20,111.242
20,103.742,1.5708,1.57033,20,103.742,20,111.742
20,104.242,1.57079,1.57127,20,104.242,20,112.242
20,104.742,1.5708,1.57041,20,104.742,20,112.742
20,105.243,1.57079,1.57113,20,105.243,20,113.243
20,105.743,1.5708,1.57061,20,105.743,20,113.743
20,106.292,1.5708,1.5704,20,106.292,20,114.292
20,106.743,1.5708,1.57074,20,106.743,20,114.743
20,107.243,1.57079,1.57077,20,107.243,20,115.243
20,107.743,1.5708,1.57107,20,107.743,20,115.743
20,108.243,1.57079,1.5704,20,108.243,20,116.243
20,108.743,1.57079,1.57121,20,108.743,20,116.743
20,109.242,1.5708,1.5703,20,109.242,20,117.242
20,109.742,1.57079,1.5712,20,109.742,20,117.742
20,110.242,1.5708,1.57061,20,110.242,20,118.242
20,110.742,1.57079,1.57092,20,110.742,20,118.742
20,111.243,1.5708,1.57082,20,111.243,20,119.243
20,111.743,1.57079,1.57068,20,111.743,20,119.743
20,112.242,1.5708,1.57115,20,112.242,20,120.242
20,112.743,1.57079,1.5704,20,112.743,20,120.743
20,113.243,1.57079,1.57124,20,113.243,20,121.243
20,113.743,1.5708,1.57031,20,113.743,20,121.743
20,114.293,1.57079,1.57089,20,114.293,20,122.293
20,114.743,1.5708,1.57044,20,114.743,20,122.743
20,120,0.636882,1.57095,20,115.242,26.4316,120
20.0426,120,0.533263,1.43952,20.0426,115.933,26.9318,120
20.1912,120,0.43866,1.2809,20.1912,116.602,27.4337,120
20.4175,120,0.356233,1.16236,20.4175,117.21,27.9152,120
20.6785,120,0.287536,1.06094,20.6785,117.731,28.35,120
20.9533,120,0.230774,0.970872,20.9533,118.17,28.7412,120
21.2576,120,0.18014,0.867642,21.2576,118.567,29.1282,120
21.577,120,0.137588,0.763933,21.577,118.903,29.5014,120
21.8925,120,0.103328,0.668506,21.8925,119.175,29.8498,120
22.2095,120,0.074837,0.586379,22.2095,119.402,30.1871,120
22.561,120,0.048141,0.513639,22.561,119.615,30.5518,120
22.9443,120,0.0234339,0.446608,22.9443,119.813,30.9421,120
23.3534,120,0.00102329,0.387091,23.3534,119.992,31.3534,120
23.7828,120,-0.0189115,0.331225,23.7828,120.151,31.7814,120
24.2748,120,-0.0380188,0.277012,24.2748,120.304,32.269,120
24.6885,120,-0.0514333,0.235639,24.6885,120.411,32.6779,120
25.158,120,-0.0641548,0.195341,25.158,120.513,33.1416,120
25.6349,120,-0.0746677,0.158111,25.6349,120.597,33.6126,120
26.1185,120,-0.0831809,0.124871,26.1185,120.665,34.0908,120
26.6058,120,-0.0898205,0.0956277,26.6058,120.718,34.5736,120
27.097,120,-0.0947855,0.0683642,27.097,120.757,35.0611,120
27.5906,120,-0.0982443,0.0459565,27.5906,120.785,35.552,120
28.1357,120,-0.100497,0.022947,28.1357,120.803,36.0953,120
28.5826,120,-0.101289,0.00752641,28.5826,120.809,36.5416,120
29.1297,120,-0.101124,-0.00967573,29.1297,120.808,37.0888,120
29.5778,120,-0.100202,-0.0213672,29.5778,120.8,37.5377,120
30.076,120,-0.0984475,-0.0329166,30.076,120.786,38.0373,120
30.5744,120,-0.0960682,-0.0421845,30.5744,120.767,38.5375,120
31.0729,120,-0.0931503,-0.0497857,31.0729,120.744,39.0383,120
31.5711,120,-0.0898147,-0.0563887,31.5711,120.718,39.5389,120
32.0697,120,-0.0861365,-0.0603953,32.0697,120.688,40.0401,120
32.5682,120,-0.0821972,-0.0649076,32.5682,120.657,40.5412,120
33.0667,120,-0.0780775,-0.0665926,33.0667,120.624,41.0424,120
33.5655,120,-0.0738214,-0.06888,33.5655,120.59,41.5437,120
34.1138,120,-0.0690761,-0.0696249,34.1138,120.552,42.0947,120
34.5627,120,-0.0651687,-0.0692748,34.5627,120.521,42.5457,120
35.111,120,-0.0604282,-0.0691199,35.111,120.483,43.0964,120
35.5599,120,-0.0566031,-0.0670801,35.5599,120.453,43.5471,120
36.0587,120,-0.0524341,-0.0664391,36.0587,120.419,44.0477,120
36.5576,120,-0.0483826,-0.0635876,36.5576,120.387,44.5482,120
37.0567,120,-0.0444521,-0.0621076,37.0567,120.355,45.0488,120
37.6052,120,-0.0403132,-0.0594863,37.6052,120.322,45.5987,120
38.0548,120,-0.0370644,-0.0565848,38.0548,120.296,46.0493,120
38.5536,120,-0.0336291,-0.0541889,38.5536,120.269,46.5491,120
39.053,120,-0.0303658,-0.0504746,39.053,120.243,47.0493,120
39.5525,120,-0.0272823,-0.0484696,39.5525,120.218,47.5495,120
40.052,120,-0.0243907,-0.0445823,40.052,120.195,48.0496,120
40.5518,120,-0.021672,-0.0424965,40.5518,120.173,48.5499,120
41.0514,120,-0.0191481,-0.0388409,41.0514,120.153,49.05,120
41.6009,120,-0.0165708,-0.0357006,41.6009,120.133,49.5998,120
42.0507,120,-0.014628,-0.033568,42.0507,120.117,50.0499,120
42.5505,120,-0.0126222,-0.0306588,42.5505,120.101,50.5499,120
43.0501,120,-0.010792,-0.0286169,43.0501,120.086,51.0496,120
43.55,120,-0.00911534,-0.025259,43.55,120.073,51.5496,120
44.0497,120,-0.00758846,-0.0237652,44.0497,120.061,52.0495,120
44.5497,120,-0.00621323,-0.0207889,44.5497,120.05,52.5495,120
45.0495,120,-0.00496294,-0.0190222,45.0495,120.04,53.0494,120
45.5494,120,-0.0038519,-0.0171467,45.5494,120.031,53.5493,120
46.0493,120,-0.00285149,-0.0148509,46.0493,120.023,54.0493,120
46.5493,120,-0.00197029,-0.0137578,46.5493,120.016,54.5493,120
47.0994,120,-0.00112057,-0.0111141,47.0994,120.009,55.0994,120
47.5494,120,-0.000509262,-0.0106663,47.5494,120.004,55.5494,120
48.0493,120,7.82013e-05,-0.00838917,48.0493,119.999,56.0493,120
48.5493,120,0.000590324,-0.00802614,48.5493,119.995,56.5493,120
49.0494,120,0.00101566,-0.00598859,49.0494,119.992,57.0494,120
49.5493,120,0.00138569,-0.00561053,49.5493,119.989,57.5493,120
50.0492,120,0.00167847,-0.00424804,50.0492,119.987,58.0492,120
50.5493,120,0.00192833,-0.00351771,50.5493,119.985,58.5493,120
51.0493,120,0.00211621,-0.00283978,51.0493,119.983,59.0493,120
51.5493,120,0.00226879,-0.00180711,51.5493,119.982,59.5493,120
52.0492,120,0.00237179,-0.00184252,52.0492,119.981,60.0492,120
52.5493,120,0.00244332,-0.000454725,52.5493,119.98,60.5493,120
53.0492,120,0.00248432,-0.000919355,53.0492,119.98,61.0492,120
53.5493,120,0.00249195,0.00042118,53.5493,119.98,61.5493,120
54.0494,120,0.00248528,-1.93544e-05,54.0494,119.98,62.0494,120
54.5495,120,0.00244618,0.00100452,54.5495,119.98,62.5494,120
55.0493,120,0.00240231,0.000836393,55.0493,119.981,63.0493,120
55.5992,120,0.00232792,0.000679084,55.5992,119.981,63.5991,120
56.0491,120,0.00226021,0.00165484,56.0491,119.982,64.049,120
56.5491,120,0.00217343,0.000977918,56.5491,119.983,64.5491,120
57.0493,120,0.00207997,0.00200967,57.0493,119.983,65.0492,120
57.5492,120,0.00198364,0.00120016,57.5492,119.984,65.5491,120
58.0493,120,0.00187588,0.00207651,58.0493,119.985,66.0493,120
58.5494,120,0.00177479,0.00135151,58.5494,119.986,66.5494,120
59.0993,120,0.00165272,0.00147984,59.0993,119.987,67.0993,120
59.5494,120,0.00156307,0.0016122,59.5494,119.987,67.5494,120
60.0993,120,0.00144386,0.00125036,60.0993,119.988,68.0992,120
60.5492,120,0.00135231,0.00188193,60.5492,119.989,68.5492,120
61.0491,120,0.00124836,0.00120938,61.0491,119.99,69.0491,120
61.5492,120,0.00115013,0.00199051,61.5492,119.991,69.5492,120
62.0492,120,0.00105762,0.00104265,62.0492,119.992,70.0492,120
62.5492,120,0.000961304,0.00189351,62.5492,119.992,70.5492,120
63.0493,120,0.000880241,0.00093256,63.0493,119.993,71.0493,120
63.5494,120,0.000790596,0.0016683,63.5494,119.994,71.5494,120
64.0494,120,0.000718117,0.00101746,64.0494,119.994,72.0494,120
64.5494,120,0.000637054,0.00125465,64.5494,119.995,72.5494,120
65.0495,120,0.000573158,0.00105648,65.0495,119.995,73.0495,120
65.5494,120,0.000504494,0.000859999,65.5494,119.996,73.5494,120
66.0493,120,0.000447273,0.00122339,66.0493,119.996,74.0493,120
66.5494,120,0.000389099,0.000485446,66.5494,119.997,74.5494,120
67.0493,120,0.000336647,0.00124454,67.0493,119.997,75.0493,120
67.5492,120,0.000292778,0.000211099,67.5492,119.998,75.5492,120
68.0494,120,0.000245094,0.00109489,68.0494,119.998,76.0494,120
68.5494,120,0.000209808,0.000268431,68.5494,119.998,76.5494,120
69.0494,120,0.000167847,0.000709284,69.0494,119.999,77.0494,120
69.5494,120,0.000142097,0.000469577,69.5494,119.999,77.5494,120
70.0492,120,0.000107765,0.000224717,70.0492,119.999,78.0492,120
70.5491,120,8.39233e-05,0.000828224,70.5491,119.999,78.5491,120
71.0492,120,6.00815e-05,-5.54993e-05,71.0492,120,79.0492,120
71.5491,120,3.62396e-05,0.00075312,71.5491,120,79.5491,120
72.0492,120,2.38419e-05,-6.04597e-05,72.0492,120,80.0492,120
72.5492,120,2.86102e-06,0.000392675,72.5492,120,80.5492,120
73.0493,120,-4.76837e-06,0.000189079,73.0493,120,81.0493,120
73.5491,120,-2.09808e-05,-0.000140574,73.5491,120,81.5491,120
74.0992,120,-3.24249e-05,0.000564744,74.0992,120,82.0992,120
74.5492,120,-3.71933e-05,-0.000364092,74.5492,120,82.5492,120
75.0492,120,-4.673e-05,0.000615486,75.0492,120,83.0492,120
75.5493,120,-4.76837e-05,-0.000308028,75.5493,120,83.5493,120
76.0492,120,-5.72205e-05,0.000271905,76.0492,120,84.0492,120
76.5492,120,-5.53131e-05,3.26714e-05,76.5492,120,84.5492,120
77.0489,120,-6.19888e-05,-0.000192467,77.0489,120,85.0489,120
77.549,120,-6.10352e-05,0.000425989,77.549,120,85.549,120
78.0491,120,-6.38962e-05,-0.000402841,78.0491,120.001,86.0491,120
78.5992,120,-6.58035e-05,0.000388007,78.5992,120.001,86.5992,120
79.0492,120,-6.29425e-05,-0.000506936,79.0492,120.001,87.0492,120
79.5493,120,-6.48499e-05,0.00046268,79.5493,120.001,87.5493,120
80.0493,120,-5.81741e-05,-0.000497331,80.0493,120,88.0493,120
80.5494,120,-6.19888e-05,0.00039169,80.5494,120,88.5494,120
81.0494,120,-5.53131e-05,-0.000416044,81.0494,120,89.0494,120
81.5492,120,-5.81741e-05,1.49236e-05,81.5492,120,89.5492,120
82.0493,120,-5.05447e-05,-1.73274e-05,82.0493,120,90.0493,120
82.5991,120,-4.673e-05,-0.000503108,82.5991,120,90.5991,120
83.0491,120,-4.673e-05,0.000375726,83.0491,120,91.0491,120
83.5491,120,-4.29153e-05,-0.000510151,83.5491,120,91.5491,120
84.0491,120,-4.3869e-05,0.000337974,84.0491,120,92.0491,120
84.5491,120,-3.52859e-05,-0.000217644,84.5491,120,92.5491,120
85.0492,120,-3.91006e-05,-4.88818e-06,85.0492,120,93.0492,120
85.5493,120,-3.05176e-05,-1.15253e-05,85.5493,120,93.5493,120
86.0992,120,-2.95639e-05,-0.00054077,86.0992,120,94.0992,120
86.5492,120,-2.67029e-05,0.000316701,86.5492,120,94.5492,120
87.0492,120,-2.57492e-05,-0.000454515,87.0492,120,95.0492,120
87.5491,120,-2.57492e-05,0.000423154,87.5491,120,95.5491,120
88.0492,120,-1.81198e-05,-0.000458756,88.0492,120,96.0492,120
88.5493,120,-2.19345e-05,0.000358637,88.5493,120,96.5493,120
89.0994,120,-1.43051e-05,7.80837e-05,89.0994,120,97.0994,120
89.5493,120,-1.81198e-05,3.14793e-05,89.5493,120,97.5493,120
90.0494,120,-1.04904e-05,-3.03784e-05,90.0494,120,98.0494,120
90.5494,120,-1.43051e-05,-0.000189356,90.5494,120,98.5494,120
91.0492,120,-9.53674e-06,0.000380325,91.0492,120,99.0492,120
91.5492,120,-7.62939e-06,-0.000483066,91.5492,120,99.5492,120
92.0492,120,-7.62939e-06,0.000468852,92.0492,120,100.049,120
92.5992,120,-1.90735e-06,-6.97888e-05,92.5992,120,100.599,120
93.0492,120,-6.67572e-06,0.000193023,93.0492,120,101.049,120
93.5493,120,0,-9.58149e-05,93.5493,120,101.549,120
94.0493,120,-3.8147e-06,-0.000113765,94.0493,120,102.049,120
94.549,120,0,0.000334595,94.549,120,102.549,120
95.0491,120,-2.86102e-06,-0.000402186,95.0491,120,103.049,120
95.5492,120,-9.53674e-07,0.00037401,95.5492,120,103.549,120
96.0491,120,9.53674e-07,-0.000515953,96.0491,120,104.049,120
96.5492,120,-2.86102e-06,0.000384164,96.5492,120,104.549,120
97.0991,120,1.90735e-06,0.00016713,97.0991,120,105.099,120
97.5492,120,-1.90735e-06,0.000145713,97.5492,120,105.549,120
98.0494,120,4.76837e-06,-8.69117e-05,98.0494,120,106.049,120
98.5493,120,-9.53674e-07,-7.74228e-05,98.5493,120,106.549,120
99.0493,120,3.8147e-06,0.000227347,99.0493,120,107.049,120
99.5492,120,1.90735e-06,-0.000372328,99.5492,120,107.549,120
100.049,120,0,0.000469247,100.049,120,108.049,120
100.549,120,4.76837e-06,-0.000442534,100.549,120,108.549,120
101.049,120,0,0.000313559,101.049,120,109.049,120
101.549,120,4.76837e-06,-0.000140162,101.549,120,109.549,120
102.099,120,9.53674e-07,-0.000396174,102.099,120,110.099,120
102.549,120,3.8147e-06,-2.92358e-05,102.549,120,110.549,120
103.049,120,9.53674e-07,-0.000395746,103.049,120,111.049,120
103.549,120,1.90735e-06,0.000441964,103.549,120,111.549,120
104.049,120,3.8147e-06,-0.000407945,104.049,120,112.049,120
104.549,120,-1.90735e-06,0.000287025,104.549,120,112.549,120
105.049,120,3.8147e-06,-1.86422e-06,105.049,120,113.049,120
105.549,120,-1.90735e-06,-7.97185e-05,105.549,120,113.549,120
106.049,120,2.86102e-06,0.000340342,106.049,120,114.049,120
106.549,120,9.53674e-07,-0.00040391,106.549,120,114.549,120
107.049,120,0,0.000455553,107.049,120,115.049,120
107.549,120,3.8147e-06,-0.00038247,107.549,120,115.549,120
108.049,120,-2.86102e-06,0.000258554,108.049,120,116.049,120
108.599,120,9.53674e-07,0.00043502,108.599,120,116.599,120
109.049,120,-1.90735e-06,-8.03816e-05,109.049,120,117.049,120
109.549,120,1.90735e-06,0.000400657,109.549,120,117.549,120
110.049,120,9.53674e-07,-0.000403803,110.049,120,118.049,120
110.549,120,0,0.00049066,110.549,120,118.549,120
111.049,120,2.86102e-06,-0.000520415,111.049,120,119.049,120
111.549,120,-9.53674e-07,0.000416532,111.549,120,119.549,120
112.049,120,3.8147e-06,-0.00038751,112.049,120,120.049,120
112.549,120,-1.90735e-06,0.000286047,112.549,120,120.549,120
113.099,120,1.90735e-06,0.000339645,113.099,120,121.099,120
113.549,120,-1.90735e-06,6.58387e-06,113.549,120,121.549,120
114.099,120,0,0.000455003,114.099,120,122.099,120
114.549,120,9.53674e-07,-0.000374821,114.549,120,122.549,120
120,120,-0.903489,0.000489003,115.049,120,120,113.716
120,119.959,-1.00945,-0.12735,115.741,119.959,120,113.187
120,119.814,-1.10564,-0.282138,116.412,119.814,120,112.664
120,119.594,-1.18919,-0.397871,117.021,119.594,120,112.169
120,119.34,-1.25875,-0.497041,117.544,119.34,120,111.726
120,119.072,-1.31628,-0.585107,117.986,119.072,120,111.329
120,118.773,-1.36786,-0.687683,118.388,118.773,120,110.937
120,118.459,-1.41121,-0.790195,118.729,118.459,120,110.56
120,118.148,-1.44628,-0.884917,119.006,118.148,120,110.21
120,117.834,-1.47555,-0.966474,119.239,117.834,120,109.871
120,117.487,-1.50308,-1.03896,119.459,117.487,120,109.505
120,117.068,-1.53113,-1.11185,119.683,117.068,120,109.074
120,116.702,-1.55203,-1.16567,119.85,116.702,120,108.703
120,116.275,-1.57293,-1.22145,120.017,116.275,120,108.275
120,115.831,-1.59143,-1.27089,120.165,115.831,120,107.833
120,115.374,-1.60747,-1.31731,120.293,115.374,120,107.38
120,114.906,-1.62122,-1.35801,120.403,114.906,120,106.916
120,114.383,-1.63378,-1.39898,120.504,114.383,120,106.399
120,113.948,-1.64225,-1.42956,120.571,113.948,120,105.969
120,113.462,-1.64984,-1.46016,120.632,113.462,120,105.487
120,112.971,-1.65574,-1.48711,120.679,112.971,120,105
120,112.478,-1.66008,-1.51092,120.713,112.478,120,104.51
120,111.983,-1.66304,-1.53277,120.737,111.983,120,104.017
120,111.487,-1.66478,-1.55065,120.751,111.487,120,103.522
120,110.99,-1.66544,-1.56775,120.756,110.99,120,103.025
120,110.492,-1.66517,-1.58082,120.754,110.492,120,102.527
120,109.993,-1.66409,-1.59371,120.745,109.993,120,102.028
120,109.495,-1.66233,-1.60292,120.731,109.495,120,101.528
120,108.946,-1.65973,-1.61246,120.711,108.946,120,100.978
120,108.498,-1.6572,-1.6184,120.69,108.498,120,100.527
120,107.999,-1.654,-1.62411,120.665,107.999,120,100.027
120,107.5,-1.65052,-1.62864,120.637,107.5,120,99.5257
120,107.001,-1.6468,-1.6312,120.607,107.001,120,99.0245
120,106.503,-1.64292,-1.63415,120.576,106.503,120,98.5234
120,106.004,-1.63893,-1.63456,120.545,106.004,120,98.0223
120,105.505,-1.6349,-1.63601,120.512,105.505,120,97.5216
120,105.006,-1.63085,-1.63509,120.48,105.006,120,97.0209
120,104.507,-1.62682,-1.63507,120.448,104.507,120,96.52
120,103.959,-1.62247,-1.63396,120.413,103.959,120,95.9696
120,103.51,-1.61898,-1.63203,120.385,103.51,120,95.5189
120,103.011,-1.61522,-1.63063,120.355,103.011,120,95.0188
120,102.512,-1.61158,-1.62766,120.326,102.512,120,94.5182
120,102.012,-1.60808,-1.62618,120.298,102.012,120,94.018
120,101.513,-1.60474,-1.62269,120.272,101.513,120,93.5177
120,101.014,-1.60155,-1.62097,120.246,101.014,120,93.0174
120,100.514,-1.59854,-1.61754,120.222,100.514,120,92.5172
120,100.015,-1.59569,-1.61523,120.199,100.015,120,92.0172
120,99.5152,-1.59303,-1.61238,120.178,99.5152,120,91.5172
120,99.0155,-1.59052,-1.60949,120.158,99.0155,120,91.017
120,98.4661,-1.58797,-1.60707,120.137,98.4661,120,90.4672
120,98.0163,-1.58604,-1.60375,120.122,98.0163,120,90.0173
120,97.5167,-1.58404,-1.60203,120.106,97.5167,120,89.5174
120,97.0168,-1.58221,-1.59862,120.091,97.0168,120,89.0173
120,96.5169,-1.58052,-1.59707,120.078,96.5169,120,88.5172
120,96.0171,-1.57899,-1.59419,120.066,96.0171,120,88.0173
120,95.5172,-1.57759,-1.59222,120.054,95.5172,120,87.5173
120,95.0173,-1.57633,-1.59024,120.044,95.0173,120,87.0175
120,94.5175,-1.57519,-1.58779,120.035,94.5175,120,86.5176
120,94.0176,-1.57417,-1.5867,120.027,94.0176,120,86.0176
120,93.5175,-1.57327,-1.58409,120.02,93.5175,120,85.5176
120,92.9674,-1.57238,-1.58314,120.013,92.9674,120,84.9674
120,92.5176,-1.57176,-1.58096,120.008,92.5176,120,84.5177
120,92.0176,-1.57114,-1.58048,120.003,92.0176,120,84.0176
120,91.5176,-1.57061,-1.5784,119.998,91.5176,120,83.5176
120,91.0174,-1.57014,-1.5779,119.995,91.0174,120,83.0174
120,90.5175,-1.56976,-1.57642,119.992,90.5175,120,82.5175
120,90.0176,-1.56943,-1.57553,119.989,90.0176,120,82.0176
120,89.5179,-1.56916,-1.57508,119.987,89.5179,120,81.5179
120,89.0179,-1.56895,-1.57346,119.985,89.0179,120,81.0179
120,88.5179,-1.56878,-1.57366,119.984,88.5179,120,80.5179
120,88.0178,-1.56865,-1.57219,119.983,88.0178,120,80.0178
120,87.5178,-1.56855,-1.57218,119.982,87.5178,120,79.5179
120,87.0177,-1.5685,-1.57142,119.982,87.0177,120,79.0177
120,86.4678,-1.56847,-1.57064,119.981,86.4678,120,78.4678
120,86.0178,-1.56847,-1.57094,119.981,86.0178,120,78.0178
120,85.5178,-1.56848,-1.57001,119.981,85.5178,120,77.5178
120,85.0177,-1.56852,-1.57058,119.982,85.0177,120,77.0177
120,84.5176,-1.56857,-1.56943,119.982,84.5176,120,76.5176
120,84.0176,-1.56863,-1.5702,119.983,84.0176,120,76.0176
120,83.5175,-1.5687,-1.56907,119.983,83.5175,120,75.5175
120,83.0175,-1.56878,-1.56988,119.984,83.0175,120,75.0176
120,82.5175,-1.56887,-1.56894,119.985,82.5175,120,74.5175
120,82.0175,-1.56896,-1.56953,119.985,82.0175,120,74.0175
120,81.5176,-1.56907,-1.56915,119.986,81.5176,120,73.5176
120,81.0177,-1.56916,-1.56908,119.987,81.0177,120,73.0177
120,80.5179,-1.56926,-1.56959,119.988,80.5179,120,72.5179
120,80.0178,-1.56936,-1.56874,119.989,80.0178,120,72.0179
120,79.5179,-1.56946,-1.56969,119.989,79.5179,120,71.5179
120,79.0178,-1.56956,-1.56882,119.99,79.0178,120,71.0178
120,78.5177,-1.56965,-1.56973,119.991,78.5177,120,70.5177
120,78.0177,-1.56974,-1.56905,119.992,78.0177,120,70.0177
120,77.5176,-1.56983,-1.56952,119.992,77.5176,120,69.5177
120,77.0175,-1.56992,-1.56944,119.993,77.0175,120,69.0175
120,76.5175,-1.56999,-1.56951,119.994,76.5175,120,68.5175
120,75.9676,-1.57008,-1.57005,119.994,75.9676,120,67.9676
120,75.5178,-1.57014,-1.56934,119.995,75.5178,120,67.5178
120,75.0178,-1.57021,-1.57015,119.995,75.0178,120,67.0178
120,74.5178,-1.57028,-1.56931,119.996,74.5178,120,66.5178
120,74.0179,-1.57033,-1.57027,119.996,74.0179,120,66.0179
120,73.5179,-1.5704,-1.56975,119.997,73.5179,120,65.5179
120,73.0178,-1.57044,-1.57013,119.997,73.0178,120,65.0178
120,72.5178,-1.57049,-1.57009,119.998,72.5178,120,64.5178
120,72.0177,-1.57053,-1.56991,119.998,72.0177,120,64.0177
120,71.5179,-1.57057,-1.57055,119.998,71.5179,120,63.5179
120,71.0178,-1.57061,-1.5698,119.999,71.0178,120,63.0178
120,70.5179,-1.57064,-1.57079,119.999,70.5179,120,62.5179
120,70.0178,-1.57067,-1.56993,119.999,70.0178,120,62.0178
120,69.5176,-1.5707,-1.57075,119.999,69.5176,120,61.5176
120,69.0175,-1.57073,-1.57009,119.999,69.0175,120,61.0175
120,68.4678,-1.57074,-1.57009,120,68.4678,120,60.4678
120,68.0175,-1.57077,-1.57049,120,68.0175,120,60.0175
120,67.5176,-1.57078,-1.57038,120,67.5176,120,59.5176
120,67.0177,-1.5708,-1.57091,120,67.0177,120,59.0177
120,66.5177,-1.57081,-1.57018,120,66.5177,120,58.5177
120,66.0177,-1.57082,-1.57111,120,66.0177,120,58.0177
120,65.5177,-1.57083,-1.57018,120,65.5177,120,57.5177
120,65.0176,-1.57083,-1.57112,120,65.0176,120,57.0176
120,64.5175,-1.57084,-1.57032,120,64.5175,120,56.5175
120,64.0174,-1.57084,-1.57105,120,64.0174,120,56.0174
120,63.5174,-1.57085,-1.57057,120,63.5174,120,55.5174
120,62.9676,-1.57085,-1.57039,120,62.9676,120,54.9676
120,62.5176,-1.57085,-1.57079,120,62.5176,120,54.5176
120,62.0176,-1.57085,-1.57065,120,62.0176,120,54.0176
120,61.5178,-1.57085,-1.57116,120,61.5178,120,53.5178
120,61.0178,-1.57085,-1.57037,120,61.0178,120,53.0178
120,60.5177,-1.57085,-1.57129,120,60.5177,120,52.5177
120,60.0177,-1.57085,-1.57033,120,60.0177,120,52.0177
120,59.5176,-1.57085,-1.57126,120,59.5176,120,51.5176
120,59.0175,-1.57085,-1.57044,120,59.0175,120,51.0175
120,58.5175,-1.57084,-1.57114,120,58.5175,120,50.5175
120,58.0175,-1.57085,-1.57061,120,58.0175,120,50.0175
120,57.5175,-1.57084,-1.5709,120,57.5175,120,49.5175
120,57.0175,-1.57084,-1.5709,120,57.0175,120,49.0175
120,56.4677,-1.57084,-1.57034,120,56.4677,120,48.4677
120,56.0177,-1.57084,-1.57127,120,56.0177,120,48.0177
120,55.5177,-1.57084,-1.57036,120,55.5177,120,47.5177
120,55.0177,-1.57083,-1.57128,120,55.0177,120,47.0177
120,54.5176,-1.57083,-1.57043,120,54.5176,120,46.5176
120,54.0175,-1.57082,-1.5711,120,54.0175,120,46.0175
120,53.5176,-1.57083,-1.57074,120,53.5176,120,45.5176
120,53.0176,-1.57082,-1.57083,120,53.0176,120,45.0176
120,52.5177,-1.57082,-1.57107,120,52.5177,120,44.5177
120,52.0178,-1.57082,-1.5704,120,52.0178,120,44.0178
120,51.5176,-1.57082,-1.57125,120,51.5176,120,43.5176
120,51.0176,-1.57081,-1.57037,120,51.0176,120,43.0176
120,50.5176,-1.57081,-1.57131,120,50.5176,120,42.5176
120,50.0176,-1.57081,-1.57027,120,50.0176,120,42.0176
120,49.5175,-1.57081,-1.57128,120,49.5175,120,41.5175
120,49.0176,-1.57081,-1.57042,120,49.0176,120,41.0176
120,48.5175,-1.5708,-1.57116,120,48.5175,120,40.5175
120,48.0176,-1.57081,-1.57061,120,48.0176,120,40.0176
120,47.5175,-1.5708,-1.57092,120,47.5175,120,39.5175
120,47.0176,-1.5708,-1.57082,120,47.0176,120,39.0176
120,46.5177,-1.5708,-1.57059,120,46.5177,120,38.5177
120,46.0178,-1.5708,-1.57118,120,46.0178,120,38.0178
120,45.5177,-1.5708,-1.57033,120,45.5177,120,37.5177
120,45.0176,-1.5708,-1.5713,120,45.0176,120,37.0176
120,44.5175,-1.5708,-1.57033,120,44.5175,120,36.5175
120,44.0174,-1.5708,-1.57122,120,44.0174,120,36.0174
120,43.5175,-1.5708,-1.57044,120,43.5175,120,35.5175
120,43.0175,-1.57079,-1.57105,120,43.0175,120,35.0175
120,42.4677,-1.5708,-1.5712,120,42.4677,120,34.4677
120,42.0175,-1.57079,-1.57078,120,42.0175,120,34.0175
120,41.5176,-1.5708,-1.57105,120,41.5176,120,33.5176
120,41.0177,-1.5708,-1.57042,120,41.0177,120,33.0177
120,40.5177,-1.5708,-1.5712,120,40.5177,120,32.5177
120,40.0178,-1.5708,-1.57029,120,40.0178,120,32.0178
120,39.5177,-1.57079,-1.57122,120,39.5177,120,31.5177
120,39.0177,-1.5708,-1.57046,120,39.0177,120,31.0177
120,38.468,-1.57079,-1.57047,120,38.468,120,30.468
120,38.0177,-1.5708,-1.57078,120,38.0177,120,30.0177
120,37.5176,-1.57079,-1.57069,120,37.5176,120,29.5176
120,37.0178,-1.5708,-1.57111,120,37.0178,120,29.0178
120,36.5177,-1.57079,-1.57039,120,36.5177,120,28.5177
120,36.0176,-1.5708,-1.57122,120,36.0176,120,28.0176
120,35.5175,-1.5708,-1.57034,120,35.5175,120,27.5175
120,35.0176,-1.57079,-1.57129,120,35.0176,120,27.0176
120,34.5176,-1.5708,-1.57035,120,34.5176,120,26.5176
120,33.9676,-1.57079,-1.57081,120,33.9676,120,25.9676
120,33.5176,-1.5708,-1.57055,120,33.5176,120,25.5176
120,33.0177,-1.57079,-1.57081,120,33.0177,120,25.0177
120,32.5177,-1.5708,-1.57091,120,32.5177,120,24.5177
120,32.018,-1.57079,-1.57042,120,32.018,120,24.018
120,31.5179,-1.5708,-1.57125,120,31.5179,120,23.5179
120,31.0178,-1.5708,-1.57031,120,31.0178,120,23.0178
120,30.5177,-1.57079,-1.57128,120,30.5177,120,22.5177
120,30.0177,-1.5708,-1.57033,120,30.0177,120,22.0177
120,29.5177,-1.57079,-1.5712,120,29.5177,120,21.5177
120,29.0177,-1.5708,-1.57053,120,29.0177,120,21.0177
120,28.5177,-1.57079,-1.57092,120,28.5177,120,20.5177
120,28.0177,-1.5708,-1.57082,120,28.0177,120,20.0177
120,27.5177,-1.57079,-1.57068,120,27.5177,120,19.5177
120,27.0178,-1.5708,-1.57115,120,27.0178,120,19.0178
120,26.5177,-1.57079,-1.57041,120,26.5177,120,18.5177
120,26.0177,-1.5708,-1.5712,120,26.0177,120,18.0177
120,25.5177,-1.5708,-1.57035,120,25.5177,120,17.5177
120,24.9675,-1.57079,-1.57106,120,24.9675,120,16.9675
120,24.5176,-1.5708,-1.57036,120,24.5176,120,16.5176
120,23.9677,-1.57079,-1.57068,120,23.9677,120,15.9677
120,23.5177,-1.5708,-1.57071,120,23.5177,120,15.5177
120,23.0178,-1.57079,-1.57071,120,23.0178,120,15.0178
120,22.5178,-1.5708,-1.57104,120,22.5178,120,14.5178
120,22.0179,-1.5708,-1.5704,120,22.0179,120,14.0179
120,21.5179,-1.5708,-1.57125,120,21.5179,120,13.5179
120,21.018,-1.5708,-1.57038,120,21.018,120,13.018
120,20.5179,-1.57079,-1.57118,120,20.5179,120,12.5179
120,20.0177,-1.5708,-1.57045,120,20.0177,120,12.0177
120,19.5178,1.57079,-1.57095,120,19.5178,120,27.5178
120,18.7174,1.57952,-1.3764,120.07,18.7174,120,26.7171
120,17.377,1.681,-0.716418,120.88,17.377,120,25.3285
120,16.8675,1.84414,-0.125814,122.16,16.8675,120,24.5704
120,17.0137,2.10417,0.15974,124.068,17.0137,120,23.9024
120,17.4158,2.4274,0.23404,126.045,17.4158,120,22.6559
120,17.8976,2.90829,0.300024,127.783,17.8976,120,19.7471
120,18.6083,3.12889,0.510664,129.519,18.6083,120,19.7471
120,20.1778,-3.13999,1.02466,131.083,20.1778,120,19.7471
120,22.1252,-3.12256,1.50677,131.645,22.1252,120,19.7471
120,23.9138,-3.10645,1.93492,131.335,23.9138,120,19.7471
120,25.2786,-3.09384,2.31515,130.453,25.2786,120,19.7471
120,26.2063,-3.08483,2.60349,129.221,26.2063,120,19.7471
120,27.1099,-2.84988,2.61615,127.662,27.1099,120,24.8092
120,27.9284,-2.468,2.6149,126.253,27.9284,120,22.938
120,28.661,-2.24506,2.6138,124.995,28.661,120,22.4116
120,29.3163,-2.07598,2.61282,123.872,29.3163,120,22.3156
120,29.9022,-1.93774,2.61195,122.87,29.9022,120,22.4348
120,30.4847,-1.80706,2.62351,121.873,30.4847,120,22.707
120,30.9692,-1.65936,2.87509,120.708,30.9692,120,23.0006
120,31.0713,-1.4792,-3.04744,119.268,31.0713,120,23.1049
120,30.3363,-1.27049,-2.42407,117.634,30.3363,120,22.6943
120,28.1956,-1.17374,-1.44996,116.906,28.1956,120,20.8179
120,26.3969,-1.42484,-0.164356,118.837,26.3969,120,18.482
120,28.2638,-1.70894,1.39787,121.102,28.2638,120,20.34
120,30.4353,-1.42239,-3.08985,118.817,30.4353,120,22.5232
120,27.5013,-1.23791,-1.14651,117.386,27.5013,120,19.9404
120,28.0143,-1.68871,1.22472,120.941,28.0143,120,20.0699
120,30.3012,-1.38926,-2.98189,118.556,30.3012,120,22.4326
120,26.7991,-1.33834,-0.618507,118.157,26.7991,120,19.0143
120,29.2903,-1.66464,1.90086,120.75,29.2903,120,21.3255
120,28.7473,-1.21205,-1.85075,117.191,28.7473,120,21.2566
120,27.3112,-1.63582,0.776103,120.52,27.3112,120,19.3281
120,30.1331,-1.34423,-2.81312,118.203,30.1331,120,22.3375
120,26.5985,-1.45584,-0.108986,119.082,26.5985,120,18.6513
120,30.2235,-1.52486,2.67084,119.633,30.2235,120,22.2319
120,27.1595,-1.27727,-0.928546,117.685,27.1595,120,19.5016
120,29.2497,-1.65699,1.86662,120.689,29.2497,120,21.2794
120,28.4966,-1.20401,-1.71978,117.131,28.4966,120,21.0287
120,27.7883,-1.65971,1.05342,120.71,27.7883,120,19.8199
120,29.4598,-1.23826,-2.25881,117.388,29.4598,120,21.898
120,26.7202,-1.51438,0.182826,119.549,26.7202,120,18.7329
120,30.3386,-1.46812,2.8886,119.18,30.3386,120,22.3807
120,27.0239,-1.29375,-0.788785,117.812,27.0239,120,19.329
120,29.3348,-1.64585,1.90334,120.6,29.3348,120,21.3573
120,28.8167,-1.1983,-1.86258,117.088,28.8167,120,21.3653
120,27.3365,-1.61464,0.751189,120.351,27.3365,120,19.3442
120,30.3371,-1.37672,-3.02166,118.457,30.3371,120,22.4873
120,26.8471,-1.33253,-0.560903,118.112,26.8471,120,19.0731
120,29.4469,-1.63547,1.95611,120.517,29.4469,120,21.4637
120,29.168,-1.20157,-2.02399,117.113,29.168,120,21.7071
120,27.1903,-1.58623,0.62367,120.123,27.1903,120,19.1913
120,30.3379,-1.50286,2.70171,119.457,30.3379,120,22.3564
120,27.6684,-1.21539,-1.17334,117.216,27.6684,120,20.1684
120,27.6323,-1.62496,0.919272,120.433,27.6323,120,19.644
120,30.4669,-1.41605,3.06718,118.767,30.4669,120,22.5625
120,27.618,-1.21804,-1.11879,117.236,27.618,120,20.1106
120,27.9955,-1.64061,1.12168,120.558,27.9955,120,20.015
120,30.4794,-1.38776,-3.10874,118.544,30.4794,120,22.613
120,27.5554,-1.22318,-1.05434,117.275,27.5554,120,20.0339
120,28.0329,-1.63721,1.12723,120.531,28.0329,120,20.0505
120,30.5247,-1.40121,3.10689,118.65,30.5247,120,22.6395
120,27.5482,-1.22341,-1.02222,117.276,27.5482,120,20.0261
120,27.6505,-1.60708,0.879276,120.29,27.6505,120,19.6558
120,30.5083,-1.46667,2.8142,119.169,30.5083,120,22.5516
120,28.5768,-1.16963,-1.5986,116.876,28.5768,120,21.212
120,27.1415,-1.53265,0.453076,119.695,27.1415,120,19.1473
120,30.1717,-1.55762,2.36321,119.895,30.1717,120,22.1724
120,29.6304,-1.19568,-2.16023,117.069,29.6304,120,22.1866
120,26.9179,-1.37838,-0.219198,118.47,26.9179,120,19.0655
120,29.1624,-1.63403,1.6937,120.506,29.1624,120,21.1784
120,30.5338,-1.32522,-2.88669,118.055,30.5338,120,22.7738
120,27.5322,-1.22847,-0.914279,117.315,27.5322,120,19.9964
120,27.6076,-1.58139,0.779319,120.085,27.6076,120,19.608
120,30.3622,-1.53381,2.46591,119.704,30.3622,120,22.3676
120,29.8845,-1.20235,-2.25605,117.119,29.8845,120,22.4214
120,27.1444,-1.30756,-0.491319,117.918,27.1444,120,19.42
120,28.4488,-1.627,1.26501,120.449,28.4488,120,20.4615
120,30.6779,-1.45468,2.82475,119.073,30.6779,120,22.7318
120,29.4377,-1.16622,-1.95487,116.851,29.4377,120,22.0836
120,27.0703,-1.36384,-0.22464,118.356,27.0703,120,19.241
120,28.7947,-1.62855,1.42935,120.462,28.7947,120,20.808
120,30.7548,-1.43503,2.89822,118.917,30.7548,120,22.8284
120,29.4481,-1.16148,-1.92847,116.816,29.4481,120,22.109
120,27.1329,-1.35853,-0.231631,118.315,27.1329,120,19.3125
120,28.7803,-1.62391,1.39271,120.425,28.7803,120,20.7916
120,30.7815,-1.44639,2.83524,119.007,30.7815,120,22.8433
120,29.7145,-1.1683,-2.04848,116.866,29.7145,120,22.3538
120,27.264,-1.31549,-0.402301,117.98,27.264,120,19.5233
120,28.5041,-1.61176,1.2107,120.328,28.5041,120,20.5108
120,30.8043,-1.45608,2.77728,119.084,30.8043,120,22.8569
120,30.1393,-1.19372,-2.27905,117.054,30.1393,120,22.7013
120,27.5431,-1.25385,-0.675539,117.507,27.5431,120,19.9415
120,28.1025,-1.58278,0.937613,120.096,28.1025,120,20.103
120,30.4988,-1.53576,2.37021,119.72,30.4988,120,22.5038
120,30.6086,-1.24703,-2.59857,117.455,30.6086,120,23.0242
120,28.1192,-1.18303,-1.07384,116.975,28.1192,120,20.7131
120,27.6418,-1.51909,0.548714,119.587,27.6418,120,19.6525
120,30.0173,-1.58739,1.9944,120.133,30.0173,120,22.0184
120,30.9618,-1.33308,-3.00089,118.116,30.9618,120,23.1868
120,29.0652,-1.1403,-1.58772,116.661,29.0652,120,21.7951
120,27.3643,-1.40444,0.0243991,118.675,27.3643,120,19.4748
120,29.196,-1.61208,1.49834,120.33,29.196,120,21.2028
120,31.0381,-1.41375,2.92985,118.749,31.0381,120,23.1366
120,30.1928,-1.17421,-2.19503,116.91,30.1928,120,22.8137
120,27.5725,-1.28269,-0.494003,117.727,27.5725,120,19.9023
120,28.1683,-1.56441,0.865263,119.949,28.1683,120,20.1684
120,30.4683,-1.55363,2.21465,119.863,30.4683,120,22.4695
120,31.0116,-1.2953,-2.85777,117.824,31.0116,120,23.3133
120,28.9971,-1.13774,-1.47944,116.643,28.9971,120,21.7356
120,27.5018,-1.41019,0.0763123,118.721,27.5018,120,19.6048
120,29.2871,-1.60645,1.48357,120.285,29.2871,120,21.2922
120,31.1315,-1.42731,2.85032,118.856,31.1315,120,23.2137
120,30.5523,-1.19199,-2.35117,117.042,30.5523,120,23.1194
120,27.9275,-1.22706,-0.735193,117.304,27.9275,120,20.3955
120,27.9358,-1.51515,0.593408,119.555,27.9358,120,19.9482
120,30.1172,-1.58513,1.91235,120.115,30.1172,120,22.118
120,31.2453,-1.37056,3.08367,118.409,31.2453,120,23.4052
120,30.015,-1.1422,-1.96958,116.675,30.015,120,22.7386
120,27.7623,-1.27615,-0.482302,117.677,27.7623,120,20.107
120,28.4471,-1.56364,0.926607,119.943,28.4471,120,20.4473
120,30.5998,-1.55159,2.17782,119.846,30.5998,120,22.6012
120,31.2713,-1.31878,-2.99018,118.005,31.2713,120,23.524
120,29.6566,-1.12717,-1.73038,116.566,29.6566,120,22.431
120,27.7106,-1.32472,-0.254478,118.051,27.7106,120,19.9516
120,28.7891,-1.57963,1.0985,120.071,28.7891,120,20.7894
120,30.8329,-1.53067,2.30003,119.679,30.8329,120,22.8393
120,31.2988,-1.29658,-2.90369,117.834,31.2988,120,23.5977
120,29.3077,-1.12643,-1.49987,116.561,29.3077,120,22.0847
120,27.7613,-1.34311,-0.16433,118.194,27.7613,120,19.9678
120,29.0181,-1.58407,1.19017,120.106,29.0181,120,21.0188
120,31.0159,-1.51177,2.39306,119.528,31.0159,120,23.0298
120,31.297,-1.2697,-2.79672,117.627,31.297,120,23.6569
120,29.3634,-1.12427,-1.49329,116.545,29.3634,120,22.1478
120,27.8278,-1.37796,-0.00407159,118.467,27.8278,120,19.9761
120,29.3612,-1.5898,1.34411,120.152,29.3612,120,21.3627
120,31.3379,-1.45826,2.65348,119.102,31.3379,120,23.3885
120,31.226,-1.23268,-2.63637,117.346,31.226,120,23.679
120,29.0851,-1.13357,-1.29722,116.613,29.0851,120,21.8377
120,27.9552,-1.4203,0.194158,118.801,27.9552,120,20.0456
120,29.771,-1.5899,1.53177,120.153,29.771,120,21.7725
120,31.451,-1.44118,2.71966,118.966,31.451,120,23.5181
120,31.0423,-1.18848,-2.41976,117.015,31.0423,120,23.6198
120,28.6913,-1.16485,-1.00914,116.841,28.6913,120,21.3414
120,28.222,-1.47681,0.474386,119.249,28.222,120,20.2574
120,30.3081,-1.57831,1.79224,120.06,30.3081,120,22.3083
120,31.6251,-1.38372,2.9626,118.512,31.6251,120,23.7646
120,30.4574,-1.1288,-1.99419,116.578,30.4574,120,23.2261
120,28.3231,-1.22376,-0.659381,117.279,28.3231,120,20.8
120,28.667,-1.5301,0.796991,119.675,28.667,120,20.6736
120,30.8685,-1.54709,2.09036,119.81,30.8685,120,22.8708
120,31.6826,-1.31575,-3.04423,117.982,31.6826,120,23.9414
120,30.1665,-1.11273,-1.79279,116.462,30.1665,120,22.9912
120,28.1313,-1.29807,-0.303057,117.845,28.1313,120,20.427
120,29.1659,-1.56235,1.083,119.932,29.1659,120,21.1662
120,31.247,-1.51229,2.31391,119.532,31.247,120,23.2607
120,31.6685,-1.27124,-2.86372,117.639,31.6685,120,24.0247
120,29.8447,-1.1075,-1.57881,116.425,29.8447,120,22.688
120,28.1681,-1.38043,0.0641116,118.486,28.1681,120,20.3126
120,29.5963,-1.57434,1.29216,120.028,29.5963,120,21.5963
120,31.5384,-1.47365,2.51128,119.224,31.5384,120,23.5761
120,31.5613,-1.22086,-2.64708,117.257,31.5613,120,24.0461
120,29.3986,-1.11981,-1.29071,116.513,29.3986,120,22.1984
120,28.2925,-1.41213,0.215974,118.736,28.2925,120,20.393
120,30.1631,-1.5765,1.56717,120.046,30.1631,120,22.1632
120,31.8063,-1.41744,2.76712,118.778,31.8063,120,23.9001
120,31.2898,-1.16417,-2.36158,116.836,31.2898,120,23.9421
120,28.718,-1.18797,-0.784532,117.012,28.718,120,21.2971
120,28.6235,-1.47795,0.550533,119.258,28.6235,120,20.658
120,30.7788,-1.55862,1.8759,119.903,30.7788,120,22.7794
120,31.962,-1.34858,3.05291,118.237,31.962,120,24.1587
120,30.7814,-1.11398,-1.99527,116.471,30.7814,120,23.6017
120,28.5079,-1.24238,-0.503501,117.42,28.5079,120,20.9355
120,29.1492,-1.53286,0.9094,119.697,29.1492,120,21.1549
120,31.3017,-1.52491,2.16416,119.633,31.3017,120,23.3101
120,31.9947,-1.29233,-3.0007,117.801,31.9947,120,24.3029
120,30.3937,-1.09681,-1.7381,116.348,30.3937,120,23.2757
120,28.4354,-1.29984,-0.238465,117.859,28.4354,120,20.7273
120,29.8473,-1.56408,1.28698,119.946,29.8473,120,21.8475
120,31.6729,-1.48518,2.39512,119.316,31.6729,120,23.7022
120,31.9228,-1.23494,-2.76284,117.363,31.9228,120,24.3698
120,29.9029,-1.09852,-1.43115,116.361,29.9029,120,22.7786
120,28.499,-1.37203,0.0831704,118.42,28.499,120,20.6566
120,30.2156,-1.56651,1.45364,119.966,30.2156,120,22.2157
120,32.0029,-1.42813,2.67071,118.863,32.0029,120,24.0842
120,31.6885,-1.17174,-2.46822,116.892,31.6885,120,24.317
120,29.3703,-1.12975,-1.07378,116.585,29.3703,120,22.1359
120,28.769,-1.44492,0.433049,118.996,28.769,120,20.8323
120,30.8647,-1.55548,1.77597,119.877,30.8647,120,22.8656
120,32.2097,-1.35785,2.96859,118.309,32.2097,120,24.3904
120,31.2217,-1.11329,-2.10343,116.466,31.2217,120,24.0445
120,28.7448,-1.23787,-0.473615,117.386,28.7448,120,21.1841
120,29.2582,-1.50819,0.806389,119.499,29.2582,120,21.2739
120,31.4296,-1.52581,2.07709,119.64,31.4296,120,23.4377
120,32.2759,-1.29964,-3.07762,117.857,32.2759,120,24.5682
120,30.8433,-1.0888,-1.84406,116.292,30.8433,120,23.7547
120,28.7458,-1.25819,-0.3702,117.54,28.7458,120,21.1335
120,29.6142,-1.53095,1.00176,119.681,29.6142,120,21.6206
120,31.7049,-1.50421,2.22016,119.468,31.7049,120,23.7226
120,32.312,-1.27351,-2.97699,117.657,32.312,120,24.6629
120,30.4766,-1.08095,-1.6036,116.236,30.4766,120,23.4174
120,28.771,-1.27879,-0.268905,117.697,28.771,120,21.1096
120,29.8512,-1.53809,1.10333,119.738,29.8512,120,21.8555
120,31.9081,-1.48492,2.32198,119.314,31.9081,120,23.9376
120,32.3218,-1.24472,-2.86656,117.437,32.3218,120,24.7434
120,30.5203,-1.07817,-1.59133,116.216,30.5203,120,23.4716
120,28.8048,-1.3152,-0.101725,117.977,28.8048,120,21.0647
120,30.1966,-1.54683,1.26341,119.808,30.1966,120,22.1989
120,32.1534,-1.45446,2.47576,119.071,32.1534,120,24.2075
120,32.2684,-1.20561,-2.70564,117.143,32.2684,120,24.7959
120,30.2327,-1.08237,-1.39476,116.246,30.2327,120,23.1681
120,28.8972,-1.35926,0.101083,118.32,28.8972,120,21.0755
120,30.6091,-1.55008,1.45514,119.834,30.6091,120,22.6108
120,32.3838,-1.41451,2.65764,118.755,32.3838,120,24.4813
120,32.1122,-1.15912,-2.49424,116.799,32.1122,120,24.7805
120,29.8223,-1.10686,-1.1113,116.42,29.8223,120,22.6679
120,29.1218,-1.41876,0.385323,118.788,29.1218,120,21.2141
120,31.1552,-1.54244,1.71918,119.773,31.1552,120,23.1584
120,32.5843,-1.35665,2.90374,118.3,32.5843,120,24.767
120,31.7838,-1.10864,-2.20907,116.433,31.7838,120,24.6231
120,29.4132,-1.15948,-0.766343,116.801,29.4132,120,22.0804
120,29.4666,-1.46929,0.665981,119.189,29.4666,120,21.5078
120,31.5968,-1.52464,1.93799,119.631,31.5968,120,23.6053
120,32.6746,-1.29048,-3.1098,117.787,32.6746,120,24.9869
120,31.5488,-1.084,-2.02264,116.258,31.5488,120,24.4781
120,29.2699,-1.19988,-0.555506,117.1,29.2699,120,21.814
120,29.803,-1.49726,0.864836,119.412,29.803,120,21.8246
120,32.1328,-1.48339,2.2443,119.302,32.1328,120,24.1634
120,32.7237,-1.27022,-3.0368,117.631,32.7237,120,25.0824
120,30.9919,-1.062,-1.67184,116.103,30.9919,120,24.0052
120,29.1927,-1.24416,-0.343275,117.433,29.1927,120,21.6157
120,30.1079,-1.51385,1.02288,119.545,30.1079,120,22.1209
120,32.1853,-1.48242,2.23612,119.294,32.1853,120,24.2165
120,32.7654,-1.25073,-2.96561,117.483,32.7654,120,25.1717
120,31.1764,-1.06016,-1.73576,116.09,31.1764,120,24.1969
120,29.2296,-1.25949,-0.265199,117.55,29.2296,120,21.6141
120,30.3111,-1.51875,1.10383,119.584,30.3111,120,22.3219
120,32.3632,-1.46592,2.31963,119.163,32.3632,120,24.4072
120,32.7829,-1.22553,-2.87143,117.292,32.7829,120,25.255
120,30.734,-1.06055,-1.45532,116.093,30.734,120,23.753
120,29.2648,-1.29315,-0.110845,117.807,29.2648,120,21.5712
120,30.6361,-1.52696,1.25252,119.649,30.6361,120,22.6438
120,32.5986,-1.43748,2.46329,118.937,32.5986,120,24.6696
120,32.7388,-1.18813,-2.7195,117.013,32.7388,120,25.3174
120,30.7186,-1.05977,-1.40986,116.087,30.7186,120,23.7407
120,29.3518,-1.33598,0.0848785,118.139,29.3518,120,21.5714
120,31.0367,-1.53076,1.43796,119.68,31.0367,120,23.0431
120,32.8286,-1.39904,2.63959,118.633,32.8286,120,24.9463
120,32.4362,-1.11887,-2.38772,116.506,32.4362,120,25.2394
120,30.3125,-1.08313,-1.13081,116.251,30.3125,120,23.2451
120,29.6893,-1.42372,0.505771,118.828,29.6893,120,21.7757
120,31.5774,-1.52449,1.69852,119.63,31.5774,120,23.586
120,33.0362,-1.34224,2.8826,118.187,33.0362,120,25.2443
120,32.2762,-1.09065,-2.23064,116.305,32.2762,120,25.1808
120,29.8989,-1.13479,-0.788287,116.621,29.8989,120,22.6473
120,29.8994,-1.44662,0.643701,119.009,29.8994,120,21.9611
120,32.0186,-1.50804,1.91541,119.498,32.0186,120,24.0343
120,33.1395,-1.30194,3.04478,117.875,33.1395,120,25.4269
120,32.0476,-1.06522,-2.04572,116.125,32.0476,120,25.0485
120,29.7502,-1.17489,-0.578794,116.915,29.7502,120,22.369
120,30.229,-1.47544,0.841362,119.238,30.229,120,22.2654
120,32.5604,-1.46845,2.22064,119.183,32.5604,120,24.6022
120,33.1906,-1.25655,-3.06058,117.527,33.1906,120,25.5824
120,31.496,-1.04114,-1.69577,115.958,31.496,120,24.5921
120,29.6657,-1.21917,-0.367306,117.245,29.6657,120,22.1551
120,30.5296,-1.49288,0.998743,119.377,30.5296,120,22.5539
120,32.6122,-1.46773,2.21189,119.177,32.6122,120,24.6547
120,33.236,-1.23724,-2.98991,117.381,33.236,120,25.6769
120,31.6815,-1.03993,-1.76013,115.95,31.6815,120,24.7825
120,29.7057,-1.2296,-0.310887,117.323,29.7057,120,22.1668
120,30.6255,-1.49282,1.01841,119.377,30.6255,120,22.6498
120,32.6598,-1.46782,2.19893,119.178,32.6598,120,24.7022
120,33.3193,-1.24537,-3.03187,117.442,33.3193,120,25.7392
120,31.6273,-1.03619,-1.69115,115.924,31.6273,120,24.7436
120,29.8127,-1.21131,-0.380192,117.186,29.8127,120,22.3241
120,30.619,-1.48471,0.968479,119.312,30.619,120,22.6487
120,32.6826,-1.46988,2.1662,119.194,32.6826,120,24.7233
120,33.3936,-1.2481,-3.05333,117.463,33.3936,120,25.8065
120,32.0316,-1.04031,-1.87732,115.952,32.0316,120,25.1311
120,29.9168,-1.19524,-0.437567,117.066,29.9168,120,22.4744
120,30.6285,-1.47689,0.929142,119.25,30.6285,120,22.6638
120,32.7165,-1.4699,2.14288,119.194,32.7165,120,24.7572
120,33.4623,-1.24712,-3.06242,117.456,33.4623,120,25.8777
120,32.0918,-1.03691,-1.87378,115.929,32.0918,120,25.2051
120,29.9753,-1.19575,-0.422807,117.07,29.9753,120,22.5314
120,30.7355,-1.47708,0.953866,119.251,30.7355,120,22.7706
120,32.8335,-1.46224,2.17645,119.133,32.8335,120,24.8806
120,33.5154,-1.23304,-3.01698,117.349,33.5154,120,25.9674
120,31.9889,-1.02946,-1.77976,115.878,31.9889,120,25.1327
120,29.9801,-1.22131,-0.302655,117.261,29.9801,120,22.4638
120,30.9937,-1.48765,1.07219,119.336,30.9937,120,23.0214
120,33.0623,-1.44203,2.29314,118.973,33.0623,120,25.1285
120,33.5278,-1.20097,-2.89333,117.108,33.5278,120,26.0687
120,31.4991,-1.02791,-1.47277,115.867,31.4991,120,24.6494
120,30.0012,-1.26095,-0.125059,117.561,30.0012,120,22.3822
120,31.3513,-1.49853,1.24152,119.422,31.3513,120,23.3722
120,33.3233,-1.411,2.45514,118.727,33.3233,120,25.4252
120,33.4767,-1.15947,-2.72512,116.801,33.4767,120,26.144
120,31.4584,-1.02777,-1.41323,115.866,31.4584,120,24.6092
120,30.0859,-1.30725,0.0835033,117.916,30.0859,120,22.3622
120,31.7716,-1.50311,1.43835,119.459,31.7716,120,23.7899
120,33.5637,-1.37055,2.64156,118.409,33.5637,120,25.7236
120,33.3229,-1.11085,-2.50969,116.449,33.3229,120,26.1543
120,31.039,-1.05232,-1.1262,116.036,31.039,120,24.0904
120,30.304,-1.36857,0.370922,118.393,30.304,120,22.467
120,32.3232,-1.49656,1.70522,119.407,32.3232,120,24.3453
120,33.7724,-1.31206,2.89017,117.953,33.7724,120,26.0387
120,32.9971,-1.05809,-2.2223,116.076,32.9971,120,26.0257
120,30.4612,-1.13657,-0.62823,116.634,30.4612,120,23.2036
120,30.6447,-1.42042,0.653335,118.802,30.6447,120,22.735
120,32.7692,-1.47938,1.92559,119.27,32.7692,120,24.8026
120,33.8735,-1.2706,3.05544,117.634,33.8735,120,26.2312
120,32.7624,-1.03217,-2.03463,115.896,32.7624,120,25.895
120,30.4736,-1.14722,-0.567332,116.712,30.4736,120,23.1806
120,30.9795,-1.44923,0.85316,119.03,30.9795,120,23.0385
120,33.1394,-1.45549,2.11466,119.08,33.1394,120,25.1925
120,33.9204,-1.22427,-3.04822,117.283,33.9204,120,26.396
120,32.4572,-1.01268,-1.82191,115.763,32.4572,120,25.6712
120,30.3375,-1.22657,-0.210462,117.3,30.3375,120,22.8068
120,31.2836,-1.4664,1.01174,119.166,31.2836,120,23.3272
120,33.3636,-1.43774,2.22505,118.939,33.3636,120,25.4343
120,33.9636,-1.20444,-2.97661,117.134,33.9636,120,26.4945
120,32.39,-1.00689,-1.7467,115.724,32.39,120,25.6286
120,30.4274,-1.20817,-0.276089,117.162,30.4274,120,22.9477
120,31.4868,-1.47164,1.09299,119.208,31.4868,120,23.5261
120,33.5433,-1.42137,2.30882,118.809,33.5433,120,25.6325
120,33.9831,-1.17877,-2.8822,116.944,33.9831,120,26.59
120,32.2059,-1.00256,-1.60919,115.695,32.2059,120,25.4631
120,30.4598,-1.2425,-0.121551,117.421,30.4598,120,22.8871
120,32.0397,-1.48619,1.36949,119.324,32.0397,120,24.0684
120,33.7813,-1.39305,2.45263,118.585,33.7813,120,25.9073
120,33.942,-1.14055,-2.73014,116.663,33.942,120,26.6711
120,31.9317,-1.00576,-1.42048,115.716,31.9317,120,25.1752
120,30.5432,-1.2861,0.074274,117.753,30.5432,120,22.8653
120,32.2117,-1.48468,1.42737,119.312,32.2117,120,24.2414
120,34.0146,-1.35461,2.62901,118.284,34.0146,120,26.2008
120,33.8001,-1.09316,-2.52363,116.323,33.8001,120,26.6954
120,31.5238,-1.02924,-1.14137,115.876,31.5238,120,24.6686
120,30.752,-1.34653,0.354657,118.221,30.752,120,22.9524
120,32.753,-1.47912,1.68798,119.268,32.753,120,24.7866
120,34.2269,-1.2975,2.87207,117.841,34.2269,120,26.5239
120,33.4868,-1.03999,-2.24116,115.95,33.4868,120,26.5876
120,31.1017,-1.0826,-0.794931,116.248,31.1017,120,24.0363
120,31.1402,-1.4059,0.677287,118.687,31.1402,120,23.2487
120,33.3311,-1.45441,1.98472,119.071,33.3311,120,25.3853
120,34.3303,-1.22867,-3.13736,117.316,34.3303,120,26.7939
120,32.9422,-0.997245,-1.87482,115.659,32.9422,120,26.2223
120,30.7964,-1.17128,-0.375239,116.888,30.7964,120,23.4264
120,31.9104,-1.46417,1.15016,119.149,31.9104,120,23.9558
120,33.8048,-1.41685,2.25826,118.773,33.8048,120,25.8994
120,34.3266,-1.17216,-2.91247,116.895,34.3266,120,26.9539
120,32.5527,-0.987468,-1.62144,115.594,32.5527,120,25.8756
120,30.7833,-1.22431,-0.143222,117.283,30.7833,120,23.2587
120,32.0509,-1.46575,1.19518,119.161,32.0509,120,24.095
120,34.03,-1.3942,2.38378,118.595,34.03,120,26.1544
120,34.3484,-1.15094,-2.83144,116.739,34.3484,120,27.0432
120,32.5479,-0.984804,-1.57991,115.576,32.5479,120,25.8825
120,30.8508,-1.22882,-0.111347,117.317,30.8508,120,23.314
120,32.1908,-1.46494,1.2351,119.155,32.1908,120,24.2355
120,34.1508,-1.38209,2.43085,118.499,34.1508,120,26.2929
120,34.264,-1.10591,-2.64885,116.413,34.264,120,27.113
120,32.4107,-0.985419,-1.46749,115.58,32.4107,120,25.7427
120,30.9249,-1.25686,0.0167222,117.53,30.9249,120,23.3159
120,32.4835,-1.46817,1.36045,119.18,32.4835,120,24.5256
120,34.3441,-1.35528,2.55379,118.289,34.3441,120,26.5292
120,34.3088,-1.09823,-2.62748,116.359,34.3088,120,27.1856
120,32.1682,-0.994736,-1.29145,115.642,32.1682,120,25.4592
120,31.0499,-1.29618,0.197171,117.831,31.0499,120,23.3496
120,32.8641,-1.46774,1.53232,119.177,32.8641,120,24.9066
120,34.5413,-1.31731,2.71803,117.994,34.5413,120,26.797
120,33.9631,-1.03136,-2.29517,115.891,33.9631,120,27.0991
120,31.7917,-1.02704,-1.01442,115.861,31.7917,120,24.9455
120,31.3083,-1.35202,0.467577,118.264,31.3083,120,23.499
120,33.3856,-1.45672,1.78408,119.089,33.3856,120,25.4376
120,34.7145,-1.2602,2.95323,117.555,34.7145,120,27.0973
120,33.7907,-1.00554,-2.13963,115.715,33.7907,120,27.0351
120,31.435,-1.08647,-0.679169,116.275,31.435,120,24.3551
120,31.6704,-1.39849,0.735248,118.628,31.6704,120,23.7889
120,33.8012,-1.43755,1.99135,118.937,33.8012,120,25.8722
120,34.7848,-1.1953,-3.07188,117.066,34.7848,120,27.3422
120,33.6217,-0.98647,-1.99594,115.587,33.6217,120,26.9491
120,31.3745,-1.11391,-0.539945,116.471,31.3745,120,24.1951
120,31.9277,-1.41566,0.870505,118.764,31.9277,120,24.0238
120,34.075,-1.41854,2.12309,118.787,34.075,120,26.1675
120,34.8439,-1.18614,-3.04771,116.998,34.8439,120,27.4285
120,33.3931,-0.970539,-1.82844,115.481,33.3931,120,26.7915
120,31.3163,-1.15486,-0.350258,116.768,31.3163,120,23.9984
120,32.2755,-1.43401,1.05058,118.909,32.2755,120,24.3502
120,34.5248,-1.36937,2.41109,118.399,34.5248,120,26.6865
120,34.8313,-1.13964,-2.87136,116.657,34.8313,120,27.5634
120,32.9992,-0.963018,-1.5761,115.432,32.9992,120,26.4319
120,31.3128,-1.22012,-0.0687066,117.252,31.3128,120,23.7996
120,32.7935,-1.45047,1.31223,119.04,32.7935,120,24.8514
120,34.7245,-1.34193,2.5386,118.185,34.7245,120,26.9331
120,34.6864,-1.07721,-2.61332,116.21,34.6864,120,27.6413
120,32.2461,-0.998658,-1.09975,115.669,32.2461,120,25.5201
120,31.4772,-1.29442,0.260532,117.817,31.4772,120,23.7808
120,33.4122,-1.45055,1.61623,119.04,33.4122,120,25.47
120,34.9925,-1.27742,2.8202,117.687,34.9925,120,27.3344
120,34.3241,-1.00945,-2.27539,115.741,34.3241,120,27.5518
120,31.9108,-1.04432,-0.813349,115.98,31.9108,120,24.9941
120,31.925,-1.37458,0.674166,118.44,31.925,120,24.0785
120,34.1373,-1.42255,1.99519,118.818,34.1373,120,26.2251
120,35.1153,-1.19044,-3.11484,117.03,35.1153,120,27.6871
120,33.6699,-0.958329,-1.84158,115.401,33.6699,120,27.124
120,31.5594,-1.14985,-0.32561,116.731,31.5594,120,24.2578
120,32.6054,-1.42825,1.09387,118.864,32.6054,120,24.6866
120,34.7173,-1.36912,2.35446,118.397,34.7173,120,26.8795
120,35.0302,-1.10735,-2.78408,116.424,35.0302,120,27.8741
120,33,-0.95605,-1.43514,115.386,33,120,26.4647
120,31.5937,-1.24891,0.0944958,117.469,31.5937,120,24.0046
120,33.3541,-1.44484,1.47857,118.995,33.3541,120,25.4175
120,35.1878,-1.26928,2.8228,117.624,35.1878,120,27.5487
120,34.6846,-1.02149,-2.39505,115.823,34.6846,120,27.8614
120,32.2823,-1.01036,-0.951889,115.748,32.2823,120,25.5061
120,31.9856,-1.3469,0.560536,118.224,31.9856,120,24.1853
120,34.1796,-1.42428,1.90406,118.832,34.1796,120,26.2654
120,35.3144,-1.20013,3.09721,117.102,35.3144,120,27.8577
120,34.0299,-0.9555,-1.93665,115.382,34.0299,120,27.4971
120,31.807,-1.11603,-0.432166,116.486,31.807,120,24.6201
120,32.6286,-1.41042,0.992032,118.722,32.6286,120,24.7313
120,34.7834,-1.37808,2.25682,118.468,34.7834,120,26.9315
120,35.2933,-1.12462,-2.89073,116.548,35.2933,120,28.0764
120,33.4518,-0.94107,-1.57911,115.289,33.4518,120,26.9863
120,31.7592,-1.20436,-0.0571819,117.134,31.7592,120,24.2904
120,33.2869,-1.43409,1.33666,118.91,33.2869,120,25.3616
120,35.2087,-1.3165,2.57449,117.987,35.2087,120,27.466
120,34.941,-1.02136,-2.44308,115.822,34.941,120,28.1185
120,32.8461,-0.964332,-1.19612,115.44,32.8461,120,26.2728
120,31.9649,-1.28986,0.323667,117.782,31.9649,120,24.2785
120,33.9885,-1.43019,1.6865,118.879,33.9885,120,26.0675
120,35.4731,-1.24031,2.89679,117.404,35.4731,120,27.9061
120,34.6478,-0.974672,-2.19317,115.508,34.6478,120,28.0277
120,32.2549,-1.04035,-0.726139,115.953,32.2549,120,25.3543
120,32.4901,-1.37065,0.76581,118.409,32.4901,120,24.6498
120,34.7354,-1.39224,2.09077,118.579,34.7354,120,26.8626
120,35.4818,-1.11496,-2.89318,116.478,35.4818,120,28.2987
120,33.8472,-0.930018,-1.69378,115.217,33.8472,120,27.4342
120,31.9537,-1.17375,-0.14498,116.906,31.9537,120,24.576
120,33.402,-1.42312,1.29354,118.823,33.402,120,25.4891
120,35.3947,-1.30754,2.57104,117.918,35.3947,120,27.6703
120,35.212,-1.02533,-2.51422,115.849,35.212,120,28.3729
120,32.835,-0.971434,-1.07212,115.487,32.835,120,26.2294
120,32.242,-1.30654,0.439351,117.91,32.242,120,24.5197
120,34.3467,-1.4178,1.78203,118.781,34.3467,120,26.4402
120,35.6847,-1.21348,2.97443,117.202,35.6847,120,28.19
120,34.6848,-0.952342,-2.09778,115.362,34.6848,120,28.1665
120,32.3336,-1.05462,-0.618988,116.052,32.3336,120,25.3759
120,32.7355,-1.37059,0.811713,118.409,32.7355,120,24.8953
120,34.9099,-1.38708,2.08228,118.538,34.9099,120,27.0445
120,35.7479,-1.15236,-3.07255,116.749,35.7479,120,28.438
120,34.3062,-0.925655,-1.83909,115.19,34.3062,120,27.9141
120,32.2135,-1.11084,-0.365332,116.449,32.2135,120,25.0449
120,33.0928,-1.3933,1.00654,118.587,33.0928,120,25.2185
120,35.1838,-1.36481,2.22486,118.364,35.1838,120,27.3529
120,35.7269,-1.09752,-2.86265,116.354,35.7269,120,28.6062
120,34.1939,-0.918377,-1.73849,115.143,34.1939,120,27.837
120,32.2404,-1.13255,-0.264373,116.605,32.2404,120,24.9964
120,33.3302,-1.40027,1.10782,118.642,33.3302,120,25.4462
120,35.3859,-1.34495,2.32642,118.209,35.3859,120,27.5891
120,35.7915,-1.09414,-2.86215,116.33,35.7915,120,28.6832
120,33.9842,-0.914135,-1.58696,115.116,33.9842,120,27.6479
120,32.2759,-1.17084,-0.0973795,116.885,32.2759,120,24.9073
120,33.6759,-1.40887,1.26773,118.71,33.6759,120,25.7806
120,35.63,-1.31356,2.48005,117.965,35.63,120,27.8932
120,35.7367,-1.05231,-2.70136,116.036,35.7367,120,28.7881
120,33.6969,-0.919005,-1.3905,115.147,33.6969,120,27.3369
120,32.4337,-1.25013,0.248077,117.478,32.4337,120,24.8415
120,34.0886,-1.41189,1.45937,118.734,34.0886,120,26.1894
120,35.8589,-1.27226,2.66185,117.647,35.8589,120,28.2128
120,35.579,-1.00214,-2.49003,115.692,35.579,120,28.838
120,33.2874,-0.946376,-1.1071,115.323,33.2874,120,26.797
120,32.5968,-1.27843,0.38951,117.694,32.5968,120,24.9362
120,34.6344,-1.40384,1.72336,118.671,34.6344,120,26.7457
120,36.0574,-1.21205,2.90791,117.191,36.0574,120,28.5667
120,35.2492,-0.947079,-2.20491,115.328,35.2492,120,28.7555
120,32.8799,-1.0042,-0.762183,115.706,32.8799,120,26.1301
120,32.9433,-1.33018,0.670136,118.094,32.9433,120,25.1738
120,35.0754,-1.38553,1.94214,118.526,35.0754,120,27.2123
120,36.1527,-1.16921,3.07177,116.873,36.1527,120,28.7891
120,35.0135,-0.919963,-2.01849,115.153,35.0135,120,28.6488
120,32.738,-1.04796,-0.551365,116.005,32.738,120,25.8068
120,33.2807,-1.3586,0.868974,118.315,33.2807,120,25.4601
120,35.6101,-1.3432,2.24843,118.195,35.6101,120,27.8164
120,36.1924,-1.12002,-3.02865,116.515,36.1924,120,28.9916
120,34.6242,-0.898645,-1.76085,115.019,34.6242,120,28.3643
120,32.6031,-1.15348,-0.109099,116.758,32.6031,120,25.2897
120,33.785,-1.38659,1.14238,118.535,33.785,120,25.9203
120,35.8503,-1.31745,2.38475,117.995,35.8503,120,28.1057
120,36.1174,-1.05305,-2.76997,116.041,36.1174,120,29.1659
120,34.1002,-0.899715,-1.4354,115.025,34.1002,120,27.835
120,32.689,-1.19759,0.0814802,117.083,32.689,120,25.2397
120,34.4068,-1.39883,1.45422,118.631,34.4068,120,26.5248
120,36.1943,-1.25607,2.67331,117.524,36.1943,120,28.5872
120,35.8725,-0.981166,-2.46383,115.552,35.8725,120,29.2233
120,33.5509,-0.936151,-1.06781,115.257,33.5509,120,27.1087
120,32.9511,-1.2728,0.426209,117.651,32.9511,120,25.3037
120,35.2351,-1.38033,1.88062,118.486,35.2351,120,27.3798
120,36.3922,-1.19115,2.93715,117.035,36.3922,120,28.9619
120,35.4799,-0.92267,-2.14514,115.17,35.4799,120,29.1022
120,33.1028,-1.01018,-0.666904,115.746,33.1028,120,26.3274
120,33.4401,-1.33791,0.796957,118.154,33.4401,120,25.656
120,35.6524,-1.35438,2.09697,118.282,35.6524,120,27.839
120,36.4506,-1.10809,-3.0277,116.429,36.4506,120,29.2918
120,34.5587,-0.883997,-1.58391,114.927,34.5587,120,28.3724
120,32.8735,-1.12045,-0.198075,116.518,32.8735,120,25.6711
120,34.1888,-1.38236,1.22493,118.501,34.1888,120,26.3304
120,36.2247,-1.28677,2.48866,117.758,36.2247,120,28.5452
120,36.2499,-1.00795,-2.63009,115.731,36.2499,120,29.484
120,34.014,-0.903924,-1.23854,115.052,34.014,120,27.728
120,33.0227,-1.23034,0.265737,117.329,33.0227,120,25.4819
120,34.9397,-1.3884,1.60639,118.549,34.9397,120,27.0724
120,36.5306,-1.21759,2.79699,117.233,36.5306,120,29.0245
120,35.968,-0.944928,-2.34003,115.314,35.968,120,29.4843
120,33.6046,-0.947385,-0.927274,115.33,33.6046,120,27.1095
120,33.2874,-1.28096,0.516473,117.714,33.2874,120,25.6211
120,35.3472,-1.3773,1.79863,118.462,35.3472,120,27.4965
120,36.6523,-1.18123,2.93727,116.962,36.6523,120,29.2517
120,35.8013,-0.915897,-2.18267,115.127,35.8013,120,29.4565
120,33.4384,-0.982669,-0.737874,115.562,33.4384,120,26.7826
120,33.7431,-1.33292,0.830565,118.115,33.7431,120,25.9684
120,35.7081,-1.35988,1.96993,118.325,35.7081,120,27.8854
120,36.739,-1.13728,3.10102,116.639,36.739,120,29.4791
120,35.5475,-0.888075,-1.98795,114.953,35.5475,120,29.3407
120,33.3066,-1.02607,-0.53241,115.855,33.3066,120,26.4644
120,33.8309,-1.33299,0.848322,118.115,33.8309,120,26.0561
120,35.9396,-1.34581,2.07451,118.215,35.9396,120,28.1413
120,36.8016,-1.11907,-3.11973,116.508,36.8016,120,29.6041
120,35.5009,-0.879229,-1.92127,114.898,35.5009,120,29.3389
120,33.3242,-1.0405,-0.461572,115.954,33.3242,120,26.423
120,34.0128,-1.34047,0.922847,118.174,34.0128,120,26.224
120,36.2884,-1.31509,2.26742,117.977,36.2884,120,28.5486
120,36.8512,-1.09547,-3.03902,116.339,36.8512,120,29.7381
120,35.4209,-0.869686,-1.83798,114.839,35.4209,120,29.3079
120,33.3467,-1.05387,-0.393003,116.046,33.3467,120,26.392
120,34.1224,-1.3416,0.953305,118.182,34.1224,120,26.3316
120,36.1859,-1.33076,2.14892,118.098,36.1859,120,28.4152
120,36.8949,-1.07484,-2.96904,116.193,36.8949,120,29.8588
120,35.5973,-0.870627,-1.89811,114.845,35.5973,120,29.4795
120,33.3789,-1.07012,-0.315881,116.16,33.3789,120,26.3608
120,34.1209,-1.33243,0.905574,118.111,34.1209,120,26.3471
120,36.2087,-1.33177,2.11815,118.106,36.2087,120,28.4361
120,36.9978,-1.10229,-3.08818,116.388,36.9978,120,29.8599
120,35.6684,-0.867498,-1.90045,114.826,35.6684,120,29.5667
120,33.5223,-1.03395,-0.45029,115.909,33.5223,120,26.6477
120,34.2212,-1.33232,0.925662,118.11,34.2212,120,26.4476
120,36.3211,-1.32483,2.14761,118.052,36.3211,120,28.5619
120,37.0179,-1.06228,-2.94479,116.105,37.0179,120,30.0302
120,35.6553,-0.860629,-1.85529,114.784,35.6553,120,29.5893
120,33.5571,-1.0435,-0.398567,115.974,33.5571,120,26.6438
120,34.3787,-1.33638,0.983212,118.142,34.3787,120,26.5975
120,36.4788,-1.31247,2.21033,117.956,36.4788,120,28.7443
120,37.0981,-1.06764,-2.97907,116.142,37.0981,120,30.0896
120,35.5099,-0.851556,-1.73827,114.729,35.5099,120,29.4915
120,33.5591,-1.07593,-0.257997,116.201,33.5591,120,26.5189
120,34.6696,-1.34775,1.11966,118.23,34.6696,120,26.8678
120,36.8548,-1.26648,2.45767,117.603,36.8548,120,29.2224
120,37.0921,-1.02928,-2.84113,115.877,37.0921,120,30.2367
120,35.2551,-0.847324,-1.5621,114.704,35.2551,120,29.259
120,33.5935,-1.12067,-0.0691226,116.519,33.5935,120,26.3904
120,35.0487,-1.35709,1.29901,118.303,35.0487,120,27.2306
120,36.979,-1.25212,2.51402,117.493,36.979,120,29.3818
120,37.0003,-0.978644,-2.648,115.535,37.0003,120,30.3624
120,34.846,-0.861095,-1.29487,114.787,34.846,120,28.7776
120,33.8185,-1.21866,0.351102,117.241,33.8185,120,26.3094
120,35.5847,-1.3593,1.55755,118.321,35.5847,120,27.763
120,37.2375,-1.19635,2.75524,117.074,37.2375,120,29.7918
120,36.7474,-0.916283,-2.37549,115.13,36.7474,120,30.4007
120,34.381,-0.906709,-0.957145,115.069,34.381,120,28.0811
120,34.0456,-1.25409,0.533238,117.508,34.0456,120,26.4434
120,36.1858,-1.34265,1.85719,118.191,36.1858,120,28.3931
120,37.3993,-1.12499,3.03295,116.551,37.3993,120,30.1812
120,36.2567,-0.857152,-2.01635,114.763,36.2567,120,30.2089
120,33.957,-1.00082,-0.512843,115.683,33.957,120,27.2217
120,34.6411,-1.31817,0.939805,118,34.6411,120,26.895
120,36.9939,-1.27526,2.35064,117.67,36.9939,120,29.3407
120,37.3823,-1.03042,-2.89525,115.884,37.3823,120,30.5222
120,35.5116,-0.833698,-1.5637,114.623,35.5116,120,29.5882
120,33.8523,-1.12154,-0.0240824,116.526,33.8523,120,26.6462
120,35.4664,-1.35039,1.38548,118.251,35.4664,120,27.66
120,37.4312,-1.18812,2.75447,117.013,37.4312,120,30.0099
120,37.0613,-0.925856,-2.47084,115.191,37.0613,120,30.6683
120,34.702,-0.880928,-1.04902,114.909,34.702,120,28.5314
120,34.1716,-1.23339,0.468396,117.352,34.1716,120,26.6227
120,36.3125,-1.33797,1.81913,118.154,36.3125,120,28.5284
120,37.5898,-1.12007,3.01868,116.515,37.5898,120,30.3888
120,36.4992,-0.849719,-2.04717,114.718,36.4992,120,30.4905
120,34.183,-0.978741,-0.562735,115.535,34.183,120,27.5446
120,34.7244,-1.30136,0.872977,117.871,34.7244,120,27.013
120,36.9079,-1.30016,2.14799,117.861,36.9079,120,29.1991
120,37.5688,-1.01849,-2.88446,115.803,37.5688,120,30.7582
120,35.9882,-0.822327,-1.7203,114.556,35.9882,120,30.1263
120,34.0539,-1.06561,-0.206478,116.128,34.0539,120,27.0533
120,35.3245,-1.33319,1.20097,118.117,35.3245,120,27.5493
120,37.3647,-1.24565,2.45089,117.444,37.3647,120,29.7839
120,37.4957,-0.967927,-2.69713,115.464,37.4957,120,30.906
120,35.3974,-0.829983,-1.35661,114.601,35.3974,120,29.4941
120,34.1545,-1.15582,0.165546,116.775,34.1545,120,26.8335
120,36.0065,-1.34041,1.54297,118.173,36.0065,120,28.2179
120,37.6922,-1.17328,2.76623,116.903,37.6922,120,30.316
120,37.1468,-0.885302,-2.34178,114.936,37.1468,120,30.9539
120,34.75,-0.892711,-0.903268,114.982,34.75,120,28.5198
120,34.5174,-1.24054,0.563355,117.406,34.5174,120,26.9498
120,36.6449,-1.32343,1.86582,118.041,36.6449,120,28.8884
120,37.8488,-1.07911,3.1308,116.223,37.8488,120,30.7965
120,36.815,-0.839293,-2.08142,114.656,36.815,120,30.8617
120,34.5019,-0.948516,-0.630785,115.337,34.5019,120,28.0015
120,34.8382,-1.27506,0.774904,117.668,34.8382,120,27.1855
120,36.9697,-1.30526,2.02326,117.901,36.9697,120,29.2501
120,37.915,-1.07616,3.13189,116.202,37.915,120,30.8739
120,36.707,-0.823423,-1.97703,114.562,36.707,120,30.8392
120,34.4796,-0.970283,-0.526469,115.479,34.4796,120,27.8792
120,35.2596,-1.30373,1.01076,117.889,35.2596,120,27.5433
120,37.1983,-1.28836,2.12746,117.77,37.1983,120,29.5153
120,37.9612,-1.04498,-3.04714,115.985,37.9612,120,31.0419
120,36.5153,-0.807398,-1.83125,114.469,36.5153,120,30.7354
120,34.4357,-1.00988,-0.356064,115.744,34.4357,120,27.6615
120,35.378,-1.30386,1.04211,117.89,35.378,120,27.6613
120,37.4848,-1.26094,2.28378,117.561,37.4848,120,29.8658
120,37.9562,-0.998389,-2.88429,115.667,37.9562,120,31.2314
120,36.1434,-0.798482,-1.5909,114.418,36.1434,120,30.413
120,34.4458,-1.11421,0.0602663,116.473,34.4458,120,27.2653
120,35.8784,-1.32087,1.2943,118.021,35.8784,120,28.127
120,37.8233,-1.2137,2.51937,117.204,37.8233,120,30.328
120,37.8245,-0.931905,-2.63372,115.23,37.8245,120,31.4025
120,35.6447,-0.815891,-1.27265,114.518,35.6447,120,29.818
120,34.5819,-1.15485,0.23819,116.768,34.5819,120,27.2641
120,36.4877,-1.32251,1.59308,118.034,36.4877,120,28.733
120,38.1464,-1.12028,2.90897,116.517,38.1464,120,30.9447
120,37.5214,-0.861449,-2.32947,114.789,37.5214,120,31.4511
120,35.1476,-0.870348,-0.906741,114.844,35.1476,120,29.0312
120,34.9402,-1.22697,0.587534,117.303,34.9402,120,27.4085
120,37.1213,-1.30072,1.91494,117.866,37.1213,120,29.4112
120,38.2383,-1.06894,3.09377,116.152,38.2383,120,31.2247
120,36.9836,-0.801494,-1.9528,114.435,36.9836,120,31.2365
120,34.7447,-0.973941,-0.446872,115.504,34.7447,120,28.1279
120,35.5841,-1.28874,1.00793,117.773,35.5841,120,27.9002
120,37.7654,-1.24599,2.29989,117.447,37.7654,120,30.1837
120,38.1731,-0.968604,-2.82352,115.468,38.1731,120,31.5803
120,36.2135,-0.785626,-1.49047,114.344,36.2135,120,30.5553
120,34.6977,-1.09921,0.0499829,116.366,34.6977,120,27.571
120,36.4363,-1.31388,1.45995,117.967,36.4363,120,28.6989
120,38.2379,-1.15797,2.7121,116.79,38.2379,120,30.91
120,37.763,-0.857652,-2.37025,114.766,37.763,120,31.7125
120,35.3355,-0.85897,-0.908944,114.774,35.3355,120,29.2781
120,35.166,-1.22435,0.61959,117.284,35.166,120,27.6414
120,37.4158,-1.28543,1.97742,117.748,37.4158,120,29.7393
120,38.4173,-1.03496,-3.09992,115.916,38.4173,120,31.5386
120,36.8927,-0.777841,-1.79764,114.301,36.8927,120,31.2787
120,34.8327,-1.01659,-0.245741,115.79,34.8327,120,28.0302
120,36.1318,-1.29924,1.22056,117.854,36.1318,120,28.4249
120,38.2076,-1.19403,2.52274,117.057,38.2076,120,30.7687
120,38.1235,-0.89229,-2.56186,114.979,38.1235,120,31.8954
120,35.7959,-0.809745,-1.13998,114.483,35.7959,120,30.003
120,35.1913,-1.20225,0.535082,117.118,35.1913,120,27.7285
120,37.1574,-1.29881,1.75579,117.851,37.1574,120,29.4515
120,38.5515,-1.05613,3.08109,116.062,38.5515,120,31.5878
120,37.5215,-0.797378,-2.08732,114.411,37.5215,120,31.7973
120,35.0398,-0.961801,-0.428191,115.424,35.0398,120,28.478
120,35.7267,-1.26113,0.900634,117.562,35.7267,120,28.1072
120,37.9701,-1.24452,2.2198,117.436,37.9701,120,30.3922
120,38.5193,-0.966042,-2.87946,115.452,38.5193,120,31.9382
120,36.5836,-0.764226,-1.52495,114.225,36.5836,120,31.0478
120,35.0032,-1.08023,0.0350578,116.231,35.0032,120,27.9467
120,36.7531,-1.29998,1.46272,117.86,36.7531,120,29.0447
120,38.5622,-1.13851,2.73059,116.648,38.5622,120,31.2981
120,38.0287,-0.832371,-2.3378,114.615,38.0287,120,32.1124
120,35.3949,-0.886532,-0.702175,114.943,35.3949,120,29.1958
120,35.5427,-1.21993,0.675443,117.25,35.5427,120,28.0301
120,37.8324,-1.26326,2.04305,117.578,37.8324,120,30.2077
120,38.707,-0.997228,-3.02159,115.659,38.707,120,31.9872
120,36.9685,-0.754059,-1.67,114.169,36.9685,120,31.4917
120,35.114,-1.03799,-0.104555,115.936,35.114,120,28.223
120,36.6446,-1.29171,1.33579,117.796,36.6446,120,28.9541
120,38.6016,-1.15978,2.61492,116.804,38.6016,120,31.2679
120,38.1519,-0.825105,-2.33711,114.572,38.1519,120,32.2749
120,35.9304,-0.810446,-1.02552,114.487,35.9304,120,30.1337
120,35.4941,-1.18566,0.524772,116.995,35.4941,120,28.0801
120,37.7321,-1.27277,1.90629,117.651,37.7321,120,30.0847
120,38.8585,-1.02588,3.13319,115.853,38.8585,120,32.0171
120,37.4561,-0.753899,-1.8707,114.168,37.4561,120,31.9802
120,35.2972,-0.968251,-0.3396,115.466,35.2972,120,28.706
120,36.3654,-1.27067,1.10823,117.635,36.3654,120,28.723
120,38.5024,-1.1998,2.39402,117.1,38.5024,120,31.0467
120,38.5986,-0.876234,-2.59824,114.88,38.5986,120,32.4519
120,36.5874,-0.755291,-1.35336,114.175,36.5874,120,31.1034
120,35.3645,-1.10423,0.193914,116.401,35.3645,120,28.2196
120,37.2999,-1.28478,1.59365,117.743,37.2999,120,29.6249
120,38.9287,-1.09708,2.83672,116.35,38.9287,120,31.8097
120,38.1716,-0.791578,-2.22414,114.378,38.1716,120,32.4799
120,35.7354,-0.861284,-0.731263,114.788,35.7354,120,29.666
120,35.9924,-1.22333,0.78364,117.276,35.9924,120,28.4705
120,38.2732,-1.23736,2.12898,117.382,38.2732,120,30.7138
120,38.9916,-0.962564,-2.95543,115.429,38.9916,120,32.4264
120,37.1909,-0.732791,-1.62139,114.054,37.1909,120,31.8393
120,35.4212,-1.02765,-0.0795544,115.865,35.4212,120,28.5725
120,36.944,-1.27678,1.33197,117.682,36.944,120,29.2872
120,38.9774,-1.12415,2.70287,116.544,38.9774,120,31.7622
120,38.6998,-0.846712,-2.52105,114.7,38.6998,120,32.7069
120,36.352,-0.777886,-1.09786,114.301,36.352,120,30.7378
120,35.7172,-1.15128,0.434508,116.741,35.7172,120,28.4109
120,37.8581,-1.26706,1.80011,117.607,37.8581,120,30.2243
120,39.1681,-1.04234,3.01286,115.966,39.1681,120,32.2594
120,38.0664,-0.751364,-2.04127,114.154,38.0664,120,32.6053
120,35.745,-0.896175,-0.546417,115.003,35.745,120,29.4975
120,36.3399,-1.23186,0.898541,117.34,36.3399,120,28.795
120,38.5359,-1.22185,2.18177,117.265,38.5359,120,31.018
120,39.1841,-0.95404,-2.95781,115.373,39.1841,120,32.6581
120,37.4781,-0.72063,-1.67276,113.989,37.4781,120,32.1993
120,35.6193,-0.99788,-0.153182,115.663,35.6193,120,28.8967
120,37.2424,-1.26973,1.39163,117.628,37.2424,120,29.6022
120,39.0074,-1.15739,2.51383,116.786,39.0074,120,31.6813
120,38.8505,-0.82752,-2.4876,114.586,38.8505,120,32.9605
120,36.7545,-0.745343,-1.22891,114.121,36.7545,120,31.3287
120,35.8058,-1.11151,0.302521,116.454,35.8058,120,28.6349
120,37.8256,-1.26466,1.67569,117.589,37.8256,120,30.1975
120,39.3289,-1.06337,2.89517,116.113,39.3289,120,32.3369
120,38.493,-0.761134,-2.18664,114.208,38.493,120,32.975
120,36.0945,-0.843119,-0.712367,114.679,36.0945,120,30.1208
120,36.3732,-1.20529,0.786013,117.141,36.3732,120,28.9017
120,38.631,-1.22099,2.11668,117.258,38.631,120,31.1155
120,39.3797,-0.94889,-2.98076,115.339,39.3797,120,32.8775
120,37.6374,-0.707333,-1.65829,113.919,37.6374,120,32.4389
120,35.8045,-1.00072,-0.10549,115.682,35.8045,120,29.0696
120,37.3346,-1.25845,1.33658,117.542,37.3346,120,29.7217
120,39.2895,-1.12439,2.61724,116.546,39.2895,120,32.0735
120,39.0077,-0.809951,-2.46522,114.484,39.0077,120,33.2136
120,36.6114,-0.767176,-1.02064,114.241,36.6114,120,31.0586
120,36.1889,-1.15256,0.530732,116.751,36.1889,120,28.8785
120,38.4307,-1.2388,1.91321,117.393,38.4307,120,30.8676
120,39.5437,-0.986461,3.14094,115.587,39.5437,120,32.8711
120,38.1278,-0.706174,-1.86219,113.913,38.1278,120,32.9363
120,35.9807,-0.932045,-0.330424,115.23,35.9807,120,29.558
120,37.0694,-1.2383,1.118,117.389,37.0694,120,29.5075
120,39.2007,-1.16365,2.40431,116.832,39.2007,120,31.8547
120,39.3935,-0.864109,-2.7114,114.805,39.3935,120,33.3093
120,36.9978,-0.728812,-1.19004,114.032,36.9978,120,31.6699
120,36.0573,-1.07144,0.20546,116.169,36.0573,120,29.0342
120,38.2449,-1.24614,1.7366,117.448,38.2449,120,30.6628
120,39.6201,-1.0581,2.84888,116.076,39.6201,120,32.6486
120,38.8387,-0.743866,-2.21172,114.113,38.8387,120,33.4216
120,36.408,-0.821969,-0.718613,114.554,36.408,120,30.5481
120,36.6967,-1.19148,0.796494,117.038,36.6967,120,29.2653
120,38.9785,-1.20172,2.14202,117.114,38.9785,120,31.5173
120,39.6713,-0.91974,-2.94223,115.152,39.6713,120,33.3077
120,37.8525,-0.684224,-1.60805,113.801,37.8525,120,32.796
120,36.1105,-0.998595,-0.0483609,115.668,36.1105,120,29.3848
120,37.9977,-1.24615,1.53164,117.448,37.9977,120,30.4156
120,39.6454,-1.09322,2.67941,116.323,39.6454,120,32.5405
120,39.1972,-0.768596,-2.37551,114.249,39.1972,120,33.6362
120,36.735,-0.773632,-0.889852,114.277,36.735,120,31.1451
120,36.6423,-1.16213,0.660311,116.821,36.6423,120,29.3011
120,38.942,-1.20972,2.03735,117.174,38.942,120,31.4579
120,39.824,-0.934096,-3.01892,115.244,39.824,120,33.3915
120,38.0672,-0.675756,-1.65988,113.758,38.0672,120,33.0633
120,36.2552,-1.02718,0.0804665,115.862,36.2552,120,29.4085
120,37.8754,-1.23946,1.3963,117.398,37.8754,120,30.3106
120,39.7852,-1.08155,2.70258,116.24,39.7852,120,32.7237
120,39.258,-0.75116,-2.33171,114.153,39.258,120,33.7981
120,36.7757,-0.780428,-0.827719,114.315,36.7757,120,31.1471
120,36.8648,-1.17035,0.738721,116.881,36.8648,120,29.4977
120,39.2077,-1.19123,2.13021,117.036,39.2077,120,31.7771
120,39.8993,-0.896981,-2.91321,115.008,39.8993,120,33.6477
120,37.9731,-0.667836,-1.54278,113.719,37.9731,120,33.0188
120,36.359,-1.00718,0.031376,115.726,36.359,120,29.5964
120,38.1294,-1.23492,1.4716,117.363,38.1294,120,30.5764
120,39.9362,-1.06352,2.75063,116.114,39.9362,120,32.9436
120,39.3461,-0.737226,-2.30785,114.077,39.3461,120,33.9682
120,36.7107,-0.81279,-0.662607,114.5,36.7107,120,30.9011
120,36.9599,-1.16077,0.722,116.811,36.9599,120,29.6231
120,39.2755,-1.18968,2.09654,117.024,39.2755,120,31.8495
120,40.0438,-0.903254,-2.96194,115.048,40.0438,120,33.761
120,38.2075,-0.656524,-1.60487,113.663,38.2075,120,33.3246
120,36.4698,-0.980017,-0.0425822,115.544,36.4698,120,29.8257
120,38.0943,-1.22739,1.3871,117.306,38.0943,120,30.5614
120,39.9938,-1.08014,2.65677,116.23,39.9938,120,32.9376
120,39.6434,-0.757655,-2.43546,114.188,39.6434,120,34.1457
120,37.2497,-0.723881,-0.999551,114.006,37.2497,120,31.9513
120,36.827,-1.11263,0.506431,116.462,36.827,120,29.6521
120,38.9802,-1.21237,1.84423,117.194,38.9802,120,31.4886
120,40.2195,-0.979453,3.0323,115.54,40.2195,120,33.578
120,38.8095,-0.656939,-1.86562,113.665,38.8095,120,33.924
120,36.7524,-0.847045,-0.492865,114.702,36.7524,120,30.7578
120,37.4989,-1.18892,0.9684,117.019,37.4989,120,30.0752
120,39.7035,-1.15523,2.26611,116.77,39.7035,120,32.3844
120,40.1751,-0.862187,-2.85221,114.794,40.1751,120,34.1009
120,38.2369,-0.646299,-1.51463,113.613,38.2369,120,33.419
120,36.672,-0.989702,0.0303553,115.608,36.672,120,29.9851
120,38.3893,-1.21937,1.44467,117.246,38.3893,120,30.8783
120,40.2134,-1.05993,2.70069,116.089,40.2134,120,33.2348
120,39.5644,-0.703503,-2.24423,113.899,39.5644,120,34.3892
120,37.3222,-0.731195,-0.913877,114.045,37.3222,120,31.9802
120,37.1437,-1.12622,0.617363,116.559,37.1437,120,29.9214
120,39.3983,-1.19001,1.97759,117.027,39.3983,120,31.9714
120,40.3998,-0.925526,-3.09761,115.189,40.3998,120,34.0083
120,38.8668,-0.638404,-1.79343,113.576,38.8668,120,34.0995
120,36.8144,-0.903203,-0.256641,115.047,36.8144,120,30.5319
120,38.0228,-1.20128,1.17154,117.111,38.0228,120,30.5628
120,40.104,-1.11365,2.43986,116.469,40.104,120,32.9254
120,40.2408,-0.806043,-2.69182,114.461,40.2408,120,34.4684
120,38.1099,-0.647137,-1.33678,113.617,38.1099,120,33.2866
120,36.9168,-1.0241,0.198267,115.841,36.9168,120,30.0828
120,38.837,-1.21012,1.58714,117.177,38.837,120,31.3518
120,40.5143,-0.989123,2.93605,115.605,40.5143,120,33.83
120,39.7595,-0.691588,-2.24885,113.838,39.7595,120,34.6574
120,37.1597,-0.797657,-0.604581,114.413,37.1597,120,31.4339
120,37.4898,-1.14034,0.744572,116.662,37.4898,120,30.2196
120,39.7548,-1.16788,2.08392,116.863,39.7548,120,32.3954
120,40.5627,-0.888438,-3.00582,114.955,40.5627,120,34.354
120,38.843,-0.620496,-1.67651,113.491,38.843,120,34.1915
120,36.9778,-0.932434,-0.117631,115.233,36.9778,120,30.5532
120,38.4959,-1.20152,1.32984,117.112,38.4959,120,31.0352
120,40.4619,-1.06466,2.61529,116.122,40.4619,120,33.4649
120,40.1783,-0.732525,-2.46291,114.052,40.1783,120,34.8283
120,37.7751,-0.687891,-1.01455,113.819,37.7751,120,32.6959
120,37.3717,-1.09524,0.540173,116.337,37.3717,120,30.2594
120,39.6252,-1.18039,1.92563,116.956,39.6252,120,32.2272
120,40.686,-0.881535,-3.00796,114.912,40.686,120,34.5123
120,39.1937,-0.615606,-1.8031,113.469,39.1937,120,34.5741
120,37.1203,-0.893112,-0.231856,114.984,37.1203,120,30.888
120,38.4808,-1.19153,1.25163,117.038,38.4808,120,31.0493
120,40.5452,-1.06871,2.56907,116.15,40.5452,120,33.5325
120,40.3205,-0.728546,-2.48073,114.031,40.3205,120,34.9942
120,37.8841,-0.681141,-1.00714,113.785,37.8841,120,32.8467
120,37.5264,-1.09562,0.569983,116.34,37.5264,120,30.4127
120,39.8312,-1.16912,1.97533,116.872,39.8312,120,32.4679
120,40.8235,-0.889512,-3.0598,114.962,40.8235,120,34.6094
120,39.1629,-0.601461,-1.72004,113.404,39.1629,120,34.6362
120,37.2205,-0.908837,-0.151872,115.083,37.2205,120,30.9102
120,38.6909,-1.18882,1.30384,117.018,38.6909,120,31.2675
120,40.6905,-1.0565,2.59662,116.065,40.6905,120,33.7254
120,40.4367,-0.718682,-2.47509,113.979,40.4367,120,35.1696
120,38.0254,-0.66871,-1.02095,113.723,38.0254,120,33.0656
120,37.6116,-1.08271,0.538902,116.249,37.6116,120,30.5457
120,40.0851,-1.15302,2.05905,116.754,40.0851,120,32.7732
120,40.9584,-0.900187,-3.11984,115.028,40.9584,120,34.6908
120,39.4166,-0.595119,-1.79218,113.375,39.4166,120,34.9317
120,37.3578,-0.882857,-0.217748,114.92,37.3578,120,31.1773
120,38.7534,-1.18063,1.26857,116.957,38.7534,120,31.3546
120,40.8058,-1.05144,2.58852,116.029,40.8058,120,33.8607
120,40.5368,-0.705701,-2.45904,113.911,40.5368,120,35.3483
120,38.0916,-0.668154,-0.98347,113.72,38.0916,120,33.1353
120,37.7502,-1.08071,0.557736,116.234,37.7502,120,30.6918
120,39.991,-1.16317,1.92682,116.829,39.991,120,32.6465
120,41.0585,-0.864785,-3.02268,114.81,41.0585,120,34.9709
120,39.6072,-0.588272,-1.82937,113.345,39.6072,120,35.1678
120,37.4954,-0.860748,-0.26959,114.785,37.4954,120,31.4287
120,38.7597,-1.17101,1.20371,116.886,38.7597,120,31.3906
120,40.8578,-1.06334,2.5121,116.112,40.8578,120,33.8659
120,40.7892,-0.726979,-2.56698,114.023,40.7892,120,35.4722
120,38.4534,-0.626294,-1.14019,113.518,38.4534,120,33.7642
120,37.7511,-1.04581,0.429013,115.99,37.7511,120,30.8285
120,39.9603,-1.16473,1.83573,116.84,39.9603,120,32.6108
120,41.1955,-0.874422,-3.08122,114.868,41.1955,120,35.0581
Exiting model node
... logging to /home/aauship/.ros/log/fc995df2-2416-11e7-a361-00248c681181/roslaunch-aauship-11083.log
Checking log directory for disk usage. This may take awhile.
Press Ctrl-C to interrupt
Done checking log file disk usage. Usage is <1GB.
]2;/home/aauship/p8-vessel-main/aauship_832_ws/src/aauship_control/path_controller_model_test.launch
[1mstarted roslaunch server http://aauship:50993/[0m

SUMMARY
========

PARAMETERS
 * /rosdistro: indigo
 * /rosversion: 1.11.9

NODES
  /
    lqr_node (aauship_control/lqr_node)
    model_node (aauship_control/model-node.py)
    path_follower_node (aauship_control/path_follower_node)

auto-starting new master
[1mprocess[master]: started with pid [11095][0m
[1mROS_MASTER_URI=http://localhost:11311[0m
]2;/home/aauship/p8-vessel-main/aauship_832_ws/src/aauship_control/path_controller_model_test.launch http://localhost:11311
[1msetting /run_id to fc995df2-2416-11e7-a361-00248c681181[0m
[1mprocess[rosout-1]: started with pid [11108][0m
started core service [/rosout]
[1mprocess[model_node-2]: started with pid [11125][0m
[1mprocess[lqr_node-3]: started with pid [11126][0m
[1mprocess[path_follower_node-4]: started with pid [11149][0m
[path_follower_node-4] killing on exit
[lqr_node-3] killing on exit
[model_node-2] killing on exit
[rosout-1] killing on exit
[master] killing on exit
shutting down processing monitor...
... shutting down processing monitor complete
[1mdone[0m
