0,0,0.785398,1,0,0,7.07107,7.07107
0,0,0.785398,1,0,0,7.07107,7.07107
0,0,0.785398,1,0,0,7.07107,7.07107
0,0,0.785398,1,0,0,7.07107,7.07107
0.373293,0.373293,0.820373,0.36747,0.620549,0.126037,7.44004,7.44004
0.966452,0.966452,0.840089,0.630584,1.35298,0.579919,8.02695,8.02695
2.10127,2.10127,0.872185,0.511781,2.71418,1.48836,9.14572,9.14572
2.96335,2.96335,0.917894,0.362362,3.8975,2.0292,9.97244,9.97244
3.92375,3.92375,0.992947,0.270954,5.38083,2.46668,10.8431,10.8431
4.98875,4.98875,1.06343,0.434719,6.92948,3.04802,11.7883,11.7883
6.00134,6.00134,1.10457,0.584902,8.22013,3.78255,12.7153,12.7153
6.93171,6.93171,1.12233,0.718275,9.26937,4.59405,13.6052,13.6052
7.7691,7.7691,1.12257,0.83672,10.1084,5.42983,14.442,14.442
8.51189,8.51189,1.11039,0.941908,10.7697,6.25407,15.2128,15.2128
9.16396,9.16396,1.08993,1.03532,11.2842,7.04371,15.9097,15.9097
9.73217,9.73217,1.06438,1.11828,11.6794,7.78494,16.5298,16.5298
10.2247,10.2247,1.0361,1.19195,11.979,8.47051,17.0748,17.0748
10.6502,10.6502,1.00677,1.25738,12.2028,9.09761,17.5487,17.5487
11.0512,11.0512,0.975231,1.28547,12.3855,9.71692,17.9952,17.9952
11.4602,11.4602,0.94536,1.23212,12.5865,10.3339,18.441,18.441
11.9169,11.9169,0.91659,1.17419,12.8419,10.9919,18.9272,18.9272
12.2917,12.2917,0.896299,1.1277,13.0742,11.5091,19.3193,19.3193
12.6296,12.6296,0.880398,1.08642,13.3003,11.9589,19.6688,19.6688
12.9329,12.9329,0.867973,1.04976,13.5162,12.3497,19.9799,19.9799
13.2041,13.2041,0.858296,1.0172,13.7191,12.6891,20.2564,20.2564
13.4457,13.4457,0.850786,0.988286,13.9077,12.9836,20.5016,20.5016
13.6601,13.6601,0.844981,0.962609,14.0811,13.239,20.7186,20.7186
13.8498,13.8498,0.840515,0.939805,14.2393,13.4603,20.9101,20.9101
14.0171,14.0171,0.837096,0.919554,14.3825,13.6517,21.0787,21.0787
14.1642,14.1642,0.834495,0.901569,14.5112,13.8171,21.2267,21.2267
14.2929,14.2929,0.83253,0.885597,14.626,13.9598,21.3561,21.3561
14.4052,14.4052,0.831057,0.871413,14.7279,14.0824,21.4689,21.4689
14.5026,14.5026,0.829963,0.858817,14.8176,14.1875,21.5666,21.5666
14.5866,14.5866,0.829161,0.84763,14.896,14.2773,21.6509,21.6509
14.6587,14.6587,0.828581,0.837696,14.964,14.3534,21.7232,21.7232
14.72,14.72,0.828169,0.828873,15.0224,14.4177,21.7846,21.7846
14.7717,14.7717,0.827882,0.821038,15.072,14.4714,21.8364,21.8364
14.8147,14.8147,0.827688,0.81408,15.1136,14.5157,21.8794,21.8794
14.8499,14.8499,0.827562,0.807901,15.1479,14.5518,21.9147,21.9147
14.8756,14.8756,0.82749,0.802933,15.1732,14.5781,21.9404,21.9404
14.9002,14.9002,0.827439,0.79754,15.1973,14.603,21.965,21.965
14.9152,14.9152,0.827417,0.793622,15.2122,14.6181,21.98,21.98
14.928,14.928,0.827407,0.789368,15.2249,14.631,21.9928,21.9928
14.9349,14.9349,0.827404,0.785955,15.2318,14.6379,21.9997,21.9997
14.9377,14.9377,0.827405,0.782923,15.2347,14.6408,22.0026,22.0026
14.9372,14.9372,0.827404,0.780487,15.2342,14.6403,22.002,22.002
14.933,14.933,0.8274,0.777841,15.2299,14.6361,21.9978,21.9978
14.9261,14.9261,0.827392,0.775718,15.223,14.6293,21.991,21.991
14.9166,14.9166,0.827377,0.773832,15.2134,14.6199,21.9815,21.9815
14.9048,14.9048,0.827356,0.772158,15.2014,14.6082,21.9697,21.9697
14.8909,14.8909,0.827329,0.770671,15.1873,14.5945,21.9558,21.9558
14.8751,14.8751,0.827294,0.76935,15.1713,14.579,21.94,21.94
14.8577,14.8577,0.827253,0.768177,15.1536,14.5618,21.9226,21.9226
14.8387,14.8387,0.827205,0.767136,15.1343,14.5432,21.9036,21.9036
14.8184,14.8184,0.827151,0.766211,15.1136,14.5233,21.8833,21.8833
14.7969,14.7969,0.827091,0.765389,15.0916,14.5022,21.8618,21.8618
14.7743,14.7743,0.827026,0.76466,15.0686,14.4801,21.8393,21.8393
14.7508,14.7508,0.826955,0.764012,15.0445,14.457,21.8157,21.8157
14.7263,14.7263,0.82688,0.763437,15.0196,14.4331,21.7913,21.7913
14.7011,14.7011,0.826801,0.762926,14.9938,14.4085,21.7661,21.7661
14.6752,14.6752,0.826718,0.762472,14.9673,14.3831,21.7403,21.7403
14.6487,14.6487,0.826631,0.762069,14.9402,14.3572,21.7138,21.7138
14.6216,14.6216,0.826541,0.761711,14.9125,14.3308,21.6867,21.6867
14.594,14.594,0.826447,0.761394,14.8842,14.3038,21.6591,21.6591
14.566,14.566,0.826351,0.761111,14.8555,14.2765,21.6311,21.6311
14.5375,14.5375,0.826253,0.760861,14.8264,14.2487,21.6027,21.6027
14.5087,14.5087,0.826152,0.760638,14.7968,14.2206,21.5739,21.5739
14.4796,14.4796,0.82605,0.76044,14.767,14.1922,21.5448,21.5448
14.4502,14.4502,0.825945,0.760265,14.7368,14.1636,21.5154,21.5154
14.4235,14.4235,0.82585,0.760124,14.7095,14.1375,21.4888,21.4888
14.3906,14.3906,0.825732,0.75997,14.6757,14.1055,21.4559,21.4559
14.3605,14.3605,0.825623,0.759848,14.6448,14.0761,21.4258,21.4258
14.3302,14.3302,0.825514,0.759738,14.6138,14.0466,21.3955,21.3955
14.2997,14.2997,0.825403,0.759641,14.5825,14.0169,21.3651,21.3651
14.2691,14.2691,0.825291,0.759555,14.5511,13.9871,21.3345,21.3345
14.2383,14.2383,0.825178,0.759479,14.5195,13.9571,21.3038,21.3038
14.2074,14.2074,0.825064,0.759411,14.4878,13.927,21.2729,21.2729
14.1795,14.1795,0.824962,0.759356,14.4592,13.8999,21.2451,21.2451
14.1453,14.1453,0.824836,0.759297,14.4241,13.8666,21.2109,21.2109
14.1173,14.1173,0.824732,0.759254,14.3954,13.8392,21.1829,21.1829
14.0829,14.0829,0.824605,0.759207,14.3601,13.8058,21.1486,21.1486
14.0516,14.0516,0.824488,0.75917,14.3279,13.7753,21.1173,21.1173
14.0202,14.0202,0.824372,0.759136,14.2957,13.7447,21.0859,21.0859
13.9888,13.9888,0.824255,0.759107,14.2635,13.7141,21.0545,21.0545
13.9573,13.9573,0.824137,0.75908,14.2311,13.6834,21.023,21.023
13.937,13.937,0.82407,0.768199,14.2104,13.6637,21.0028,21.0028
13.9275,13.9275,0.824058,0.786149,14.2008,13.6542,20.9933,20.9933
13.9184,13.9184,0.824071,0.801789,14.1918,13.645,20.9842,20.9842
13.9047,13.9047,0.824122,0.818768,14.1785,13.631,20.9705,20.9705
13.8917,13.8917,0.824196,0.831103,14.166,13.6175,20.9575,20.9575
13.8739,13.8739,0.824331,0.844494,14.1491,13.5987,20.9396,20.9396
13.856,13.856,0.824496,0.85524,14.1324,13.5796,20.9216,20.9216
13.8366,13.8366,0.824703,0.864784,14.1145,13.5587,20.9022,20.9022
13.816,13.816,0.824949,0.873259,14.0956,13.5364,20.8815,20.8815
13.7942,13.7942,0.825234,0.880785,14.0758,13.5126,20.8596,20.8596
13.7714,13.7714,0.825555,0.887469,14.0552,13.4875,20.8367,20.8367
13.7501,13.7501,0.825874,0.892843,14.0362,13.4639,20.8153,20.8153
13.7231,13.7231,0.826298,0.898677,14.0122,13.434,20.7882,20.7882
13.6978,13.6978,0.826714,0.903359,13.9899,13.4058,20.7629,20.7629
13.6719,13.6719,0.827158,0.907516,13.9671,13.3767,20.7368,20.7368
13.6454,13.6454,0.827627,0.911208,13.9439,13.3469,20.7101,20.7101
13.6183,13.6183,0.828118,0.914487,13.9203,13.3163,20.6829,20.6829
13.5908,13.5908,0.82863,0.917399,13.8964,13.2852,20.6553,20.6553
13.5629,13.5629,0.829161,0.919985,13.8722,13.2535,20.6272,20.6272
13.5346,13.5346,0.829709,0.922282,13.8478,13.2213,20.5987,20.5987
13.5059,13.5059,0.830272,0.924321,13.8231,13.1887,20.5699,20.5699
13.4811,13.4811,0.830766,0.925031,13.8018,13.1604,20.5449,20.5449
13.4825,13.4825,0.830747,0.899286,13.803,13.1619,20.5463,20.5463
13.4847,13.4847,0.830714,0.874658,13.805,13.1644,20.5485,20.5485
13.4835,13.4835,0.830727,0.852787,13.8039,13.163,20.5473,20.5473
13.479,13.479,0.830762,0.833364,13.7997,13.1583,20.5428,20.5428
13.4717,13.4717,0.830801,0.816115,13.7926,13.1508,20.5355,20.5355
13.4618,13.4618,0.830832,0.800796,13.783,13.1407,20.5256,20.5256
13.4497,13.4497,0.830845,0.787192,13.7709,13.1285,20.5135,20.5135
13.4355,13.4355,0.830834,0.775111,13.7567,13.1143,20.4993,20.4993
13.4194,13.4194,0.830797,0.764381,13.7404,13.0985,20.4832,20.4832
13.4018,13.4018,0.830731,0.754853,13.7222,13.0813,20.4656,20.4656
13.4037,13.4037,0.830736,0.762723,13.7242,13.0833,20.4676,20.4676
13.4183,13.4183,0.830758,0.784575,13.739,13.0977,20.4821,20.4821
13.4282,13.4282,0.830746,0.80342,13.7487,13.1076,20.492,20.492
13.4337,13.4337,0.830725,0.820156,13.7541,13.1133,20.4975,20.4975
13.4353,13.4353,0.830716,0.835019,13.7557,13.115,20.4991,20.4991
13.4335,13.4335,0.830731,0.848218,13.7539,13.1131,20.4973,20.4973
13.4285,13.4285,0.83078,0.85994,13.7493,13.1077,20.4923,20.4923
13.4217,13.4217,0.830858,0.869363,13.743,13.1003,20.4854,20.4854
13.4192,13.4192,0.830889,0.872748,13.7407,13.0976,20.4829,20.4829
13.4354,13.4354,0.830707,0.85768,13.7557,13.1151,20.4992,20.4992
13.4496,13.4496,0.830579,0.841321,13.769,13.1302,20.5134,20.5134
13.4576,13.4576,0.830523,0.828194,13.7766,13.1387,20.5215,20.5215
13.4615,13.4615,0.830502,0.816536,13.7803,13.1427,20.5254,20.5254
13.4618,13.4618,0.830501,0.806236,13.7806,13.143,20.5256,20.5256
13.4947,13.4947,0.830353,0.826791,13.8124,13.1769,20.5586,20.5586
13.5297,13.5297,0.830081,0.851675,13.8455,13.2138,20.5937,20.5937
13.589,13.589,0.829554,0.843672,13.9011,13.2769,20.6532,20.6532
13.6408,13.6408,0.829162,0.834737,13.9501,13.3314,20.7051,20.7051
13.6839,13.6839,0.828887,0.826803,13.9913,13.3764,20.7482,20.7482
13.7192,13.7192,0.828699,0.819756,14.0253,13.4131,20.7836,20.7836
13.7533,13.7533,0.828545,0.818113,14.0583,13.4483,20.8178,20.8178
13.7902,13.7902,0.828356,0.824683,14.0939,13.4866,20.8548,20.8548
13.8205,13.8205,0.828172,0.830963,14.1229,13.5182,20.8851,20.8851
13.8611,13.8611,0.827924,0.82364,14.1617,13.5605,20.9258,20.9258
13.9234,13.9234,0.827573,0.827504,14.2216,13.6253,20.9882,20.9882
13.9735,13.9735,0.827258,0.831131,14.2694,13.6776,21.0384,21.0384
14.0368,14.0368,0.826865,0.828417,14.33,13.7437,21.1018,21.1018
14.103,14.103,0.82646,0.829263,14.3932,13.8127,21.1681,21.1681
14.1811,14.1811,0.825977,0.827609,14.468,13.8942,21.2464,21.2464
14.2609,14.2609,0.825498,0.827369,14.5444,13.9774,21.3263,21.3263
14.3474,14.3474,0.824979,0.82747,14.6272,14.0676,21.4129,21.4129
14.4375,14.4375,0.824444,0.827495,14.7135,14.1614,21.5031,21.5031
14.5322,14.5322,0.82389,0.826926,14.8043,14.2601,21.598,21.598
14.6284,14.6284,0.823332,0.826524,14.8966,14.3603,21.6944,21.6944
14.727,14.727,0.822765,0.826005,14.9912,14.4628,21.7931,21.7931
14.8263,14.8263,0.822201,0.825249,15.0864,14.5661,21.8925,21.8925
14.9276,14.9276,0.821628,0.82535,15.1837,14.6715,21.994,21.994
15.0297,15.0297,0.82106,0.824353,15.2818,14.7776,22.0963,22.0963
15.1322,15.1322,0.820496,0.824263,15.3804,14.8841,22.1989,22.1989
15.2359,15.2359,0.819933,0.823562,15.48,14.9917,22.3027,22.3027
15.3401,15.3401,0.819376,0.822788,15.5804,15.0999,22.4071,22.4071
15.4447,15.4447,0.818823,0.822524,15.681,15.2084,22.5118,22.5118
15.5392,15.5392,0.818332,0.822353,15.7721,15.3064,22.6065,22.6065
15.6555,15.6555,0.817734,0.821677,15.8841,15.4269,22.7229,22.7229
15.7604,15.7604,0.817204,0.820654,15.9852,15.5355,22.8279,22.8279
15.866,15.866,0.816679,0.820308,16.0871,15.6448,22.9336,22.9336
15.971,15.971,0.816162,0.819927,16.1885,15.7535,23.0387,23.0387
16.0766,16.0766,0.815653,0.819324,16.2905,15.8627,23.1444,23.1444
16.183,16.183,0.815144,0.819078,16.3933,15.9727,23.2509,23.2509
16.2888,16.2888,0.814647,0.818317,16.4956,16.082,23.3568,23.3568
16.3941,16.3941,0.814162,0.817688,16.5974,16.1907,23.4622,23.4622
16.4995,16.4995,0.813683,0.81722,16.6995,16.2996,23.5678,23.5678
16.6062,16.6062,0.813206,0.816639,16.8028,16.4096,23.6745,23.6745
16.7117,16.7117,0.812743,0.816268,16.905,16.5183,23.7801,23.7801
16.818,16.818,0.812284,0.816037,17.0081,16.6279,23.8865,23.8865
16.9137,16.9137,0.811876,0.815894,17.1009,16.7265,23.9823,23.9823
17.0303,17.0303,0.811386,0.814625,17.2141,16.8466,24.099,24.099
17.1255,17.1255,0.810996,0.813875,17.3065,16.9445,24.1942,24.1942
17.2419,17.2419,0.810523,0.814292,17.4195,17.0642,24.3107,24.3107
17.3479,17.3479,0.810101,0.81321,17.5226,17.1732,24.4168,24.4168
17.4535,17.4535,0.809688,0.813005,17.6252,17.2817,24.5225,24.5225
17.5593,17.5593,0.80928,0.812472,17.7282,17.3905,24.6284,24.6284
17.6662,17.6662,0.808879,0.81179,17.8322,17.5001,24.7353,24.7353
17.7619,17.7619,0.808522,0.811512,17.9254,17.5984,24.8311,24.8311
17.88,17.88,0.808085,0.811008,18.0404,17.7196,24.9492,24.9492
17.989,17.989,0.807683,0.811269,18.1466,17.8315,25.0584,25.0584
18.0961,18.0961,0.807301,0.81122,18.251,17.9413,25.1655,25.1655
18.203,18.203,0.806927,0.810056,18.3552,18.0507,25.2724,25.2724
18.3134,18.3134,0.806536,0.809398,18.4629,18.164,25.3829,25.3829
18.4169,18.4169,0.806193,0.80843,18.564,18.2699,25.4865,25.4865
18.5106,18.5106,0.805887,0.808267,18.6555,18.3657,25.5802,25.5802
18.6255,18.6255,0.805515,0.808146,18.7677,18.4832,25.6951,25.6951
18.7303,18.7303,0.805185,0.807239,18.8702,18.5904,25.8,25.8
18.8248,18.8248,0.804889,0.807353,18.9627,18.687,25.8946,25.8946
18.9438,18.9438,0.804531,0.806687,19.0791,18.8085,26.0136,26.0136
19.0485,19.0485,0.804213,0.806871,19.1816,18.9155,26.1183,26.1183
19.1534,19.1534,0.8039,0.806265,19.2842,19.0225,26.2232,26.2232
19.2584,19.2584,0.803593,0.806057,19.3871,19.1298,26.3283,26.3283
19.3638,19.3638,0.803287,0.805866,19.4903,19.2374,26.4338,26.4338
19.4693,19.4693,0.802989,0.804745,19.5937,19.345,26.5393,26.5393
19.5649,19.5649,0.802723,0.804884,19.6874,19.4424,26.6349,26.6349
19.6808,19.6808,0.802404,0.80474,19.801,19.5606,26.7508,26.7508
19.7868,19.7868,0.802118,0.804117,19.905,19.6686,26.8569,26.8569
19.893,19.893,0.801838,0.804096,20.0092,19.7768,26.9631,26.9631
19.9987,19.9987,0.801561,0.80386,20.113,19.8845,27.0689,27.0689
20.1046,20.1046,0.801291,0.803169,20.2169,19.9922,27.1748,27.1748
20.2105,20.2105,0.801022,0.80341,20.321,20.1001,27.2807,27.2807
20.3164,20.3164,0.80076,0.802493,20.425,20.2078,27.3866,27.3866
20.4223,20.4223,0.800501,0.802824,20.5291,20.3155,27.4925,27.4925
20.5195,20.5195,0.800272,0.802342,20.6247,20.4144,27.5898,27.5898
20.6405,20.6405,0.799998,0.801354,20.7438,20.5373,27.7108,27.7108
20.7459,20.7459,0.799752,0.801725,20.8474,20.6444,27.8162,27.8162
20.8508,20.8508,0.799511,0.801708,20.9506,20.751,27.9211,27.9211
20.9563,20.9563,0.799272,0.801256,21.0544,20.8582,28.0266,28.0266
21.0633,21.0633,0.79904,0.799715,21.1598,20.9668,28.1337,28.1337
21.1706,21.1706,0.79881,0.800844,21.2655,21.0758,28.2411,28.2411
21.2752,21.2752,0.798586,0.800415,21.3684,21.182,28.3457,28.3457
21.3808,21.3808,0.798361,0.800914,21.4724,21.2891,28.4512,28.4512
21.4867,21.4867,0.798139,0.800125,21.5768,21.3966,28.5572,28.5572
21.5922,21.5922,0.797926,0.799512,21.6808,21.5036,28.6627,28.6627
21.6871,21.6871,0.797736,0.799328,21.7744,21.5999,28.7577,28.7577
21.8034,21.8034,0.797507,0.799419,21.889,21.7178,28.874,28.874
21.9088,21.9088,0.797304,0.798866,21.993,21.8246,28.9794,28.9794
22.0149,22.0149,0.797104,0.798844,22.0977,21.9321,29.0855,29.0855
22.1208,22.1208,0.796907,0.798672,22.2021,22.0394,29.1914,29.1914
22.2265,22.2265,0.796714,0.797745,22.3065,22.1465,29.2971,29.2971
22.3335,22.3335,0.796525,0.797234,22.4121,22.2548,29.4041,29.4041
22.44,22.44,0.796338,0.797549,22.5174,22.3627,29.5107,29.5107
22.5456,22.5456,0.796153,0.797958,22.6216,22.4695,29.6162,29.6162
22.6511,22.6511,0.795972,0.79729,22.7259,22.5763,29.7218,29.7218
22.7567,22.7567,0.795794,0.797402,22.8302,22.6832,29.8273,29.8273
22.8522,22.8522,0.795636,0.797152,22.9246,22.7798,29.9229,29.9229
22.9689,22.9689,0.795444,0.796641,23.04,22.8979,30.0397,30.0397
23.0641,23.0641,0.795291,0.796816,23.134,22.9941,30.1348,30.1348
23.181,23.181,0.795106,0.796316,23.2497,23.1124,30.2517,30.2517
23.2876,23.2876,0.794939,0.796018,23.3551,23.2201,30.3583,30.3583
23.3946,23.3946,0.794779,0.795361,23.461,23.3283,30.4654,30.4654
23.5016,23.5016,0.794623,0.794904,23.5668,23.4364,30.5724,30.5724
23.6087,23.6087,0.794468,0.795587,23.6729,23.5446,30.6795,30.6795
23.7151,23.7151,0.794314,0.795643,23.7782,23.6521,30.7859,30.7859
23.8095,23.8095,0.79418,0.79524,23.8716,23.7474,30.8803,30.8803
23.9251,23.9251,0.794018,0.795428,23.9861,23.8642,30.996,30.996
24.0235,24.0235,0.793875,0.79645,24.0834,23.9635,31.0943,31.0943
24.1416,24.1416,0.793711,0.794768,24.2004,24.0828,31.2124,31.2124
24.2461,24.2461,0.793573,0.794795,24.3039,24.1883,31.3169,31.3169
24.3402,24.3402,0.793452,0.794136,24.3971,24.2832,31.411,31.411
24.4564,24.4564,0.793304,0.794358,24.5123,24.4005,31.5272,31.5272
24.5643,24.5643,0.793176,0.793837,24.6193,24.5093,31.6351,31.6351
24.6699,24.6699,0.793048,0.794125,24.724,24.6158,31.7408,31.7408
24.7756,24.7756,0.792916,0.794879,24.8288,24.7224,31.8465,31.8465
24.8821,24.8821,0.792785,0.794136,24.9343,24.8299,31.953,31.953
24.9875,24.9875,0.792661,0.793808,25.0388,24.9361,32.0584,32.0584
25.0924,25.0924,0.792541,0.793351,25.1429,25.0419,32.1633,32.1633
25.1979,25.1979,0.792422,0.793537,25.2475,25.1482,32.2688,32.2688
25.3031,25.3031,0.792306,0.792649,25.352,25.2543,32.374,32.374
25.4092,25.4092,0.79219,0.793184,25.4573,25.3612,32.4801,32.4801
25.5147,25.5147,0.792076,0.792769,25.5619,25.4675,32.5856,32.5856
25.6101,25.6101,0.791976,0.792669,25.6566,25.5636,32.681,32.681
25.7264,25.7264,0.791854,0.792946,25.7721,25.6808,32.7973,32.7973
25.8327,25.8327,0.791746,0.792574,25.8776,25.7878,32.9036,32.9036
25.9383,25.9383,0.79164,0.792597,25.9824,25.8942,33.0092,33.0092
26.0456,26.0456,0.791531,0.792906,26.0889,26.0022,33.1165,33.1165
26.1538,26.1538,0.79142,0.793585,26.1964,26.1112,33.2247,33.2247
26.2623,26.2623,0.791311,0.791794,26.3041,26.2205,33.3332,33.3332
26.368,26.368,0.791214,0.79262,26.4092,26.3269,33.439,33.439
26.4756,26.4756,0.791109,0.791475,26.516,26.4352,33.5466,33.5466
26.58,26.58,0.791016,0.791876,26.6197,26.5403,33.651,33.651
26.6743,26.6743,0.790933,0.79183,26.7135,26.6352,33.7453,33.7453
26.7921,26.7921,0.790836,0.791712,26.8306,26.7537,33.8631,33.8631
26.8889,26.8889,0.790759,0.791556,26.9268,26.851,33.9599,33.9599
27.0038,27.0038,0.790662,0.791205,27.041,26.9665,34.0747,34.0747
27.0999,27.0999,0.790577,0.791347,27.1365,27.0633,34.1709,34.1709
27.2167,27.2167,0.790478,0.791088,27.2526,27.1808,34.2877,34.2877
27.3223,27.3223,0.790392,0.790756,27.3576,27.287,34.3933,34.3933
27.4302,27.4302,0.790315,0.789724,27.465,27.3955,34.5012,34.5012
27.5371,27.5371,0.790235,0.790687,27.5713,27.5029,34.608,34.608
27.6419,27.6419,0.790155,0.790752,27.6755,27.6082,34.7129,34.7129
27.7468,27.7468,0.790074,0.791186,27.7799,27.7138,34.8178,34.8178
27.8527,27.8527,0.789995,0.790884,27.8852,27.8202,34.9237,34.9237
27.9584,27.9584,0.789919,0.790655,27.9904,27.9264,35.0294,35.0294
28.0641,28.0641,0.789841,0.790349,28.0955,28.0326,35.1351,35.1351
28.1694,28.1694,0.789766,0.79038,28.2002,28.1385,35.2404,35.2404
28.2762,28.2762,0.789688,0.791277,28.3065,28.2458,35.3472,35.3472
28.3828,28.3828,0.789612,0.790293,28.4126,28.353,35.4538,35.4538
28.4882,28.4882,0.789543,0.789554,28.5175,28.4589,35.5592,35.5592
28.595,28.595,0.789476,0.789729,28.6239,28.5662,35.666,35.666
28.7027,28.7027,0.789413,0.790203,28.7311,28.6743,35.7737,35.7737
28.7968,28.7968,0.789352,0.789795,28.8247,28.7688,35.8678,35.8678
28.9161,28.9161,0.789268,0.78997,28.9434,28.8887,35.9871,35.9871
29.0102,29.0102,0.78921,0.789681,29.0372,28.9832,36.0812,36.0812
29.1255,29.1255,0.789141,0.78976,29.152,29.0991,36.1965,36.1965
29.231,29.231,0.789079,0.789752,29.257,29.2049,36.302,36.302
29.3366,29.3366,0.789016,0.78921,29.3622,29.311,36.4076,36.4076
29.4424,29.4424,0.788956,0.789706,29.4676,29.4172,36.5134,36.5134
29.5486,29.5486,0.788894,0.789652,29.5733,29.5238,36.6196,36.6196
29.6545,29.6545,0.788835,0.789215,29.6788,29.6302,36.7255,36.7255
29.7614,29.7614,0.788781,0.789285,29.7853,29.7375,36.8324,36.8324
29.8565,29.8565,0.788731,0.789159,29.8801,29.8329,36.9275,36.9275
29.9724,29.9724,0.78867,0.789158,29.9955,29.9492,37.0434,37.0434
30.0785,30.0785,0.788615,0.789255,30.1013,30.0558,37.1495,37.1495
30.1842,30.1842,0.788562,0.788922,30.2066,30.1619,37.2553,37.2553
30.29,30.29,0.788509,0.788745,30.312,30.268,37.361,37.361
30.3955,30.3955,0.788456,0.789097,30.4171,30.3739,37.4665,37.4665
30.5012,30.5012,0.788405,0.788557,30.5225,30.48,37.5723,37.5723
30.6069,30.6069,0.788354,0.788909,30.6278,30.586,37.6779,37.6779
30.7127,30.7127,0.788304,0.788458,30.7332,30.6921,37.7837,37.7837
30.819,30.819,0.788257,0.788563,30.8393,30.7988,37.8901,37.8901
30.925,30.925,0.788208,0.788723,30.9449,30.9051,37.996,37.996
31.0202,31.0202,0.788166,0.788212,31.0398,31.0006,38.0913,38.0913
31.1367,31.1367,0.788114,0.7887,31.1559,31.1175,38.2078,38.2078
31.2425,31.2425,0.788069,0.78805,31.2614,31.2236,38.3135,38.3135
31.3533,31.3533,0.788011,0.788685,31.3718,31.3348,38.4244,38.4244
31.4585,31.4585,0.787969,0.78795,31.4767,31.4403,38.5295,38.5295
31.5638,31.5638,0.787928,0.788188,31.5817,31.5459,38.6349,38.6349
31.6692,31.6692,0.787886,0.788188,31.6868,31.6516,38.7403,38.7403
31.779,31.779,0.787833,0.788957,31.7962,31.7618,38.85,38.85
31.885,31.885,0.787793,0.788203,31.9019,31.8681,38.956,38.956
31.9896,31.9896,0.787755,0.787821,32.0062,31.9729,39.0606,39.0606
32.0945,32.0945,0.787717,0.788028,32.1109,32.0781,39.1655,39.1655
32.2,32.2,0.787678,0.787946,32.2161,32.1839,39.271,39.271
32.3054,32.3054,0.787642,0.787757,32.3212,32.2895,39.3764,39.3764
32.4004,32.4004,0.787608,0.788195,32.416,32.3847,39.4714,39.4714
32.5167,32.5167,0.787569,0.787515,32.5321,32.5014,39.5878,39.5878
32.6121,32.6121,0.787537,0.78754,32.6272,32.597,39.6831,39.6831
32.7288,32.7288,0.787497,0.787871,32.7436,32.7139,39.7998,39.7998
32.8345,32.8345,0.787462,0.787422,32.8491,32.8199,39.9056,39.9056
32.9411,32.9411,0.787427,0.787476,32.9555,32.9268,40.0122,40.0122
33.0467,33.0467,0.787393,0.787809,33.0608,33.0326,40.1178,40.1178
33.1523,33.1523,0.78736,0.787411,33.1662,33.1384,40.2234,40.2234
33.258,33.258,0.787328,0.787694,33.2716,33.2443,40.329,40.329
33.3658,33.3658,0.787291,0.78831,33.3792,33.3524,40.4369,40.4369
33.4726,33.4726,0.787257,0.787792,33.4857,33.4594,40.5436,40.5436
33.5777,33.5777,0.787229,0.787006,33.5907,33.5648,40.6488,40.6488
33.6838,33.6838,0.787198,0.787682,33.6965,33.6711,40.7549,40.7549
33.7897,33.7897,0.787167,0.78751,33.8022,33.7772,40.8608,40.8608
33.8952,33.8952,0.787139,0.787172,33.9076,33.8829,40.9663,40.9663
34.0009,34.0009,0.787111,0.78748,34.013,33.9888,41.072,41.072
34.1082,34.1082,0.787078,0.787737,34.12,34.0963,41.1792,41.1792
34.2036,34.2036,0.787053,0.787138,34.2153,34.1919,41.2747,41.2747
34.3207,34.3207,0.787026,0.786948,34.3322,34.3092,41.3918,41.3918
34.4268,34.4268,0.786999,0.787681,34.4381,34.4155,41.4978,41.4978
34.5339,34.5339,0.78697,0.787063,34.545,34.5228,41.605,41.605
34.6393,34.6393,0.786943,0.787395,34.6502,34.6284,41.7103,41.7103
34.7451,34.7451,0.786917,0.787004,34.7559,34.7344,41.8162,41.8162
34.8508,34.8508,0.786894,0.786822,34.8614,34.8402,41.9218,41.9218
34.9481,34.9481,0.786865,0.786849,34.9585,34.9377,42.0192,42.0192
35.0676,35.0676,0.78683,0.787102,35.0777,35.0575,42.1387,42.1387
35.1616,35.1616,0.786811,0.786768,35.1716,35.1516,42.2327,42.2327
35.2768,35.2768,0.786787,0.787013,35.2866,35.267,42.3479,42.3479
35.3822,35.3822,0.786766,0.786769,35.3918,35.3725,42.4532,42.4532
35.4878,35.4878,0.786744,0.786667,35.4973,35.4783,42.5589,42.5589
35.5936,35.5936,0.786724,0.787009,35.603,35.5843,42.6647,42.6647
35.7,35.7,0.7867,0.787081,35.7092,35.6908,42.771,42.771
35.8067,35.8067,0.786679,0.786399,35.8157,35.7976,42.8777,42.8777
35.9128,35.9128,0.786661,0.786368,35.9218,35.9039,42.9839,42.9839
36.0183,36.0183,0.786641,0.786878,36.0271,36.0095,43.0893,43.0893
36.1237,36.1237,0.786621,0.786597,36.1323,36.115,43.1947,43.1947
36.2313,36.2313,0.786604,0.786281,36.2398,36.2227,43.3023,43.3023
36.3394,36.3394,0.78659,0.785707,36.3478,36.3309,43.4104,43.4104
36.4459,36.4459,0.786571,0.786614,36.4542,36.4376,43.517,43.517
36.542,36.542,0.786556,0.785675,36.5502,36.5338,43.613,43.613
36.6592,36.6592,0.786535,0.786624,36.6672,36.6511,43.7302,43.7302
36.7639,36.7639,0.786516,0.786647,36.7718,36.756,43.8349,43.8349
36.8686,36.8686,0.786495,0.786838,36.8764,36.8609,43.9397,43.9397
36.9741,36.9741,0.786476,0.786251,36.9817,36.9664,44.0451,44.0451
37.0798,37.0798,0.786458,0.786599,37.0873,37.0723,44.1509,44.1509
37.1856,37.1856,0.786437,0.787232,37.1929,37.1782,44.2566,44.2566
37.2918,37.2918,0.786416,0.786956,37.299,37.2846,44.3628,44.3628
37.3974,37.3974,0.786399,0.786271,37.4045,37.3904,44.4685,44.4685
37.4927,37.4927,0.786384,0.786415,37.4997,37.4857,44.5637,44.5637
37.6095,37.6095,0.786366,0.786739,37.6164,37.6027,44.6806,44.6806
37.7166,37.7166,0.786348,0.786749,37.7233,37.7099,44.7876,44.7876
37.8229,37.8229,0.786334,0.785528,37.8295,37.8163,44.894,44.894
37.9303,37.9303,0.786321,0.786552,37.9369,37.9238,45.0014,45.0014
38.0355,38.0355,0.786306,0.78627,38.0419,38.0291,45.1066,45.1066
38.1408,38.1408,0.786289,0.786576,38.1471,38.1345,45.2119,45.2119
38.2357,38.2357,0.786275,0.786301,38.2419,38.2295,45.3067,45.3067
38.3516,38.3516,0.786258,0.786583,38.3577,38.3455,45.4227,45.4227
38.4572,38.4572,0.786244,0.786199,38.4632,38.4512,45.5283,45.5283
38.5634,38.5634,0.786228,0.78641,38.5693,38.5576,45.6345,45.6345
38.6694,38.6694,0.786213,0.786571,38.6752,38.6637,45.7405,45.7405
38.7753,38.7753,0.786199,0.786159,38.781,38.7696,45.8464,45.8464
38.8811,38.8811,0.786185,0.786561,38.8867,38.8755,45.9522,45.9522
38.9767,38.9767,0.786172,0.786426,38.9822,38.9713,46.0478,46.0478
39.0931,39.0931,0.786159,0.786211,39.0985,39.0877,46.1642,46.1642
39.1999,39.1999,0.786143,0.78715,39.2052,39.1946,46.2709,46.2709
39.3072,39.3072,0.786128,0.786463,39.3123,39.302,46.3782,46.3782
39.4129,39.4129,0.786115,0.786236,39.418,39.4079,46.484,46.484
39.5184,39.5184,0.786104,0.786105,39.5234,39.5134,46.5895,46.5895
39.624,39.624,0.786092,0.786515,39.6289,39.6191,46.695,46.695
39.7338,39.7338,0.78609,0.785973,39.7387,39.7289,46.8049,46.8049
39.8428,39.8428,0.786086,0.785121,39.8477,39.838,46.9139,46.9139
39.949,39.949,0.786075,0.786215,39.9538,39.9442,47.0201,47.0201
40.0432,40.0432,0.786065,0.785898,40.0479,40.0385,47.1143,47.1143
40.1593,40.1593,0.78605,0.786989,40.1639,40.1547,47.2304,47.2304
40.2554,40.2554,0.786036,0.786449,40.2599,40.2509,47.3265,47.3265
40.3738,40.3738,0.786015,0.785822,40.3782,40.3695,47.4449,47.4449
40.4781,40.4781,0.786004,0.786424,40.4824,40.4738,47.5492,47.5492
40.5833,40.5833,0.785993,0.785925,40.5875,40.5791,47.6544,47.6544
40.6903,40.6903,0.785989,0.786303,40.6944,40.6861,47.7613,47.7613
40.7949,40.7949,0.785979,0.78586,40.799,40.7908,47.866,47.866
40.9001,40.9001,0.785968,0.786231,40.9041,40.8961,47.9712,47.9712
41.0061,41.0061,0.78596,0.786405,41.0101,41.0021,48.0772,48.0772
41.1151,41.1151,0.785941,0.787528,41.1189,41.1112,48.1861,48.1861
41.2232,41.2232,0.785925,0.785653,41.2269,41.2194,48.2942,48.2942
41.3277,41.3277,0.785918,0.786212,41.3314,41.3241,48.3988,48.3988
41.4324,41.4324,0.78591,0.785994,41.4361,41.4288,48.5035,48.5035
41.5373,41.5373,0.785904,0.785275,41.5409,41.5337,48.6084,48.6084
41.6324,41.6324,0.785898,0.785761,41.6359,41.6289,48.7035,48.7035
41.7484,41.7484,0.785888,0.78607,41.7519,41.745,48.8195,48.8195
41.8538,41.8538,0.785882,0.785742,41.8572,41.8504,48.9249,48.9249
41.9595,41.9595,0.785873,0.785988,41.9628,41.9561,49.0305,49.0305
42.0652,42.0652,0.785866,0.785973,42.0685,42.0619,49.1363,49.1363
42.1714,42.1714,0.785859,0.78556,42.1747,42.1682,49.2425,49.2425
42.2777,42.2777,0.785854,0.785739,42.2809,42.2744,49.3487,49.3487
42.3838,42.3838,0.785844,0.786722,42.387,42.3807,49.4549,49.4549
42.4919,42.4919,0.785833,0.785857,42.4949,42.4888,49.5629,49.5629
42.5979,42.5979,0.785824,0.785988,42.601,42.5949,49.669,49.669
42.7032,42.7032,0.785817,0.785749,42.7061,42.7002,49.7743,49.7743
42.8092,42.8092,0.78581,0.785594,42.8121,42.8063,49.8803,49.8803
42.9145,42.9145,0.785804,0.785953,42.9174,42.9117,49.9856,49.9856
43.0202,43.0202,0.785798,0.785831,43.023,43.0174,50.0913,50.0913
43.1257,43.1257,0.785792,0.785693,43.1285,43.123,50.1968,50.1968
43.2313,43.2313,0.785785,0.786031,43.2341,43.2286,50.3024,50.3024
43.3372,43.3372,0.785781,0.785497,43.3399,43.3345,50.4083,50.4083
43.4357,43.4357,0.785767,0.786019,43.4383,43.4331,50.5068,50.5068
43.5515,43.5515,0.785762,0.785618,43.5541,43.549,50.6226,50.6226
43.657,43.657,0.785757,0.7859,43.6596,43.6545,50.7281,50.7281
43.7628,43.7628,0.785752,0.785542,43.7653,43.7603,50.8339,50.8339
43.8685,43.8685,0.785747,0.785873,43.871,43.8661,50.9396,50.9396
43.9744,43.9744,0.785741,0.785583,43.9768,43.972,51.0455,51.0455
44.0806,44.0806,0.785737,0.78564,44.083,44.0782,51.1516,51.1516
44.1865,44.1865,0.78573,0.786093,44.1888,44.1841,51.2575,51.2575
44.2924,44.2924,0.785725,0.785551,44.2947,44.2901,51.3634,51.3634
44.3982,44.3982,0.785721,0.785843,44.4004,44.3959,51.4692,51.4692
44.4935,44.4935,0.785715,0.785935,44.4957,44.4912,51.5645,51.5645
44.6128,44.6128,0.785703,0.786153,44.615,44.6107,51.6839,51.6839
44.7184,44.7184,0.785699,0.78551,44.7205,44.7163,51.7895,51.7895
44.8238,44.8238,0.785695,0.785663,44.8259,44.8217,51.8948,51.8948
44.9293,44.9293,0.785691,0.785758,44.9313,44.9272,52.0003,52.0003
45.0353,45.0353,0.785689,0.785114,45.0374,45.0332,52.1064,52.1064
45.1417,45.1417,0.785686,0.785472,45.1437,45.1396,52.2127,52.2127
45.2481,45.2481,0.785681,0.786293,45.2501,45.2461,52.3191,52.3191
45.3439,45.3439,0.785675,0.785951,45.3458,45.3419,52.4149,52.4149
45.4601,45.4601,0.78567,0.785559,45.462,45.4582,52.5312,52.5312
45.5551,45.5551,0.785667,0.785539,45.557,45.5532,52.6262,52.6262
45.6713,45.6713,0.785661,0.785722,45.6732,45.6695,52.7424,52.7424
45.7771,45.7771,0.785658,0.785356,45.7789,45.7753,52.8482,52.8482
45.8867,45.8867,0.785646,0.785543,45.8884,45.8849,52.9577,52.9577
45.9919,45.9919,0.785644,0.785477,45.9936,45.9902,53.063,53.063
46.0981,46.0981,0.78564,0.785538,46.0998,46.0964,53.1692,53.1692
46.2034,46.2034,0.785636,0.785748,46.205,46.2017,53.2744,53.2744
46.3111,46.3111,0.785628,0.786129,46.3127,46.3094,53.3821,53.3821
46.4177,46.4177,0.785623,0.786005,46.4193,46.4161,53.4888,53.4888
46.5228,46.5228,0.78562,0.785408,46.5244,46.5213,53.5939,53.5939
46.6279,46.6279,0.785618,0.785662,46.6294,46.6263,53.6989,53.6989
46.7228,46.7228,0.785614,0.786336,46.7243,46.7212,53.7938,53.7938
46.8403,46.8403,0.785612,0.785362,46.8418,46.8388,53.9113,53.9113
46.9481,46.9481,0.785615,0.785837,46.9496,46.9466,54.0192,54.0192
47.053,47.053,0.785612,0.785308,47.0546,47.0515,54.1241,54.1241
47.162,47.162,0.7856,0.785705,47.1634,47.1606,54.2331,54.2331
47.2668,47.2668,0.785598,0.785368,47.2682,47.2653,54.3378,54.3378
47.3724,47.3724,0.785595,0.785411,47.3738,47.371,54.4435,54.4435
47.4773,47.4773,0.785591,0.785736,47.4787,47.476,54.5484,54.5484
47.5825,47.5825,0.785589,0.785389,47.5838,47.5811,54.6536,54.6536
47.6881,47.6881,0.785586,0.785559,47.6894,47.6867,54.7591,54.7591
47.7939,47.7939,0.785585,0.785833,47.7952,47.7926,54.865,54.865
47.8893,47.8893,0.785581,0.785594,47.8906,47.888,54.9603,54.9603
48.0056,48.0056,0.78558,0.785563,48.0069,48.0043,55.0766,55.0766
48.1009,48.1009,0.785577,0.785673,48.1021,48.0996,55.172,55.172
48.2181,48.2181,0.785576,0.784655,48.2193,48.2168,55.2891,55.2891
48.3256,48.3256,0.785577,0.785468,48.3269,48.3243,55.3967,55.3967
48.4311,48.4311,0.785575,0.785627,48.4323,48.4298,55.5022,55.5022
48.5368,48.5368,0.785571,0.785785,48.538,48.5356,55.6079,55.6079
48.6424,48.6424,0.785568,0.785349,48.6436,48.6412,55.7135,55.7135
48.748,48.748,0.785564,0.785975,48.7492,48.7469,55.8191,55.8191
48.854,48.854,0.785561,0.785457,48.8551,48.8528,55.925,55.925
48.9598,48.9598,0.785559,0.785536,48.9609,48.9586,56.0309,56.0309
49.0656,49.0656,0.785554,0.785898,49.0667,49.0645,56.1367,56.1367
49.1717,49.1717,0.785552,0.785564,49.1728,49.1706,56.2428,56.2428
49.2776,49.2776,0.78555,0.785614,49.2787,49.2765,56.3487,56.3487
49.3835,49.3835,0.785547,0.785721,49.3845,49.3824,56.4545,56.4545
49.4899,49.4899,0.785547,0.78486,49.4909,49.4888,56.5609,56.5609
49.5965,49.5965,0.785546,0.785406,49.5976,49.5955,56.6676,56.6676
49.7022,49.7022,0.785541,0.786348,49.7032,49.7012,56.7733,56.7733
49.8092,49.8092,0.785538,0.785866,49.8102,49.8082,56.8803,56.8803
49.915,49.915,0.785537,0.785322,49.916,49.914,56.9861,56.9861
50.021,50.021,0.785534,0.785656,50.022,50.02,57.0921,57.0921
50.128,50.128,0.785533,0.785747,50.1289,50.127,57.199,57.199
50.2334,50.2334,0.78553,0.785506,50.2343,50.2324,57.3044,57.3044
50.3285,50.3285,0.785528,0.785347,50.3294,50.3276,57.3996,57.3996
50.4448,50.4448,0.785525,0.785765,50.4457,50.4439,57.5159,57.5159
50.5403,50.5403,0.785521,0.785671,50.5412,50.5394,57.6114,57.6114
50.6568,50.6568,0.78552,0.785496,50.6577,50.6559,57.7279,57.7279
50.7627,50.7627,0.785516,0.785776,50.7636,50.7619,57.8338,57.8338
50.8685,50.8685,0.785515,0.78535,50.8693,50.8677,57.9396,57.9396
50.9742,50.9742,0.785512,0.785852,50.975,50.9734,58.0453,58.0453
51.0821,51.0821,0.785514,0.78579,51.0829,51.0812,58.1531,58.1531
51.1926,51.1926,0.785524,0.784894,51.1935,51.1918,58.2637,58.2637
51.2982,51.2982,0.785521,0.785515,51.299,51.2973,58.3692,58.3692
51.4031,51.4031,0.785517,0.785866,51.4039,51.4022,58.4742,58.4742
51.5086,51.5086,0.785513,0.785651,51.5094,51.5077,58.5796,58.5796
51.6139,51.6139,0.785511,0.785476,51.6147,51.6131,58.6849,58.6849
51.7089,51.7089,0.785507,0.785585,51.7097,51.7081,58.78,58.78
51.8249,51.8249,0.785504,0.785638,51.8257,51.8242,58.896,58.896
51.9344,51.9344,0.785493,0.786313,51.935,51.9337,59.0054,59.0054
52.0402,52.0402,0.785491,0.785668,52.0409,52.0396,59.1113,59.1113
52.1452,52.1452,0.785489,0.785353,52.1459,52.1446,59.2163,59.2163
52.24,52.24,0.785489,0.785356,52.2406,52.2393,59.311,59.311
52.3556,52.3556,0.785487,0.785612,52.3562,52.3549,59.4266,59.4266
52.4613,52.4613,0.785487,0.785308,52.4619,52.4606,59.5323,59.5323
52.5671,52.5671,0.785485,0.785452,52.5677,52.5665,59.6382,59.6382
52.6739,52.6739,0.78548,0.786562,52.6744,52.6733,59.7449,59.7449
52.7816,52.7816,0.785476,0.785316,52.7821,52.781,59.8526,59.8526
52.8866,52.8866,0.785474,0.785748,52.8872,52.8861,59.9577,59.9577
52.9837,52.9837,0.78548,0.785502,52.9843,52.9831,60.0547,60.0547
53.1017,53.1017,0.785472,0.787054,53.1023,53.1012,60.1728,60.1728
53.2107,53.2107,0.785462,0.785025,53.2111,53.2102,60.2817,60.2817
53.3151,53.3151,0.785464,0.78546,53.3156,53.3147,60.3862,60.3862
53.42,53.42,0.785463,0.785205,53.4205,53.4196,60.4911,60.4911
53.5167,53.5167,0.78547,0.785639,53.5172,53.5161,60.5877,60.5877
53.6318,53.6318,0.78547,0.78534,53.6323,53.6313,60.7029,60.7029
53.7368,53.7368,0.785469,0.785343,53.7373,53.7363,60.8078,60.8078
53.8417,53.8417,0.785468,0.785518,53.8422,53.8412,60.9128,60.9128
53.9475,53.9475,0.785467,0.785131,53.948,53.947,61.0186,61.0186
54.0532,54.0532,0.785467,0.785471,54.0537,54.0527,61.1243,61.1243
54.1588,54.1588,0.785465,0.785557,54.1593,54.1583,61.2299,61.2299
54.2645,54.2645,0.785466,0.785173,54.2649,54.264,61.3355,61.3355
54.3597,54.3597,0.785465,0.785625,54.3602,54.3592,61.4307,61.4307
54.4764,54.4764,0.785462,0.785493,54.4769,54.4759,61.5475,61.5475
54.582,54.582,0.785462,0.785358,54.5825,54.5815,61.6531,61.6531
54.6883,54.6883,0.785461,0.785582,54.6887,54.6878,61.7593,61.7593
54.7942,54.7942,0.78546,0.785613,54.7946,54.7938,61.8653,61.8653
54.9002,54.9002,0.785458,0.785261,54.9006,54.8997,61.9712,61.9712
55.006,55.006,0.785458,0.785594,55.0065,55.0056,62.0771,62.0771
55.1121,55.1121,0.785455,0.78575,55.1125,55.1117,62.1831,62.1831
55.218,55.218,0.785456,0.784991,55.2184,55.2176,62.289,62.289
55.3243,55.3243,0.785455,0.785608,55.3247,55.3239,62.3954,62.3954
55.4302,55.4302,0.785454,0.785464,55.4306,55.4298,62.5013,62.5013
55.5359,55.5359,0.785453,0.785303,55.5363,55.5356,62.607,62.607
55.6315,55.6315,0.785452,0.785434,55.6319,55.6311,62.7025,62.7025
55.7479,55.7479,0.785451,0.785271,55.7483,55.7475,62.819,62.819
55.8438,55.8438,0.785449,0.785248,55.8441,55.8434,62.9148,62.9148
55.9602,55.9602,0.785449,0.785666,55.9605,55.9598,63.0312,63.0312
56.0557,56.0557,0.785446,0.785536,56.0561,56.0554,63.1268,63.1268
56.1722,56.1722,0.785447,0.785488,56.1725,56.1718,63.2433,63.2433
56.2788,56.2788,0.785443,0.785919,56.2792,56.2785,63.3499,63.3499
56.3856,56.3856,0.78544,0.785678,56.3859,56.3853,63.4567,63.4567
56.4926,56.4926,0.785442,0.784431,56.4929,56.4922,63.5636,63.5636
56.6035,56.6035,0.785455,0.785501,56.6039,56.6031,63.6745,63.6745
56.708,56.708,0.785451,0.785938,56.7084,56.7076,63.7791,63.7791
56.813,56.813,0.785449,0.785429,56.8134,56.8127,63.8841,63.8841
56.9183,56.9183,0.785449,0.785127,56.9187,56.918,63.9894,63.9894
57.0238,57.0238,0.785448,0.785515,57.0242,57.0235,64.0949,64.0949
57.1291,57.1291,0.785445,0.785743,57.1294,57.1287,64.2001,64.2001
57.2342,57.2342,0.785444,0.78511,57.2346,57.2339,64.3053,64.3053
57.3294,57.3294,0.785443,0.785482,57.3297,57.329,64.4004,64.4004
57.4486,57.4486,0.785449,0.785274,57.4489,57.4482,64.5196,64.5196
57.5536,57.5536,0.785446,0.785648,57.554,57.5533,64.6247,64.6247
57.6588,57.6588,0.785445,0.785399,57.6591,57.6585,64.7299,64.7299
57.7643,57.7643,0.785443,0.785745,57.7646,57.764,64.8353,64.8353
57.8712,57.8712,0.785442,0.784516,57.8715,57.8709,64.9422,64.9422
57.9821,57.9821,0.785454,0.785572,57.9825,57.9817,65.0532,65.0532
58.0865,58.0865,0.78545,0.785727,58.0869,58.0861,65.1576,65.1576
58.1911,58.1911,0.785448,0.785438,58.1914,58.1907,65.2621,65.2621
58.2856,58.2856,0.785445,0.785761,58.286,58.2853,65.3567,65.3567
58.4039,58.4039,0.785436,0.786139,58.4042,58.4037,65.475,65.475
58.4989,58.4989,0.785434,0.785691,58.4992,58.4987,65.57,65.57
58.6155,58.6155,0.78543,0.785465,58.6157,58.6153,65.6866,65.6866
58.7209,58.7209,0.785429,0.785128,58.7211,58.7207,65.792,65.792
58.8268,58.8268,0.785428,0.785892,58.827,58.8266,65.8979,65.8979
58.9335,58.9335,0.785425,0.785415,58.9337,58.9333,66.0045,66.0045
59.0279,59.0279,0.785424,0.785765,59.028,59.0277,66.0989,66.0989
59.1475,59.1475,0.785432,0.785496,59.1477,59.1472,66.2186,66.2186
59.2415,59.2415,0.785431,0.78581,59.2417,59.2413,66.3126,66.3126
59.3609,59.3609,0.785438,0.785565,59.3612,59.3606,66.432,66.432
59.4653,59.4653,0.785436,0.785587,59.4655,59.465,66.5363,66.5363
59.5702,59.5702,0.785435,0.78534,59.5704,59.5699,66.6412,66.6412
59.6753,59.6753,0.785432,0.785674,59.6756,59.6751,66.7464,66.7464
59.781,59.781,0.785431,0.785589,59.7812,59.7807,66.852,66.852
59.8864,59.8864,0.785429,0.785302,59.8866,59.8861,66.9574,66.9574
59.9926,59.9926,0.785431,0.785538,59.9928,59.9923,67.0636,67.0636
60.0987,60.0987,0.785426,0.786248,60.0989,60.0985,67.1698,67.1698
60.205,60.205,0.785423,0.785563,60.2051,60.2048,67.276,67.276
60.3111,60.3111,0.785424,0.785411,60.3113,60.3109,67.3822,67.3822
60.4196,60.4196,0.785415,0.785891,60.4197,60.4195,67.4907,67.4907
60.5257,60.5257,0.785412,0.785822,60.5258,60.5256,67.5967,67.5967
60.6313,60.6313,0.785411,0.785414,60.6314,60.6312,67.7024,67.7024
60.7363,60.7363,0.785414,0.784678,60.7364,60.7362,67.8074,67.8074
60.842,60.842,0.785415,0.785242,60.8422,60.8419,67.9131,67.9131
60.9477,60.9477,0.785413,0.785801,60.9479,60.9476,68.0188,68.0188
61.0539,61.0539,0.785415,0.785362,61.054,61.0538,68.1249,68.1249
61.1624,61.1624,0.785407,0.785886,61.1625,61.1623,68.2335,68.2335
61.2678,61.2678,0.785408,0.785334,61.2679,61.2677,68.3389,68.3389
61.3728,61.3728,0.78541,0.785213,61.3729,61.3727,68.4439,68.4439
61.4673,61.4673,0.78541,0.785445,61.4674,61.4672,68.5384,68.5384
61.5835,61.5835,0.785412,0.785293,61.5836,61.5834,68.6546,68.6546
61.6892,61.6892,0.785413,0.785623,61.6893,61.6891,68.7602,68.7602
61.7953,61.7953,0.785412,0.785397,61.7954,61.7952,68.8664,68.8664
61.9008,61.9008,0.785414,0.785119,61.9009,61.9007,68.9719,68.9719
62.0066,62.0066,0.785412,0.786029,62.0067,62.0065,69.0776,69.0776
62.113,62.113,0.785412,0.78564,62.1131,62.1129,69.1841,69.1841
62.2243,62.2243,0.785426,0.785127,62.2245,62.2241,69.2954,69.2954
62.329,62.329,0.785424,0.785753,62.3292,62.3288,69.4001,69.4001
62.4236,62.4236,0.785423,0.785593,62.4238,62.4234,69.4947,69.4947
62.5401,62.5401,0.785424,0.785118,62.5403,62.54,69.6112,69.6112
62.6355,62.6355,0.785425,0.785268,62.6357,62.6353,69.7066,69.7066
62.7528,62.7528,0.785419,0.786899,62.7529,62.7526,69.8238,69.8238
62.862,62.862,0.78541,0.78501,62.862,62.8619,69.933,69.933
62.9663,62.9663,0.785411,0.785446,62.9664,62.9662,70.0374,70.0374
63.0711,63.0711,0.78541,0.785341,63.0712,63.071,70.1422,70.1422
63.1759,63.1759,0.785411,0.785333,63.176,63.1758,70.247,70.247
63.2811,63.2811,0.785411,0.785535,63.2812,63.2811,70.3522,70.3522
63.3865,63.3865,0.785412,0.785275,63.3866,63.3864,70.4576,70.4576
63.4821,63.4821,0.785414,0.78528,63.4822,63.482,70.5531,70.5531
63.5983,63.5983,0.785413,0.785479,63.5984,63.5982,70.6694,70.6694
63.7041,63.7041,0.785412,0.785179,63.7042,63.704,70.7752,70.7752
63.8112,63.8112,0.785416,0.784962,63.8114,63.8111,70.8823,70.8823
63.9169,63.9169,0.785416,0.7856,63.917,63.9168,70.988,70.988
64.0229,64.0229,0.785414,0.785421,64.023,64.0228,71.094,71.094
64.1286,64.1286,0.785415,0.785216,64.1288,64.1285,71.1997,71.1997
64.2349,64.2349,0.785413,0.785788,64.235,64.2348,71.3059,71.3059
64.3407,64.3407,0.785412,0.7854,64.3408,64.3406,71.4118,71.4118
64.4465,64.4465,0.785412,0.785552,64.4466,64.4464,71.5176,71.5176
64.5529,64.5529,0.78541,0.785708,64.553,64.5528,71.6239,71.6239
64.6622,64.6622,0.785418,0.785123,64.6623,64.662,71.7332,71.7332
64.7673,64.7673,0.785416,0.785666,64.7674,64.7671,71.8383,71.8383
64.8729,64.8729,0.785416,0.785496,64.873,64.8728,71.944,71.944
64.9783,64.9783,0.785416,0.785242,64.9784,64.9782,72.0494,72.0494
65.0738,65.0738,0.785416,0.785384,65.0739,65.0737,72.1449,72.1449
65.1898,65.1898,0.785414,0.785398,65.1899,65.1897,72.2609,72.2609
65.285,65.285,0.785415,0.785139,65.2851,65.2849,72.3561,72.3561
65.4029,65.4029,0.78541,0.786879,65.4029,65.4028,72.4739,72.4739
65.5126,65.5126,0.7854,0.785031,65.5126,65.5126,72.5837,72.5837
65.6179,65.6179,0.785402,0.78552,65.6179,65.6178,72.6889,72.6889
65.7258,65.7258,0.785401,0.785013,65.7258,65.7258,72.7968,72.7969
65.8377,65.8377,0.785418,0.786506,65.8376,65.8379,72.9085,72.9091
65.9439,65.9439,0.785418,0.784972,65.9437,65.944,73.0147,73.0152
66.047,66.047,0.785414,0.78537,66.0469,66.0471,73.1179,73.1183
66.1519,66.1519,0.78541,0.785556,66.1518,66.152,73.2228,73.2232
66.2575,66.2575,0.785411,0.785454,66.2574,66.2575,73.3283,73.3287
66.3513,66.3513,0.785408,0.785146,66.3512,66.3514,73.4222,73.4225
66.4661,66.4661,0.785405,0.785395,66.4661,66.4662,73.5371,73.5373
66.5604,66.5604,0.785405,0.785471,66.5604,66.5604,73.6314,73.6316
66.6759,66.6759,0.785402,0.785268,66.6759,66.676,73.747,73.7471
66.7814,66.7814,0.785402,0.785576,66.7814,66.7814,73.8524,73.8525
66.887,66.887,0.785399,0.784866,66.887,66.887,73.9581,73.9581
66.993,66.993,0.785399,0.785478,66.993,66.993,74.0641,74.0641
67.099,67.099,0.785399,0.785513,67.099,67.099,74.1701,74.1701
67.2048,67.2048,0.7854,0.785156,67.2048,67.2048,74.2759,74.2759
67.3104,67.3104,0.7854,0.785496,67.3104,67.3104,74.3814,74.3814
67.4161,67.4161,0.785402,0.785166,67.4162,67.4161,74.4872,74.4872
67.5225,67.5225,0.785403,0.785307,67.5226,67.5225,74.5936,74.5936
67.6283,67.6283,0.785403,0.785578,67.6283,67.6283,74.6994,74.6994
67.7342,67.7342,0.785402,0.785188,67.7342,67.7342,74.8053,74.8053
67.8401,67.8401,0.785403,0.785347,67.8402,67.8401,74.9112,74.9112
67.9461,67.9461,0.785402,0.785613,67.9462,67.9461,75.0172,75.0172
68.0416,68.0416,0.785402,0.785085,68.0416,68.0416,75.1127,75.1127
68.1594,68.1594,0.785407,0.785238,68.1595,68.1593,75.2305,75.2305
68.2547,68.2547,0.785407,0.784938,68.2548,68.2546,75.3258,75.3258
68.3713,68.3713,0.785406,0.785599,68.3714,68.3713,75.4424,75.4424
68.4663,68.4663,0.785406,0.78531,68.4664,68.4663,75.5374,75.5374
68.5825,68.5825,0.785405,0.785743,68.5825,68.5824,75.6535,75.6535
68.6885,68.6885,0.785405,0.785215,68.6885,68.6884,75.7595,75.7595
68.7964,68.7964,0.7854,0.785313,68.7964,68.7964,75.8675,75.8675
68.9021,68.9021,0.785401,0.785162,68.9021,68.9021,75.9732,75.9732
69.0108,69.0108,0.785408,0.784591,69.0109,69.0107,76.0819,76.0819
69.1167,69.1167,0.78541,0.785188,69.1168,69.1166,76.1878,76.1878
69.2224,69.2224,0.78541,0.785543,69.2225,69.2224,76.2935,76.2935
69.3279,69.3279,0.785409,0.785637,69.3279,69.3278,76.3989,76.3989
69.4334,69.4334,0.785408,0.785255,69.4334,69.4333,76.5044,76.5044
69.541,69.541,0.785412,0.784589,69.5411,69.5409,76.612,76.612
69.6471,69.6471,0.785413,0.785303,69.6472,69.647,76.7182,76.7182
69.7523,69.7523,0.785412,0.785675,69.7524,69.7522,76.8233,76.8233
69.8574,69.8574,0.78541,0.785318,69.8575,69.8573,76.9285,76.9285
69.9634,69.9634,0.785411,0.785449,69.9635,69.9633,77.0345,77.0345
70.0693,70.0693,0.785407,0.785949,70.0694,70.0692,77.1404,77.1404
70.1754,70.1754,0.785406,0.785533,70.1755,70.1754,77.2465,77.2465
70.2809,70.2809,0.785406,0.785161,70.281,70.2809,77.352,77.352
70.3864,70.3864,0.785405,0.785867,70.3865,70.3864,77.4575,77.4575
70.4924,70.4924,0.785405,0.785172,70.4925,70.4924,77.5635,77.5635
70.5879,70.5879,0.785404,0.785214,70.5879,70.5878,77.6589,77.6589
70.7041,70.7041,0.785403,0.785555,70.7041,70.7041,77.7752,77.7752
70.81,70.81,0.785404,0.785266,70.81,70.81,77.8811,77.8811
70.9161,70.9161,0.785402,0.785578,70.9161,70.9161,77.9872,77.9872
71.0219,71.0219,0.785402,0.785266,71.0219,71.0219,78.093,78.093
71.1279,71.1279,0.785402,0.785389,71.1279,71.1278,78.1989,78.1989
71.2349,71.2349,0.785398,0.786195,71.2349,71.2349,78.306,78.306
71.331,71.331,0.785399,0.785515,71.331,71.331,78.4021,78.4021
71.4476,71.4476,0.7854,0.785214,71.4476,71.4476,78.5186,78.5187
71.5428,71.5428,0.7854,0.785157,71.5428,71.5428,78.6138,78.6139
71.6589,71.6589,0.785399,0.785682,71.6588,71.6589,78.7299,78.7299
71.765,71.765,0.7854,0.785455,71.765,71.765,78.836,78.8361
71.8708,71.8708,0.785399,0.78527,71.8708,71.8708,78.9418,78.9419
71.9763,71.9763,0.785399,0.785685,71.9763,71.9763,79.0474,79.0474
72.0823,72.0823,0.7854,0.78525,72.0823,72.0823,79.1533,79.1534
72.188,72.188,0.785399,0.785582,72.188,72.188,79.2591,79.2591
72.2942,72.2942,0.7854,0.785618,72.2942,72.2942,79.3652,79.3653
72.4016,72.4016,0.7854,0.78562,72.4016,72.4016,79.4727,79.4727
72.5084,72.5084,0.785402,0.785634,72.5084,72.5084,79.5795,79.5795
72.6184,72.6184,0.785406,0.786721,72.6183,72.6184,79.6893,79.6895
72.7257,72.7257,0.785409,0.785216,72.7256,72.7258,79.7966,79.7969
72.83,72.83,0.785409,0.785616,72.8299,72.8301,79.9009,79.9012
72.9347,72.9347,0.785407,0.784976,72.9347,72.9348,80.0057,80.0059
73.0404,73.0404,0.785406,0.785197,73.0404,73.0405,80.1114,80.1116
73.1458,73.1458,0.785405,0.785503,73.1457,73.1458,80.2167,80.2169
73.2405,73.2405,0.785405,0.785304,73.2405,73.2406,80.3115,80.3117
73.3567,73.3567,0.785404,0.785359,73.3566,73.3567,80.4277,80.4278
73.4641,73.4641,0.785399,0.785258,73.4641,73.4641,80.5351,80.5352
73.5715,73.5715,0.785403,0.784985,73.5715,73.5714,80.6425,80.6425
73.68,73.68,0.785411,0.784023,73.6801,73.68,80.7511,80.7511
73.7876,73.7876,0.785415,0.785694,73.7877,73.7875,80.8587,80.8587
73.8919,73.8919,0.785414,0.785421,73.892,73.8918,80.963,80.963
73.9968,73.9968,0.785411,0.785772,73.9969,73.9967,81.0679,81.0679
74.1015,74.1015,0.785408,0.785325,74.1016,74.1015,81.1726,81.1726
74.2066,74.2066,0.785407,0.785529,74.2067,74.2066,81.2777,81.2777
74.3023,74.3023,0.785408,0.785618,74.3023,74.3022,81.3733,81.3733
74.4189,74.4189,0.785407,0.785583,74.4189,74.4188,81.4899,81.4899
74.5286,74.5286,0.785398,0.786684,74.5286,74.5286,81.5997,81.5997
74.6354,74.6354,0.785402,0.785446,74.6354,74.6354,81.7064,81.7065
74.7401,74.7401,0.785404,0.785397,74.74,74.7401,81.8111,81.8112
74.8449,74.8449,0.785401,0.785239,74.8449,74.8449,81.9159,81.916
74.9498,74.9498,0.785402,0.785623,74.9498,74.9499,82.0209,82.021
75.0553,75.0553,0.785401,0.784941,75.0552,75.0553,82.1263,82.1264
75.161,75.161,0.7854,0.785515,75.161,75.161,82.2321,82.2321
75.2666,75.2666,0.785401,0.785496,75.2665,75.2666,82.3376,82.3377
75.3633,75.3633,0.7854,0.785654,75.3633,75.3633,82.4344,82.4344
75.4818,75.4818,0.785406,0.785595,75.4818,75.4817,82.5528,82.5528
75.579,75.579,0.785411,0.785075,75.5791,75.5789,82.6501,82.6501
75.6941,75.6941,0.785409,0.78561,75.6942,75.6941,82.7652,82.7652
75.799,75.799,0.785408,0.785344,75.799,75.7989,82.87,82.87
75.9041,75.9041,0.785406,0.785583,75.9042,75.9041,82.9752,82.9752
76.0093,76.0093,0.785404,0.785438,76.0094,76.0093,83.0804,83.0804
76.1146,76.1146,0.785404,0.785643,76.1147,76.1146,83.1857,83.1857
76.2206,76.2206,0.785401,0.785583,76.2206,76.2206,83.2917,83.2917
76.3264,76.3264,0.785401,0.785217,76.3264,76.3264,83.3975,83.3975
76.4216,76.4216,0.7854,0.785589,76.4216,76.4216,83.4927,83.4927
76.5379,76.5379,0.7854,0.785305,76.5379,76.5379,83.609,83.609
76.6441,76.6441,0.785399,0.785345,76.6441,76.6441,83.7151,83.7151
76.7504,76.7504,0.7854,0.785595,76.7504,76.7504,83.8215,83.8215
76.8575,76.8575,0.785399,0.78586,76.8575,76.8575,83.9286,83.9286
76.9633,76.9633,0.785399,0.785279,76.9633,76.9633,84.0343,84.0343
77.0694,77.0694,0.7854,0.785258,77.0694,77.0694,84.1405,84.1405
77.1642,77.1642,0.785401,0.785721,77.1642,77.1642,84.2353,84.2353
77.2821,77.2821,0.785399,0.784119,77.2821,77.2821,84.3532,84.3532
77.3806,77.3806,0.785406,0.785732,77.3807,77.3805,84.4517,84.4517
77.4968,77.4968,0.785406,0.785322,77.4968,77.4967,84.5678,84.5678
77.6021,77.6021,0.785406,0.785357,77.6022,77.6021,84.6732,84.6732
77.7076,77.7076,0.785404,0.785668,77.7076,77.7075,84.7786,84.7786
77.813,77.813,0.785403,0.785294,77.813,77.8129,84.884,84.884
77.9237,77.9237,0.785407,0.786184,77.9236,77.9237,84.9946,84.9949
78.0291,78.0291,0.785407,0.78547,78.029,78.0291,85.1,85.1003
78.1344,78.1344,0.785409,0.785304,78.1343,78.1345,85.2053,85.2056
78.2397,78.2397,0.785409,0.785123,78.2396,78.2398,85.3106,85.3109
78.3344,78.3344,0.785407,0.78506,78.3343,78.3344,85.4053,85.4056
78.4504,78.4504,0.785407,0.785864,78.4503,78.4505,85.5213,85.5216
78.5564,78.5564,0.785408,0.785559,78.5563,78.5565,85.6273,85.6276
78.6618,78.6618,0.785407,0.785085,78.6618,78.6619,85.7328,85.733
78.7674,78.7674,0.785407,0.785741,78.7673,78.7675,85.8383,85.8386
78.8733,78.8733,0.785407,0.78517,78.8732,78.8734,85.9442,85.9445
78.9794,78.9794,0.785405,0.785174,78.9794,78.9794,86.0504,86.0506
79.0849,79.0849,0.785405,0.785584,79.0849,79.085,86.1559,86.1561
79.1912,79.1912,0.785405,0.785506,79.1912,79.1912,86.2622,86.2624
79.2972,79.2972,0.785405,0.785191,79.2971,79.2972,86.3681,86.3683
79.4046,79.4046,0.7854,0.784758,79.4046,79.4047,86.4757,86.4757
79.5128,79.5128,0.785401,0.784057,79.5129,79.5128,86.5839,86.5839
79.6209,79.6209,0.785407,0.785689,79.621,79.6209,86.692,86.692
79.7253,79.7253,0.785405,0.78541,79.7254,79.7253,86.7964,86.7964
79.8305,79.8305,0.785404,0.78571,79.8305,79.8304,86.9015,86.9015
79.9357,79.9357,0.785404,0.785236,79.9358,79.9357,87.0068,87.0068
80.0304,80.0304,0.785402,0.785659,80.0305,80.0304,87.1015,87.1015
80.1466,80.1466,0.785401,0.785279,80.1466,80.1466,87.2177,87.2177
80.2415,80.2415,0.7854,0.785461,80.2415,80.2415,87.3126,87.3126
80.3582,80.3582,0.785399,0.785564,80.3582,80.3582,87.4293,87.4293
80.4533,80.4533,0.785399,0.785303,80.4533,80.4533,87.5244,87.5244
80.5696,80.5696,0.785398,0.785613,80.5696,80.5696,87.6406,87.6406
80.6778,80.6778,0.785404,0.786405,80.6778,80.6779,87.7488,87.749
80.7846,80.7846,0.785406,0.785545,80.7845,80.7846,87.8555,87.8558
80.8923,80.8923,0.785412,0.78637,80.8922,80.8924,87.9632,87.9636
80.9988,80.9988,0.785413,0.785449,80.9987,80.9989,88.0697,88.0701
81.1036,81.1036,0.785413,0.785269,81.1035,81.1037,88.1745,88.1749
81.2088,81.2088,0.785409,0.785055,81.2087,81.2089,88.2797,88.28
81.3142,81.3142,0.78541,0.785494,81.3141,81.3143,88.3851,88.3854
81.409,81.409,0.785408,0.785266,81.4089,81.409,88.4799,88.4802
81.525,81.525,0.785407,0.785437,81.5249,81.5251,88.5959,88.5962
81.6201,81.6201,0.785407,0.785413,81.62,81.6202,88.691,88.6913
81.7363,81.7363,0.785407,0.785664,81.7362,81.7363,88.8072,88.8075
81.8316,81.8316,0.785407,0.785618,81.8315,81.8317,88.9025,88.9028
81.9509,81.9509,0.785414,0.785799,81.9508,81.951,89.0217,89.0222
82.046,82.046,0.785413,0.785269,82.0459,82.0461,89.1168,89.1172
82.1618,82.1618,0.785412,0.785446,82.1617,82.1619,89.2326,89.233
82.2684,82.2684,0.785414,0.786005,82.2683,82.2685,89.3392,89.3397
82.3745,82.3745,0.785414,0.785534,82.3744,82.3746,89.4454,89.4458
82.4799,82.4799,0.785413,0.78501,82.4799,82.4801,89.5508,89.5512
82.5858,82.5858,0.785411,0.785407,82.5857,82.5859,89.6567,89.6571
82.6917,82.6917,0.785412,0.785505,82.6916,82.6918,89.7626,89.7629
82.7974,82.7974,0.78541,0.785092,82.7974,82.7975,89.8683,89.8687
82.9032,82.9032,0.785411,0.785742,82.9032,82.9033,89.9741,89.9745
83.0095,83.0095,0.785411,0.785401,83.0094,83.0096,90.0804,90.0807
83.1151,83.1151,0.78541,0.785305,83.1151,83.1152,90.1861,90.1864
83.2211,83.2211,0.785411,0.785689,83.2211,83.2212,90.292,90.2924
83.3273,83.3273,0.785411,0.785378,83.3272,83.3274,90.3982,90.3985
83.4253,83.4253,0.785416,0.786076,83.4252,83.4255,90.4961,90.4967
83.5417,83.5417,0.785417,0.785353,83.5416,83.5418,90.6125,90.613
83.647,83.647,0.785415,0.785116,83.6469,83.6472,90.7179,90.7184
83.7524,83.7524,0.785415,0.785554,83.7523,83.7525,90.8232,90.8237
83.8582,83.8582,0.785415,0.785256,83.858,83.8583,90.929,90.9295
83.9656,83.9656,0.78541,0.784276,83.9655,83.9657,91.0365,91.0368
84.0731,84.0731,0.785406,0.784973,84.073,84.0731,91.144,91.1442
84.1819,84.1819,0.7854,0.78569,84.1819,84.1819,91.2529,91.2529
84.2877,84.2877,0.785399,0.78592,84.2877,84.2877,91.3588,91.3588
84.3925,84.3925,0.785401,0.78542,84.3925,84.3925,91.4635,91.4636
84.4975,84.4975,0.785401,0.785337,84.4975,84.4975,91.5685,91.5686
84.6024,84.6024,0.785403,0.785662,84.6023,84.6024,91.6734,91.6735
84.7076,84.7076,0.785403,0.785243,84.7076,84.7076,91.7786,91.7788
84.8036,84.8036,0.785407,0.785193,84.8035,84.8036,91.8745,91.8748
84.9206,84.9206,0.785408,0.785322,84.9206,84.9207,91.9916,91.9918
85.0287,85.0287,0.785402,0.785019,85.0287,85.0287,92.0997,92.0998
85.1343,85.1343,0.785404,0.785925,85.1343,85.1344,92.2053,92.2055
85.2412,85.2412,0.785408,0.785873,85.2411,85.2412,92.3121,92.3124
85.3523,85.3523,0.785425,0.785641,85.3521,85.3525,92.423,92.4238
85.4563,85.4563,0.785422,0.785053,85.4561,85.4565,92.527,92.5277
85.5605,85.5605,0.78542,0.785457,85.5604,85.5607,92.6313,92.6319
85.6546,85.6546,0.78542,0.785399,85.6544,85.6547,92.7253,92.7259
85.77,85.77,0.785418,0.785208,85.7699,85.7702,92.8408,92.8414
85.8759,85.8759,0.785418,0.785385,85.8757,85.876,92.9466,92.9472
85.983,85.983,0.785413,0.785226,85.9829,85.9831,93.0539,93.0543
86.091,86.091,0.785405,0.784644,86.0909,86.091,93.1619,93.1621
86.1964,86.1964,0.785405,0.785176,86.1963,86.1964,93.2673,93.2675
86.3015,86.3015,0.785405,0.785646,86.3015,86.3015,93.3725,93.3727
86.4071,86.4071,0.785408,0.786097,86.407,86.4071,93.478,93.4783
86.5134,86.5134,0.785411,0.78583,86.5133,86.5135,93.5843,93.5846
86.6187,86.6187,0.785412,0.785235,86.6186,86.6188,93.6896,93.69
86.7246,86.7246,0.78541,0.785102,86.7245,86.7247,93.7955,93.7958
86.8304,86.8304,0.78541,0.78578,86.8303,86.8305,93.9013,93.9016
86.94,86.94,0.785421,0.785221,86.9398,86.9402,94.0107,94.0114
87.0447,87.0447,0.785419,0.78519,87.0445,87.0448,94.1155,94.1161
87.1494,87.1494,0.785419,0.785484,87.1493,87.1496,94.2202,94.2208
87.2443,87.2443,0.785418,0.785354,87.2441,87.2444,94.3151,94.3156
87.361,87.361,0.785419,0.785164,87.3608,87.3611,94.4318,94.4324
87.4696,87.4696,0.785412,0.78445,87.4695,87.4697,94.5404,94.5408
87.5755,87.5755,0.78541,0.785265,87.5754,87.5756,94.6464,94.6467
87.681,87.681,0.785408,0.785533,87.6809,87.681,94.7519,94.7522
87.7873,87.7873,0.785412,0.786656,87.7872,87.7874,94.8581,94.8585
87.8954,87.8954,0.785419,0.785015,87.8953,87.8956,94.9662,94.9668
87.9998,87.9998,0.785419,0.785727,87.9996,87.9999,95.0705,95.0711
88.1045,88.1045,0.785419,0.785178,88.1044,88.1047,95.1753,95.1759
88.2094,88.2094,0.785418,0.785525,88.2092,88.2095,95.2801,95.2807
88.3149,88.3149,0.785418,0.785392,88.3147,88.315,95.3857,95.3862
88.4207,88.4207,0.785419,0.785198,88.4205,88.4208,95.4914,95.492
88.5262,88.5262,0.785418,0.785491,88.5261,88.5263,95.597,95.5975
88.6317,88.6317,0.785419,0.785168,88.6316,88.6319,95.7025,95.7031
88.7377,88.7377,0.785418,0.78567,88.7375,88.7378,95.8085,95.809
88.8437,88.8437,0.785419,0.785411,88.8436,88.8439,95.9145,95.9151
88.9494,88.9494,0.785418,0.785251,88.9493,88.9496,96.0202,96.0208
89.0552,89.0552,0.785419,0.785683,89.055,89.0553,96.126,96.1266
89.1614,89.1614,0.785418,0.785132,89.1612,89.1615,96.2322,96.2327
89.2673,89.2673,0.785418,0.785464,89.2672,89.2674,96.3381,96.3387
89.3637,89.3637,0.785416,0.785444,89.3636,89.3638,96.4345,96.435
89.4808,89.4808,0.785419,0.78569,89.4807,89.481,96.5516,96.5522
89.5865,89.5865,0.785419,0.785136,89.5863,89.5866,96.6572,96.6578
89.6921,89.6921,0.785419,0.785526,89.692,89.6922,96.7629,96.7635
89.798,89.798,0.78542,0.78545,89.7978,89.7981,96.8687,96.8693
89.9038,89.9038,0.785419,0.785232,89.9037,89.904,96.9746,96.9752
90.0096,90.0096,0.78542,0.785779,90.0095,90.0098,97.0804,97.081
90.1167,90.1167,0.785419,0.785687,90.1166,90.1169,97.1875,97.1881
90.2223,90.2223,0.785419,0.785223,90.2222,90.2225,97.2931,97.2937
90.3175,90.3175,0.78542,0.785562,90.3173,90.3176,97.3883,97.3889
90.434,90.434,0.785419,0.785267,90.4338,90.4341,97.5048,97.5054
90.5321,90.5321,0.785413,0.784292,90.532,90.5322,97.603,97.6034
90.6499,90.6499,0.78541,0.785358,90.6498,90.65,97.7208,97.7212
90.7553,90.7553,0.785411,0.785726,90.7552,90.7554,97.8262,97.8266
90.8609,90.8609,0.785414,0.785514,90.8608,90.8611,97.9318,97.9322
90.9664,90.9664,0.785414,0.785431,90.9663,90.9665,98.0372,98.0377
91.0724,91.0724,0.785416,0.785968,91.0723,91.0725,98.1432,98.1437
91.1785,91.1785,0.78542,0.785869,91.1784,91.1787,98.2493,98.2499
91.2849,91.2849,0.78542,0.785106,91.2847,91.285,98.3556,98.3562
91.3942,91.3942,0.785411,0.785648,91.3941,91.3943,98.4651,98.4655
91.4991,91.4991,0.785413,0.785365,91.499,91.4992,98.5699,98.5703
91.6053,91.6053,0.785413,0.785512,91.6052,91.6054,98.6762,98.6766
91.7106,91.7106,0.785415,0.785338,91.7105,91.7108,98.7815,98.7819
91.8159,91.8159,0.785417,0.785617,91.8158,91.8161,98.8868,98.8873
91.9133,91.9133,0.785413,0.785174,91.9132,91.9134,98.9842,98.9846
92.0294,92.0294,0.785413,0.78587,92.0293,92.0295,99.1003,99.1007
92.1257,92.1257,0.785418,0.786858,92.1256,92.1259,99.1965,99.1971
92.2453,92.2453,0.785428,0.785145,92.245,92.2455,99.3159,99.3167
92.3388,92.3388,0.785428,0.785606,92.3386,92.339,99.4095,99.4103
92.454,92.454,0.785427,0.785233,92.4538,92.4542,99.5246,99.5254
92.5483,92.5483,0.785427,0.785656,92.5481,92.5485,99.6189,99.6198
92.6642,92.6642,0.785428,0.785106,92.664,92.6644,99.7348,99.7357
92.7698,92.7698,0.785427,0.785382,92.7696,92.77,99.8404,99.8412
92.8753,92.8753,0.785428,0.785495,92.8751,92.8755,99.946,99.9468
92.9814,92.9814,0.785429,0.785242,92.9811,92.9816,100.052,100.053
93.0874,93.0874,0.785429,0.785337,93.0872,93.0876,100.158,100.159
93.1931,93.1931,0.785431,0.785489,93.1929,93.1933,100.264,100.265
93.2987,93.2987,0.78543,0.785109,93.2984,93.2989,100.369,100.37
93.406,93.406,0.785434,0.785148,93.4058,93.4063,100.477,100.478
93.5011,93.5011,0.785433,0.785515,93.5008,93.5013,100.572,100.573
93.6172,93.6172,0.785433,0.785242,93.617,93.6175,100.688,100.689
93.7248,93.7248,0.785438,0.785259,93.7245,93.725,100.795,100.796
93.8332,93.8332,0.785444,0.785752,93.8328,93.8335,100.904,100.905
93.9389,93.9389,0.785444,0.785232,93.9385,93.9392,101.009,101.011
94.0442,94.0442,0.785443,0.785137,94.0438,94.0445,101.115,101.116
94.1494,94.1494,0.785441,0.785599,94.1491,94.1497,101.22,101.221
94.2577,94.2577,0.785448,0.78651,94.2573,94.258,101.328,101.329
94.3651,94.3651,0.785451,0.785712,94.3647,94.3654,101.435,101.437
94.4709,94.4709,0.785451,0.785353,94.4705,94.4713,101.541,101.543
94.5756,94.5756,0.785449,0.785473,94.5752,94.576,101.646,101.647
94.6816,94.6816,0.785446,0.78439,94.6813,94.6819,101.752,101.753
94.7886,94.7886,0.785441,0.785119,94.7883,94.7889,101.859,101.86
94.8832,94.8832,0.78544,0.7852,94.8829,94.8835,101.954,101.955
94.9988,94.9988,0.78544,0.785541,94.9985,94.9991,102.069,102.07
95.0939,95.0939,0.78544,0.785441,95.0936,95.0942,102.164,102.166
95.21,95.21,0.78544,0.785457,95.2097,95.2103,102.28,102.282
95.3156,95.3156,0.78544,0.785583,95.3153,95.3159,102.386,102.387
95.4214,95.4214,0.78544,0.785239,95.4211,95.4217,102.492,102.493
95.5273,95.5273,0.785439,0.785613,95.527,95.5276,102.598,102.599
95.6334,95.6334,0.78544,0.78579,95.6331,95.6337,102.704,102.705
95.7392,95.7392,0.78544,0.785246,95.7389,95.7394,102.81,102.811
95.8452,95.8452,0.78544,0.785439,95.8449,95.8455,102.916,102.917
95.9509,95.9509,0.785442,0.785686,95.9505,95.9512,103.021,103.023
96.0566,96.0566,0.785441,0.785186,96.0563,96.0569,103.127,103.128
96.1629,96.1629,0.785442,0.78594,96.1626,96.1633,103.233,103.235
96.2701,96.2701,0.785446,0.785608,96.2697,96.2704,103.34,103.342
96.3758,96.3758,0.785447,0.785549,96.3755,96.3762,103.446,103.448
96.4709,96.4709,0.785447,0.785325,96.4705,96.4712,103.541,103.543
96.5873,96.5873,0.785448,0.785371,96.587,96.5877,103.658,103.659
96.6826,96.6826,0.785448,0.78561,96.6823,96.683,103.753,103.754
96.8018,96.8018,0.785455,0.786177,96.8014,96.8022,103.872,103.874
96.9077,96.9077,0.785456,0.785485,96.9073,96.9081,103.978,103.98
97.0131,97.0131,0.785456,0.785172,97.0127,97.0135,104.083,104.085
97.1191,97.1191,0.785453,0.785234,97.1188,97.1195,104.189,104.191
97.2248,97.2248,0.785453,0.785638,97.2244,97.2252,104.295,104.297
97.3308,97.3308,0.785455,0.785491,97.3304,97.3312,104.401,104.403
97.4362,97.4362,0.785454,0.785229,97.4358,97.4366,104.506,104.508
97.5429,97.5429,0.785457,0.786544,97.5425,97.5434,104.613,104.615
97.6511,97.6511,0.785462,0.785014,97.6507,97.6516,104.721,104.723
97.7457,97.7457,0.785462,0.785555,97.7453,97.7462,104.816,104.818
97.8615,97.8615,0.785461,0.785046,97.8611,97.862,104.932,104.933
97.967,97.967,0.785461,0.785704,97.9665,97.9674,105.037,105.039
98.0728,98.0728,0.785462,0.785506,98.0724,98.0733,105.143,105.145
98.1784,98.1784,0.785461,0.785065,98.1779,98.1788,105.249,105.25
98.2876,98.2876,0.785469,0.785459,98.2871,98.2881,105.358,105.36
98.3928,98.3928,0.785468,0.785173,98.3923,98.3933,105.463,105.465
98.4985,98.4985,0.785468,0.785308,98.498,98.499,105.569,105.571
98.6037,98.6037,0.785468,0.785491,98.6032,98.6042,105.674,105.676
98.7095,98.7095,0.785468,0.785023,98.709,98.71,105.78,105.782
98.816,98.816,0.785465,0.784919,98.8155,98.8165,105.886,105.888
98.922,98.922,0.785463,0.785404,98.9216,98.9225,105.992,105.994
99.0285,99.0285,0.785467,0.786402,99.0281,99.029,106.099,106.101
99.127,99.127,0.785477,0.785278,99.1265,99.1276,106.197,106.199
99.2423,99.2423,0.785475,0.785679,99.2417,99.2428,106.312,106.314
99.3475,99.3475,0.785476,0.785455,99.347,99.3481,106.417,106.42
99.4525,99.4525,0.785475,0.785194,99.452,99.4531,106.523,106.525
99.5577,99.5577,0.785476,0.785582,99.5572,99.5583,106.628,106.63
99.6634,99.6634,0.785475,0.785294,99.6628,99.6639,106.733,106.736
99.7691,99.7691,0.785476,0.785388,99.7686,99.7697,106.839,106.841
99.8748,99.8748,0.785476,0.785624,99.8743,99.8754,106.945,106.947
99.9806,99.9806,0.785477,0.785135,99.98,99.9811,107.051,107.053
100.087,100.087,0.785475,0.785268,100.086,100.087,107.157,107.159
100.193,100.193,0.785477,0.785667,100.192,100.193,107.263,107.265
100.298,100.298,0.785478,0.785337,100.298,100.299,107.368,107.371
100.404,100.404,0.785479,0.785626,100.404,100.405,107.474,107.476
100.499,100.499,0.785479,0.785282,100.499,100.5,107.569,107.572
100.619,100.619,0.785489,0.785562,100.619,100.62,107.689,107.692
100.725,100.725,0.785488,0.785182,100.724,100.725,107.794,107.797
100.83,100.83,0.785488,0.785432,100.83,100.831,107.9,107.903
100.936,100.936,0.785489,0.785588,100.935,100.937,108.006,108.008
101.041,101.041,0.785489,0.78526,101.041,101.042,108.111,108.114
101.147,101.147,0.78549,0.785703,101.146,101.148,108.217,108.22
101.256,101.256,0.785498,0.786662,101.255,101.256,108.325,108.328
101.364,101.364,0.785502,0.785789,101.363,101.364,108.433,108.436
101.469,101.469,0.785503,0.785444,101.469,101.47,108.539,108.542
101.575,101.575,0.785504,0.785427,101.574,101.575,108.644,108.647
101.679,101.679,0.785503,0.785305,101.679,101.68,108.749,108.752
101.785,101.785,0.785504,0.78561,101.784,101.785,108.854,108.857
101.88,101.88,0.785503,0.785542,101.879,101.881,108.949,108.952
101.998,101.998,0.785508,0.785448,101.997,101.998,109.067,109.07
102.092,102.092,0.785508,0.785254,102.092,102.093,109.162,109.165
102.208,102.208,0.785508,0.785578,102.208,102.209,109.278,109.281
102.304,102.304,0.78551,0.785343,102.303,102.304,109.373,109.376
102.42,102.42,0.785509,0.785594,102.419,102.421,109.49,109.493
102.515,102.515,0.785511,0.785787,102.515,102.516,109.585,109.588
102.632,102.632,0.785511,0.785068,102.631,102.633,109.701,109.705
102.738,102.738,0.785513,0.785776,102.737,102.739,109.807,109.811
102.844,102.844,0.785515,0.78582,102.843,102.845,109.914,109.917
Exiting model node
... logging to /home/aauship/.ros/log/ceafeab8-2403-11e7-ae9a-00248c681181/roslaunch-aauship-2835.log
Checking log directory for disk usage. This may take awhile.
Press Ctrl-C to interrupt
Done checking log file disk usage. Usage is <1GB.
]2;/home/aauship/p8-vessel-main/aauship_832_ws/src/aauship_control/path_controller_model_test.launch
[1mstarted roslaunch server http://aauship:56260/[0m

SUMMARY
========

PARAMETERS
 * /rosdistro: indigo
 * /rosversion: 1.11.9

NODES
  /
    lqr_node (aauship_control/lqr_node)
    model_node (aauship_control/model-node.py)
    path_follower_node (aauship_control/path_follower_node)

auto-starting new master
[1mprocess[master]: started with pid [2847][0m
[1mROS_MASTER_URI=http://localhost:11311[0m
]2;/home/aauship/p8-vessel-main/aauship_832_ws/src/aauship_control/path_controller_model_test.launch http://localhost:11311
[1msetting /run_id to ceafeab8-2403-11e7-ae9a-00248c681181[0m
[1mprocess[rosout-1]: started with pid [2860][0m
started core service [/rosout]
[1mprocess[model_node-2]: started with pid [2877][0m
[1mprocess[lqr_node-3]: started with pid [2878][0m
[1mprocess[path_follower_node-4]: started with pid [2901][0m
[path_follower_node-4] killing on exit
[lqr_node-3] killing on exit
[model_node-2] killing on exit
[rosout-1] killing on exit
[master] killing on exit
shutting down processing monitor...
... shutting down processing monitor complete
[1mdone[0m
