0,0,1.57984,1,0,0,-0.0904722,10
0,0,1.57984,1,0,0,-0.0904722,10
0,0,1.57984,1,0,0,-0.0904722,10
0,0,1.57984,1,0,0,-0.0904722,10
0,0.177116,1.66116,0.43704,0.730928,0.177116,-0.0904722,9.24232
0,0.897498,1.77497,1.0439,1.46789,0.897498,-0.0904722,8.42379
0,2.45114,1.89697,1.50399,1.7992,2.45114,-0.0904722,8.03761
0,4.27047,2.07558,1.45936,1.91495,4.27047,-0.0904722,7.89999
0,6.70607,3.06885,1.06759,2.71416,6.70607,-0.0904722,6.91046
0,8.22154,-2.50852,0.774431,3.92163,8.22154,-0.0904722,5.27732
0,10.0914,-2.21788,0.810154,5.92565,10.0914,-0.0904722,2.12957
0,12.3325,-2.09423,1.21527,7.32186,12.3325,-0.0904722,-0.510804
0,15.4555,-2.00522,1.9289,7.2263,15.4555,-0.0904722,-0.313952
0,17.7227,-1.92092,2.65002,5.10593,17.7227,-0.0904722,3.4923
0,18.1791,-1.82269,-3.10932,2.8571,18.1791,-0.0904722,6.72606
0,16.8499,-1.61832,-2.26357,0.247187,16.8499,-0.0904722,9.74976
0,14.1345,-1.55084,-1.27003,-0.169622,14.1345,-0.0904722,10.1682
0,12.6109,-2.04316,0.270346,3.03593,12.6109,-0.0904722,6.49209
0,15.4577,-1.9655,1.76448,4.50854,15.4577,-0.0904722,4.41743
0,16.8693,-1.72577,-2.73056,1.17748,16.8693,-0.0904722,8.75296
0,13.9269,-1.64188,-1.207,0.203773,13.9269,-0.0904722,9.79415
0,13.7,-2.01571,0.908808,3.9336,13.7,-0.0904722,5.26024
0,16.8156,-1.85093,2.73614,2.78569,16.8156,-0.0904722,6.81847
0,14.3474,-1.61625,-1.42869,0.112416,14.3474,-0.0904722,9.88695
0,13.4088,-2.01599,0.68872,3.52269,13.4088,-0.0904722,5.83629
0,16.7867,-1.83174,2.84465,2.46113,16.7867,-0.0904722,7.23128
0,14.6987,-1.60365,-1.60948,0.066139,14.6987,-0.0904722,9.93364
0,13.3252,-2.01148,0.591851,3.29538,13.3252,-0.0904722,6.14605
0,16.7699,-1.79684,3.06162,1.96247,16.7699,-0.0904722,7.84308
0,14.1016,-1.63779,-1.29828,0.198146,14.1016,-0.0904722,9.79989
0,14.4102,-1.98247,1.24167,3.85713,14.4102,-0.0904722,5.36906
0,16.7076,-1.76592,-3.04172,1.56998,16.7076,-0.0904722,8.30601
0,13.1823,-1.82123,-0.639177,0.989181,13.1823,-0.0904722,8.96177
0,14.8604,-1.96414,1.47256,3.83519,14.8604,-0.0904722,5.40014
0,16.088,-1.65826,-2.39785,0.487132,16.088,-0.0904722,9.501
0,13.0229,-1.88824,-0.389534,1.39213,13.0229,-0.0904722,8.51049
0,15.9793,-1.90827,2.10051,3.41868,15.9793,-0.0904722,5.9788
0,16.047,-1.64708,-2.35066,0.403137,16.047,-0.0904722,9.58873
0,12.9965,-1.91842,-0.230158,1.63751,12.9965,-0.0904722,8.2275
0,16.0787,-1.89971,2.1611,3.30341,16.0787,-0.0904722,6.13521
0,16.0642,-1.64255,-2.34909,0.372673,16.0642,-0.0904722,9.62038
0,13.0236,-1.94727,-0.0395869,1.9531,13.0236,-0.0904722,7.85431
0,15.6247,-1.92569,1.86524,3.5519,15.6247,-0.0904722,5.79604
0,16.3196,-1.6649,-2.51413,0.560317,16.3196,-0.0904722,9.42397
0,13.0941,-1.88562,-0.309684,1.40814,13.0941,-0.0904722,8.49222
0,15.0809,-1.94868,1.55247,3.64816,15.0809,-0.0904722,5.66264
0,16.6979,-1.72272,-2.87678,1.11525,16.6979,-0.0904722,8.82236
0,13.5276,-1.72705,-0.799202,0.555131,13.5276,-0.0904722,9.42945
0,14.1093,-1.97794,1.00036,3.41146,14.1093,-0.0904722,5.98865
0,16.8421,-1.79015,2.97019,1.89883,16.8421,-0.0904722,7.91924
0,15.2326,-1.56425,-1.79322,-0.123896,15.2326,-0.0904722,10.1231
0,13.1593,-1.94515,0.0759504,2.03027,13.1593,-0.0904722,7.76146
0,15.6272,-1.92258,1.82401,3.48356,15.6272,-0.0904722,5.89007
0,16.8002,-1.72119,-2.90275,1.11916,16.8002,-0.0904722,8.81802
0,14.3023,-1.58901,-1.2511,-0.0123426,14.3023,-0.0904722,10.0123
0,13.8037,-1.9762,0.748015,3.06275,13.8037,-0.0904722,6.45669
0,16.324,-1.87955,2.23481,3.05237,16.324,-0.0904722,6.47039
0,16.5455,-1.65729,-2.55997,0.523701,16.5455,-0.0904722,9.46258
0,13.8629,-1.65605,-0.935073,0.26236,13.8629,-0.0904722,9.7342
0,13.8824,-1.97203,0.776429,3.05622,13.8824,-0.0904722,6.46532
0,16.623,-1.85321,2.44386,2.73583,16.623,-0.0904722,6.88265
0,16.646,-1.66126,-2.6029,0.565086,16.646,-0.0904722,9.41894
0,13.8461,-1.66605,-0.875937,0.306741,13.8461,-0.0904722,9.68855
0,13.7165,-1.96626,0.605714,2.79313,13.7165,-0.0904722,6.80886
0,16.3834,-1.87628,2.21477,3.0237,16.3834,-0.0904722,6.50821
0,16.9472,-1.71039,-2.89954,1.03925,16.9472,-0.0904722,8.9066
0,14.6589,-1.55216,-1.35351,-0.174077,14.6589,-0.0904722,10.1726
0,13.43,-1.93541,0.2094,2.1099,13.43,-0.0904722,7.66498
0,15.1686,-1.9369,1.47778,3.44819,15.1686,-0.0904722,5.93851
0,17.0418,-1.79299,2.85483,1.99719,17.0418,-0.0904722,7.80134
0,16.285,-1.59139,-2.2345,0.039816,16.285,-0.0904722,9.9601
0,14.065,-1.63094,-0.936997,0.164297,14.065,-0.0904722,9.83435
0,13.7363,-1.95299,0.519955,2.58917,13.7363,-0.0904722,7.06983
0,15.8403,-1.90847,1.81383,3.3296,15.8403,-0.0904722,6.09981
0,17.151,-1.75676,3.07047,1.57456,17.151,-0.0904722,8.3007
0,16.0594,-1.56164,-2.05226,-0.144665,16.0594,-0.0904722,10.1436
0,13.9235,-1.67526,-0.766724,0.359219,13.9235,-0.0904722,9.63433
0,14.112,-1.95308,0.772507,2.90322,14.112,-0.0904722,6.66606
0,16.0384,-1.89818,1.89066,3.24674,16.0384,-0.0904722,6.21152
0,17.2135,-1.74767,3.10461,1.48394,17.2135,-0.0904722,8.40534
0,16.3336,-1.57548,-2.17833,-0.0610628,16.3336,-0.0904722,10.0609
0,13.8707,-1.70536,-0.648886,0.503401,13.8707,-0.0904722,9.48392
0,13.9505,-1.94394,0.585733,2.61702,13.9505,-0.0904722,7.03447
0,15.9649,-1.90126,1.81138,3.26273,15.9649,-0.0904722,6.19003
0,17.2707,-1.7605,3.00175,1.64841,17.2707,-0.0904722,8.21479
0,16.6257,-1.59554,-2.32788,0.0754005,16.6257,-0.0904722,9.92432
0,14.1748,-1.6351,-0.85101,0.190765,14.1748,-0.0904722,9.80742
0,13.8232,-1.9257,0.376536,2.25973,13.8232,-0.0904722,7.48161
0,15.849,-1.90577,1.70925,3.27959,15.849,-0.0904722,6.16733
0,17.1884,-1.80447,2.67739,2.20345,17.1884,-0.0904722,7.55077
0,16.8767,-1.61621,-2.46589,0.232743,16.8767,-0.0904722,9.76455
0,14.9198,-1.53546,-1.29322,-0.255478,14.9198,-0.0904722,10.2522
0,13.7573,-1.88941,0.119166,1.79422,13.7573,-0.0904722,8.0435
0,15.5342,-1.91665,1.49609,3.28969,15.5342,-0.0904722,6.15371
0,17.0974,-1.82462,2.49634,2.4728,17.0974,-0.0904722,7.21664
0,17.1732,-1.65027,-2.67576,0.523621,17.1732,-0.0904722,9.46266
0,15.5101,-1.51336,-1.58552,-0.385536,15.5101,-0.0904722,10.3781
0,13.7951,-1.85065,-0.0585483,1.44598,13.7951,-0.0904722,8.44893
0,14.8492,-1.93165,1.07167,3.09065,14.8492,-0.0904722,6.41975
0,16.933,-1.84464,2.29871,2.73083,16.933,-0.0904722,6.88907
0,17.475,-1.72033,-3.0931,1.23298,17.475,-0.0904722,8.69072
0,16.3544,-1.54001,-2.01848,-0.277715,16.3544,-0.0904722,10.2739
0,14.1861,-1.67288,-0.66915,0.377782,14.1861,-0.0904722,9.61508
0,14.4193,-1.92863,0.7377,2.7202,14.4193,-0.0904722,6.90271
0,16.1478,-1.89192,1.75968,3.18886,16.1478,-0.0904722,6.28907
0,17.5078,-1.76805,2.86923,1.80304,17.5078,-0.0904722,8.03307
0,17.1532,-1.61642,-2.51911,0.247512,17.1532,-0.0904722,9.74942
0,14.8283,-1.55434,-1.10198,-0.167207,14.8283,-0.0904722,10.1658
0,13.9749,-1.8715,0.116926,1.72276,13.9749,-0.0904722,8.12772
0,15.4381,-1.91514,1.32697,3.1924,15.4381,-0.0904722,6.28434
0,17.3143,-1.81496,2.50218,2.40365,17.3143,-0.0904722,7.30318
0,17.5627,-1.68553,-2.92327,0.887918,17.5627,-0.0904722,9.07258
0,16.1245,-1.51343,-1.80276,-0.418671,16.1245,-0.0904722,10.4099
0,14.0852,-1.75971,-0.349057,0.862612,14.0852,-0.0904722,9.10011
0,14.5471,-1.92021,0.727936,2.67278,14.5471,-0.0904722,6.96341
0,16.5289,-1.87528,1.8972,3.0834,16.5289,-0.0904722,6.42937
0,17.5893,-1.78072,2.7466,1.99428,17.5893,-0.0904722,7.80485
0,17.3414,-1.61713,-2.55102,0.262225,17.3414,-0.0904722,9.73434
0,15.6714,-1.50288,-1.50748,-0.446536,15.6714,-0.0904722,10.4366
0,14.0954,-1.82522,-0.0648768,1.34926,14.0954,-0.0904722,8.5593
0,15.0144,-1.91717,0.993838,2.93997,15.0144,-0.0904722,6.6181
0,16.8507,-1.85855,2.04486,2.93679,16.8507,-0.0904722,6.62224
0,17.7628,-1.74323,2.97824,1.55321,17.7628,-0.0904722,8.32543
0,17.1768,-1.58079,-2.35764,-0.0189586,17.1768,-0.0904722,10.0189
0,15.071,-1.5415,-1.109,-0.232351,15.071,-0.0904722,10.2297
0,14.2987,-1.88152,0.310528,1.99522,14.2987,-0.0904722,7.80371
0,15.6868,-1.9037,1.34172,3.13341,15.6868,-0.0904722,6.363
0,17.4921,-1.81111,2.46126,2.40749,17.4921,-0.0904722,7.29839
0,17.8218,-1.69187,-3.00865,0.987243,17.8218,-0.0904722,8.96391
0,16.4369,-1.50952,-1.84868,-0.457926,16.4369,-0.0904722,10.4474
0,14.5688,-1.64732,-0.669031,0.281736,14.5688,-0.0904722,9.71429
0,14.7003,-1.90399,0.663355,2.5202,14.7003,-0.0904722,7.15702
0,16.2845,-1.88496,1.63125,3.1332,16.2845,-0.0904722,6.36327
0,17.7689,-1.78039,2.68206,2.0411,17.7689,-0.0904722,7.74838
0,17.8084,-1.65729,-2.82536,0.644275,17.8084,-0.0904722,9.33495
0,16.3448,-1.49987,-1.75345,-0.506182,16.3448,-0.0904722,10.4934
0,14.4903,-1.69245,-0.499391,0.524278,14.4903,-0.0904722,9.46197
0,14.7248,-1.89835,0.627455,2.45178,14.7248,-0.0904722,7.243
0,16.5165,-1.87635,1.72187,3.09704,16.5165,-0.0904722,6.41128
0,17.6983,-1.79959,2.51689,2.30038,17.6983,-0.0904722,7.43144
0,17.9201,-1.66471,-2.87802,0.726407,17.9201,-0.0904722,9.24717
0,16.7747,-1.51656,-1.94963,-0.435157,16.7747,-0.0904722,10.4257
0,14.6174,-1.67611,-0.543393,0.445761,14.6174,-0.0904722,9.5443
0,14.7161,-1.88736,0.529733,2.29271,14.7161,-0.0904722,7.44092
0,16.5579,-1.87438,1.6948,3.08187,16.5579,-0.0904722,6.43139
0,17.8043,-1.79327,2.54115,2.23893,17.8043,-0.0904722,7.5072
0,17.9563,-1.65022,-2.81077,0.591248,17.9563,-0.0904722,9.39126
0,16.5169,-1.49727,-1.75931,-0.532331,16.5169,-0.0904722,10.5182
0,14.758,-1.6494,-0.616484,0.308983,14.758,-0.0904722,9.68624
0,14.9262,-1.89055,0.655603,2.45478,14.9262,-0.0904722,7.23924
0,16.4222,-1.87866,1.57969,3.08963,16.4222,-0.0904722,6.42111
0,17.8362,-1.79607,2.49706,2.29135,17.8362,-0.0904722,7.4426
0,18.1189,-1.67491,-2.96742,0.850591,18.1189,-0.0904722,9.11317
0,16.9685,-1.51445,-1.97091,-0.458296,16.9685,-0.0904722,10.4478
0,14.916,-1.62458,-0.690567,0.18417,14.916,-0.0904722,9.81413
0,15.0083,-1.88539,0.649281,2.42583,15.0083,-0.0904722,7.27548
0,16.5872,-1.87224,1.62259,3.05692,16.5872,-0.0904722,6.46438
0,18.0788,-1.76941,2.67929,1.97195,18.0788,-0.0904722,7.83169
0,18.1189,-1.6469,-2.82386,0.573597,18.1189,-0.0904722,9.40994
0,16.425,-1.48683,-1.623,-0.583549,16.425,-0.0904722,10.5665
0,14.7702,-1.69304,-0.434882,0.567243,14.7702,-0.0904722,9.41666
0,15.3984,-1.88892,0.886371,2.69784,15.3984,-0.0904722,6.93137
0,17.061,-1.85379,1.84617,2.95029,17.061,-0.0904722,6.60459
0,18.2729,-1.73715,2.88821,1.58623,18.2729,-0.0904722,8.28716
0,17.8601,-1.5825,-2.46995,0.00151197,17.8601,-0.0904722,9.99849
0,16.0799,-1.48861,-1.38857,-0.547405,16.0799,-0.0904722,10.5324
0,14.7258,-1.7899,-0.0331711,1.26026,14.7258,-0.0904722,8.66001
0,16.1564,-1.88068,1.2976,2.9809,16.1564,-0.0904722,6.56447
0,17.7925,-1.81259,2.26432,2.53796,17.7925,-0.0904722,7.13461
0,18.3716,-1.68107,-3.05917,0.946236,18.3716,-0.0904722,9.0089
0,16.975,-1.49431,-1.85009,-0.581715,16.975,-0.0904722,10.5648
0,15.06,-1.63281,-0.617738,0.238749,15.06,-0.0904722,9.7584
0,15.4234,-1.87951,0.797293,2.56307,15.4234,-0.0904722,7.10288
0,17.3614,-1.84091,1.9328,2.85256,17.3614,-0.0904722,6.73195
0,18.4036,-1.73751,2.84568,1.6181,18.4036,-0.0904722,8.25012
0,17.8173,-1.55351,-2.32803,-0.221807,17.8173,-0.0904722,10.2193
0,15.8399,-1.50578,-1.16387,-0.442532,15.8399,-0.0904722,10.4327
0,14.9272,-1.82418,0.202387,1.64738,14.9272,-0.0904722,8.21599
0,16.7199,-1.86508,1.52973,2.99183,16.7199,-0.0904722,6.55013
0,18.2131,-1.78152,2.49396,2.18548,18.2131,-0.0904722,7.57278
0,18.3306,-1.61704,-2.71724,0.309606,18.3306,-0.0904722,9.6856
0,16.7665,-1.47718,-1.6554,-0.665379,16.7665,-0.0904722,10.6432
0,14.9364,-1.74804,-0.159269,0.977452,14.9364,-0.0904722,8.97466
0,15.7797,-1.87578,0.948543,2.69317,15.7797,-0.0904722,6.93735
0,17.6906,-1.82595,2.0483,2.72512,17.6906,-0.0904722,6.8964
0,18.6055,-1.69118,3.11641,1.08954,18.6055,-0.0904722,8.85093
0,17.8845,-1.53953,-2.27247,-0.326984,17.8845,-0.0904722,10.3216
0,15.538,-1.55681,-0.858048,-0.165621,15.538,-0.0904722,10.1643
0,15.1115,-1.82829,0.293014,1.76027,15.1115,-0.0904722,8.08358
0,16.8788,-1.85892,1.5427,2.95717,16.8788,-0.0904722,6.59558
0,18.3091,-1.78186,2.45051,2.21852,18.3091,-0.0904722,7.53229
0,18.5575,-1.63057,-2.82195,0.449115,18.5575,-0.0904722,9.5408
0,17.185,-1.48131,-1.8046,-0.676494,17.185,-0.0904722,10.6536
0,15.1393,-1.69608,-0.327214,0.639949,15.1393,-0.0904722,9.33955
0,15.6832,-1.86461,0.780578,2.47033,15.6832,-0.0904722,7.21974
0,17.7325,-1.82617,1.98328,2.74533,17.7325,-0.0904722,6.87045
0,18.7015,-1.72599,2.85697,1.52843,18.7015,-0.0904722,8.35408
0,18.1961,-1.55388,-2.38884,-0.225329,18.1961,-0.0904722,10.2228
0,16.3435,-1.47928,-1.29066,-0.617719,16.3435,-0.0904722,10.5986
0,15.182,-1.79451,0.131915,1.43988,15.182,-0.0904722,8.45592
0,16.3505,-1.86516,1.16563,2.80819,16.3505,-0.0904722,6.78942
0,18.2589,-1.79478,2.28792,2.40595,18.2589,-0.0904722,7.30031
0,18.8286,-1.68596,3.10319,1.05988,18.8286,-0.0904722,8.8838
0,17.8527,-1.5089,-2.10516,-0.544342,17.8527,-0.0904722,10.5295
0,15.9054,-1.52445,-0.961477,-0.348491,15.9054,-0.0904722,10.3424
0,15.4013,-1.82721,0.387896,1.85871,15.4013,-0.0904722,7.96703
0,16.7806,-1.85731,1.36813,2.88091,16.7806,-0.0904722,6.69512
0,18.511,-1.77642,2.43234,2.19279,18.511,-0.0904722,7.56383
0,18.8732,-1.65361,-2.99685,0.706799,18.8732,-0.0904722,9.26819
0,17.9565,-1.50905,-2.12057,-0.549354,17.9565,-0.0904722,10.5343
0,15.6965,-1.57319,-0.733105,-0.0770145,15.6965,-0.0904722,10.0767
0,15.4704,-1.82036,0.370216,1.80604,15.4704,-0.0904722,8.02951
0,17.0379,-1.85009,1.46552,2.87273,17.0379,-0.0904722,6.70576
0,18.6907,-1.76186,2.5293,2.02143,18.6907,-0.0904722,7.77213
0,18.943,-1.64815,-2.98112,0.655086,18.943,-0.0904722,9.32343
0,17.6005,-1.47742,-1.86514,-0.735886,17.6005,-0.0904722,10.7088
0,15.7554,-1.5731,-0.717436,-0.0774043,15.7554,-0.0904722,10.0771
0,15.7363,-1.83715,0.580264,2.11255,15.7363,-0.0904722,7.66176
0,17.2154,-1.84473,1.52296,2.85703,17.2154,-0.0904722,6.72616
0,18.6925,-1.76785,2.4588,2.11154,18.6925,-0.0904722,7.66299
0,19.0234,-1.64723,-2.98928,0.652116,19.0234,-0.0904722,9.3266
0,17.6697,-1.47582,-1.85959,-0.752147,17.6697,-0.0904722,10.7238
0,15.8202,-1.57456,-0.701934,-0.0688255,15.8202,-0.0904722,10.0686
0,15.8482,-1.83533,0.606573,2.13417,15.8482,-0.0904722,7.63545
0,17.3593,-1.84011,1.55712,2.83753,17.3593,-0.0904722,6.75144
0,18.9013,-1.74955,2.5891,1.89236,18.9013,-0.0904722,7.92695
0,19.0818,-1.63686,-2.94041,0.547569,19.0818,-0.0904722,9.43743
0,17.8594,-1.48017,-1.92319,-0.73996,17.8594,-0.0904722,10.7125
0,15.7247,-1.61998,-0.514808,0.201322,15.7247,-0.0904722,9.79665
0,15.8779,-1.82768,0.559873,2.04689,15.8779,-0.0904722,7.74138
0,17.7456,-1.82781,1.72663,2.77938,17.7456,-0.0904722,6.82661
0,18.9656,-1.74872,2.5742,1.8952,18.9656,-0.0904722,7.92356
0,19.0519,-1.60434,-2.76366,0.220777,19.0519,-0.0904722,9.77679
0,17.7079,-1.46712,-1.79382,-0.811446,17.7079,-0.0904722,10.7785
0,15.7042,-1.65521,-0.368014,0.42929,15.7042,-0.0904722,9.56149
0,16.1201,-1.83414,0.702309,2.22804,16.1201,-0.0904722,7.52059
0,18.0658,-1.81581,1.86433,2.69161,18.0658,-0.0904722,6.93934
0,19.1513,-1.72887,2.70847,1.65381,19.1513,-0.0904722,8.20848
0,18.9992,-1.57676,-2.61611,-0.0369864,18.9992,-0.0904722,10.0369
0,17.4575,-1.45588,-1.61264,-0.856597,17.4575,-0.0904722,10.8198
0,15.7133,-1.69005,-0.213527,0.678121,15.7133,-0.0904722,9.29886
0,16.3372,-1.83635,0.81359,2.34762,16.3372,-0.0904722,7.37291
0,18.2482,-1.80864,1.92871,2.63298,18.2482,-0.0904722,7.01417
0,19.2479,-1.7226,2.73877,1.58628,19.2479,-0.0904722,8.2871
0,19.035,-1.5684,-2.57612,-0.111831,19.035,-0.0904722,10.1112
0,17.3836,-1.45455,-1.52812,-0.856919,17.3836,-0.0904722,10.8201
0,15.7928,-1.69623,-0.176289,0.736221,15.7928,-0.0904722,9.23664
0,16.98,-1.83838,1.16468,2.64652,16.98,-0.0904722,6.99692
0,18.669,-1.78757,2.1388,2.41611,18.669,-0.0904722,7.28763
0,19.4319,-1.65129,-3.0868,0.731564,19.4319,-0.0904722,9.24164
0,18.5626,-1.50185,-2.16649,-0.639076,18.5626,-0.0904722,10.6186
0,16.2314,-1.55268,-0.731236,-0.199803,16.2314,-0.0904722,10.1978
0,16.1492,-1.81027,0.526608,1.92721,16.1492,-0.0904722,7.88532
0,17.7116,-1.82658,1.53783,2.74431,17.7116,-0.0904722,6.87176
0,19.2411,-1.7427,2.5417,1.8691,19.2411,-0.0904722,7.95468
0,19.4054,-1.60788,-2.83756,0.268619,19.4054,-0.0904722,9.72777
0,17.6642,-1.45065,-1.60424,-0.91082,17.6642,-0.0904722,10.8693
0,16.0286,-1.62805,-0.417971,0.270804,16.0286,-0.0904722,9.72553
0,16.6673,-1.82947,0.886008,2.3792,16.6673,-0.0904722,7.33365
0,18.3129,-1.80781,1.83326,2.64143,18.3129,-0.0904722,7.00341
0,19.4963,-1.71079,2.77363,1.47025,19.4963,-0.0904722,8.42108
0,19.2132,-1.55463,-2.53284,-0.235679,19.2132,-0.0904722,10.2329
0,17.5467,-1.44799,-1.49575,-0.91429,17.5467,-0.0904722,10.8724
0,16.008,-1.68237,-0.184307,0.658909,16.008,-0.0904722,9.31936
0,16.9106,-1.82857,0.9935,2.46152,16.9106,-0.0904722,7.23079
0,18.735,-1.78925,2.03948,2.46405,18.735,-0.0904722,7.22761
0,19.6656,-1.66702,3.05535,0.937135,19.6656,-0.0904722,9.01886
0,19.128,-1.53077,-2.40103,-0.438804,19.128,-0.0904722,10.4292
0,16.888,-1.47985,-1.05777,-0.660436,16.888,-0.0904722,10.6386
0,16.0968,-1.74004,0.107463,1.16135,16.0968,-0.0904722,8.77098
0,17.6357,-1.82345,1.37253,2.66092,17.6357,-0.0904722,6.97856
0,19.1788,-1.76295,2.29152,2.1619,19.1788,-0.0904722,7.60162
0,19.7061,-1.62625,-2.98993,0.475308,19.7061,-0.0904722,9.51339
0,18.6549,-1.47759,-2.03776,-0.825503,18.6549,-0.0904722,10.7914
0,16.3843,-1.57556,-0.584459,-0.0603693,16.3843,-0.0904722,10.0602
0,16.4669,-1.79732,0.543334,1.87227,16.4669,-0.0904722,7.9509
0,18.4275,-1.80356,1.76775,2.60751,18.4275,-0.0904722,7.04655
0,19.6423,-1.7185,2.65721,1.60172,19.6423,-0.0904722,8.26917
0,19.5262,-1.56206,-2.61815,-0.172213,19.5262,-0.0904722,10.1707
0,17.9184,-1.44249,-1.57893,-0.990636,17.9184,-0.0904722,10.9414
0,16.2215,-1.6888,-0.10737,0.737813,16.2215,-0.0904722,9.23493
0,17.1211,-1.81864,0.982599,2.38934,17.1211,-0.0904722,7.32101
0,19.1546,-1.77018,2.16595,2.27116,19.1546,-0.0904722,7.46751
0,19.8854,-1.66416,3.02558,0.925841,19.8854,-0.0904722,9.03121
0,19.0197,-1.49048,-2.17228,-0.757788,19.0197,-0.0904722,10.729
0,17.0504,-1.47842,-1.01947,-0.682545,17.0504,-0.0904722,10.6592
0,16.3787,-1.75438,0.256227,1.36464,16.3787,-0.0904722,8.54181
0,17.8851,-1.8149,1.38914,2.60987,17.8851,-0.0904722,7.04356
0,19.5309,-1.74498,2.39525,1.96716,19.5309,-0.0904722,7.83744
0,19.8941,-1.60601,-2.90678,0.267626,19.8941,-0.0904722,9.72879
0,18.7635,-1.4639,-1.96955,-0.935217,18.7635,-0.0904722,10.8914
0,16.5759,-1.57251,-0.553731,-0.079325,16.5759,-0.0904722,10.079
0,16.6634,-1.78517,0.52636,1.78344,16.6634,-0.0904722,8.05624
0,18.5208,-1.8,1.69899,2.57762,18.5208,-0.0904722,7.08446
0,19.8506,-1.71397,2.63998,1.57451,19.8506,-0.0904722,8.30076
0,19.8937,-1.58339,-2.7824,0.034526,19.8937,-0.0904722,9.96541
0,18.5607,-1.44818,-1.80919,-1.02558,18.5607,-0.0904722,10.9729
0,16.618,-1.58156,-0.506187,-0.01943,16.618,-0.0904722,10.0194
0,17.0794,-1.80279,0.805537,2.14328,17.0794,-0.0904722,7.62433
0,18.7066,-1.79388,1.75842,2.53351,18.7066,-0.0904722,7.14024
0,20.032,-1.69143,2.79294,1.29246,20.032,-0.0904722,8.62367
0,19.9163,-1.56987,-2.7136,-0.099587,19.9163,-0.0904722,10.0991
0,18.2837,-1.43617,-1.61281,-1.07474,18.2837,-0.0904722,11.0168
0,16.5334,-1.65762,-0.17826,0.525104,16.5334,-0.0904722,9.4611
0,17.2709,-1.8029,0.884817,2.20851,17.2709,-0.0904722,7.54456
0,19.2592,-1.7714,2.03898,2.31934,19.2592,-0.0904722,7.40798
0,20.1758,-1.66433,2.96515,0.958321,20.1758,-0.0904722,8.99565
0,19.7563,-1.53019,-2.48463,-0.468251,19.7563,-0.0904722,10.4573
0,17.5323,-1.45514,-1.13419,-0.869005,17.5323,-0.0904722,10.8312
0,16.606,-1.70086,0.0362614,0.896054,16.606,-0.0904722,9.06372
0,17.8532,-1.80591,1.1982,2.45084,17.8532,-0.0904722,7.24418
0,19.7507,-1.74259,2.32671,1.97905,19.7507,-0.0904722,7.82316
0,20.2658,-1.63473,-3.1367,0.606774,20.2658,-0.0904722,9.3748
0,19.1444,-1.46291,-2.01528,-0.979943,19.1444,-0.0904722,10.9318
0,17.1801,-1.50028,-0.834195,-0.559251,17.1801,-0.0904722,10.5436
0,17.0063,-1.77456,0.555789,1.75097,17.0063,-0.0904722,8.09455
0,18.5892,-1.79544,1.56552,2.52239,18.5892,-0.0904722,7.15425
0,20.1721,-1.70174,2.66176,1.45479,20.1721,-0.0904722,8.43883
0,20.2158,-1.5802,-2.81266,0.0056948,20.2158,-0.0904722,9.9943
0,18.4483,-1.43087,-1.58062,-1.13021,18.4483,-0.0904722,11.0661
0,16.8415,-1.59654,-0.395279,0.0880019,16.8415,-0.0904722,9.91161
0,17.3664,-1.78993,0.796146,2.05536,17.3664,-0.0904722,7.73113
0,19.3441,-1.77123,1.95328,2.33956,19.3441,-0.0904722,7.38291
0,20.334,-1.68249,2.79386,1.21291,20.334,-0.0904722,8.71327
0,20.0173,-1.52939,-2.51332,-0.485861,20.0173,-0.0904722,10.4741
0,18.3389,-1.42853,-1.47674,-1.13196,18.3389,-0.0904722,11.0677
0,16.8212,-1.67439,-0.0416808,0.693262,16.8212,-0.0904722,9.28268
0,17.7655,-1.79511,1.01155,2.25434,17.7655,-0.0904722,7.48825
0,19.7384,-1.75204,2.15502,2.12549,19.7384,-0.0904722,7.64601
0,20.4814,-1.65269,2.98568,0.841833,20.4814,-0.0904722,9.12267
0,19.7332,-1.48664,-2.24364,-0.84336,19.7332,-0.0904722,10.8077
0,17.7936,-1.45018,-1.10967,-0.927826,17.7936,-0.0904722,10.8847
0,17.018,-1.73384,0.306159,1.28998,17.018,-0.0904722,8.62647
0,18.3943,-1.79374,1.33466,2.43207,18.3943,-0.0904722,7.26767
0,20.1992,-1.72,2.45129,1.72439,20.1992,-0.0904722,8.12582
0,20.5434,-1.60795,-3.02075,0.313268,20.5434,-0.0904722,9.68182
0,19.1817,-1.44123,-1.86308,-1.14609,19.1817,-0.0904722,11.0802
0,17.3064,-1.52053,-0.685105,-0.436594,17.3064,-0.0904722,10.4271
0,17.275,-1.75924,0.531555,1.63416,17.275,-0.0904722,8.23141
0,19.1518,-1.7789,1.7132,2.41428,19.1518,-0.0904722,7.28991
0,20.3953,-1.70435,2.57158,1.52706,20.3953,-0.0904722,8.35565
0,20.5406,-1.57822,-2.84704,-0.0123257,20.5406,-0.0904722,10.0123
0,18.8811,-1.42702,-1.65195,-1.21151,18.8811,-0.0904722,11.1379
0,17.1936,-1.56737,-0.46803,-0.114696,17.1936,-0.0904722,10.114
0,17.7447,-1.78038,0.848672,2.03403,17.7447,-0.0904722,7.75692
0,19.3934,-1.77114,1.80517,2.35149,19.3934,-0.0904722,7.3681
0,20.6608,-1.66688,2.84362,1.04278,20.6608,-0.0904722,8.9027
0,20.4335,-1.53975,-2.6218,-0.402287,20.4335,-0.0904722,10.3942
0,18.3382,-1.42923,-1.30361,-1.12728,18.3382,-0.0904722,11.0635
0,17.1279,-1.6375,-0.156591,0.413927,17.1279,-0.0904722,9.5775
0,18.0159,-1.7837,0.982094,2.1605,18.0159,-0.0904722,7.60332
0,19.9375,-1.74952,2.08801,2.13122,19.9375,-0.0904722,7.63904
0,20.7582,-1.65902,2.89138,0.949091,20.7582,-0.0904722,9.00577
0,20.2986,-1.50859,-2.43077,-0.690425,20.2986,-0.0904722,10.6666
0,18.3395,-1.4305,-1.2571,-1.11903,18.3395,-0.0904722,11.0562
0,17.1974,-1.6621,-0.0256706,0.627822,17.1974,-0.0904722,9.35245
0,18.0628,-1.78019,0.964314,2.12235,18.0628,-0.0904722,7.64984
0,19.785,-1.75806,1.9471,2.2351,19.785,-0.0904722,7.51191
0,20.8392,-1.6557,2.90161,0.913265,20.8392,-0.0904722,9.04495
0,20.5954,-1.53778,-2.62479,-0.426672,20.5954,-0.0904722,10.4176
0,18.6192,-1.42402,-1.37281,-1.19823,18.6192,-0.0904722,11.1262
0,17.3038,-1.62136,-0.202548,0.294245,17.3038,-0.0904722,9.70143
0,18.3285,-1.77993,1.07378,2.1946,18.3285,-0.0904722,7.56161
0,19.9587,-1.75124,2.00095,2.16434,19.9587,-0.0904722,7.59864
0,20.9236,-1.6504,2.92138,0.851721,20.9236,-0.0904722,9.11194
0,20.3456,-1.49357,-2.34948,-0.829516,20.3456,-0.0904722,10.7951
0,18.4939,-1.42866,-1.25589,-1.1508,18.4939,-0.0904722,11.0844
0,17.368,-1.66807,0.0323035,0.69914,17.368,-0.0904722,9.27639
0,18.5765,-1.77883,1.17662,2.24865,18.5765,-0.0904722,7.49525
0,20.4605,-1.72448,2.288,1.84167,20.4605,-0.0904722,7.98727
0,21.0289,-1.6231,3.09534,0.51459,21.0289,-0.0904722,9.47216
0,20.0825,-1.46135,-2.1216,-1.08563,20.0825,-0.0904722,11.0265
0,18.1278,-1.45772,-0.971765,-0.914384,18.1278,-0.0904722,10.8725
0,17.6824,-1.73287,0.461282,1.41318,17.6824,-0.0904722,8.48646
0,19.2398,-1.77218,1.5023,2.32697,19.2398,-0.0904722,7.39852
0,20.8233,-1.69534,2.53575,1.46087,20.8233,-0.0904722,8.43185
0,20.888,-1.54412,-2.70158,-0.371255,20.888,-0.0904722,10.3644
0,19.3048,-1.41994,-1.63473,-1.31781,19.3048,-0.0904722,11.2306
0,17.5137,-1.62889,-0.133165,0.368329,17.5137,-0.0904722,9.62489
0,18.4056,-1.76953,0.978596,2.06049,18.4056,-0.0904722,7.72492
0,20.4721,-1.72941,2.18561,1.92188,20.4721,-0.0904722,7.8917
0,21.1758,-1.62379,3.06243,0.531198,21.1758,-0.0904722,9.45468
0,20.1557,-1.45316,-2.07909,-1.16144,20.1557,-0.0904722,11.0938
0,18.1408,-1.46892,-0.878476,-0.840432,18.1408,-0.0904722,10.8051
0,17.8091,-1.72581,0.444678,1.35624,17.8091,-0.0904722,8.55136
0,19.7977,-1.75904,1.72975,2.25458,19.7977,-0.0904722,7.48795
0,21.0818,-1.67631,2.66327,1.2203,21.0818,-0.0904722,8.70496
0,20.877,-1.51587,-2.54301,-0.653696,20.877,-0.0904722,10.6323
0,19.0849,-1.41535,-1.43313,-1.3209,19.0849,-0.0904722,11.2333
0,17.6465,-1.63408,-0.0830778,0.421325,17.6465,-0.0904722,9.5698
0,18.9683,-1.76962,1.23331,2.2122,18.9683,-0.0904722,7.54004
0,20.6214,-1.7254,2.18958,1.88694,20.6214,-0.0904722,7.93342
0,21.308,-1.59541,-3.05541,0.192748,21.308,-0.0904722,9.80539
0,20.3547,-1.45434,-2.1115,-1.17269,20.3547,-0.0904722,11.1037
0,18.0368,-1.50398,-0.667166,-0.589918,18.0368,-0.0904722,10.5725
0,17.9527,-1.72185,0.454112,1.33727,17.9527,-0.0904722,8.57291
0,19.8314,-1.75822,1.67146,2.24913,19.8314,-0.0904722,7.49466
0,21.2165,-1.67523,2.64833,1.22105,21.2165,-0.0904722,8.70412
0,21.2879,-1.55978,-2.8371,-0.212522,21.2879,-0.0904722,10.2103
0,19.5677,-1.41435,-1.617,-1.39499,19.5677,-0.0904722,11.2972
0,17.9377,-1.54332,-0.469906,-0.300519,17.9377,-0.0904722,10.296
0,18.3891,-1.75016,0.781273,1.78285,18.3891,-0.0904722,8.05694
0,19.9325,-1.75579,1.69017,2.23351,19.9325,-0.0904722,7.51387
0,21.2434,-1.68082,2.59247,1.30524,21.2434,-0.0904722,8.60921
0,21.3836,-1.5633,-2.86428,-0.174513,21.3836,-0.0904722,10.173
0,19.7548,-1.41688,-1.67414,-1.40171,19.7548,-0.0904722,11.303
0,18.0463,-1.53723,-0.493812,-0.349125,18.0463,-0.0904722,10.343
0,18.5358,-1.74953,0.818985,1.80808,18.5358,-0.0904722,8.0271
0,20.1689,-1.74898,1.77265,2.17581,20.1689,-0.0904722,7.58461
0,21.4763,-1.65149,2.80801,0.914985,21.4763,-0.0904722,9.04307
0,21.3234,-1.53288,-2.68089,-0.50151,21.3234,-0.0904722,10.4889
0,19.3544,-1.41312,-1.40852,-1.37433,19.3544,-0.0904722,11.2794
0,17.9886,-1.5869,-0.257096,0.0388027,17.9886,-0.0904722,9.96112
0,18.7038,-1.75111,0.886382,1.86907,18.7038,-0.0904722,7.95471
0,20.6254,-1.73351,1.99695,2.01913,20.6254,-0.0904722,7.77491
0,21.551,-1.65074,2.8037,0.911316,21.551,-0.0904722,9.04707
0,21.262,-1.5101,-2.54021,-0.731995,21.262,-0.0904722,10.7052
0,19.4245,-1.41206,-1.40279,-1.39196,19.4245,-0.0904722,11.2946
0,18.0665,-1.58657,-0.245854,0.0373755,18.0665,-0.0904722,9.96255
0,18.9844,-1.75357,1.01601,1.97073,18.9844,-0.0904722,7.83316
0,20.5979,-1.73533,1.93267,2.04346,20.5979,-0.0904722,7.74552
0,21.6804,-1.63175,2.92787,0.664288,21.6804,-0.0904722,9.31362
0,21.3689,-1.51279,-2.56897,-0.710853,21.3689,-0.0904722,10.6856
0,19.2979,-1.41554,-1.28489,-1.34894,19.2979,-0.0904722,11.2575
0,18.118,-1.60981,-0.124964,0.235718,18.118,-0.0904722,9.7615
0,19.2589,-1.75405,1.13481,2.04326,19.2589,-0.0904722,7.74576
0,20.8675,-1.7249,2.04995,1.92579,20.8675,-0.0904722,7.88703
0,21.766,-1.62559,2.95843,0.588135,21.766,-0.0904722,9.39455
0,21.2823,-1.49044,-2.42912,-0.927789,21.2823,-0.0904722,10.8847
0,19.2967,-1.41678,-1.23885,-1.33973,19.2967,-0.0904722,11.2496
0,18.2626,-1.66993,0.211265,0.815774,18.2626,-0.0904722,9.1509
0,19.5735,-1.75231,1.26856,2.09086,19.5735,-0.0904722,7.68811
0,21.4516,-1.68925,2.41645,1.45879,21.4516,-0.0904722,8.43423
0,21.8345,-1.5797,-3.02886,0.0149865,21.8345,-0.0904722,9.985
0,20.3601,-1.41843,-1.80105,-1.47203,20.3601,-0.0904722,11.3631
0,18.4789,-1.51477,-0.555095,-0.536684,18.4789,-0.0904722,10.5223
0,19.0097,-1.73954,0.874709,1.77358,19.0097,-0.0904722,8.06789
0,20.8029,-1.72939,1.91337,1.98705,20.8029,-0.0904722,7.81355
0,21.928,-1.6094,3.04102,0.385391,21.928,-0.0904722,9.60718
0,21.2969,-1.47337,-2.33418,-1.09359,21.2969,-0.0904722,11.0336
0,19.1293,-1.43081,-1.0472,-1.21598,19.1293,-0.0904722,11.1418
0,18.5299,-1.69444,0.409553,1.11608,18.5299,-0.0904722,8.82144
0,20.0741,-1.74641,1.46779,2.11184,20.0741,-0.0904722,7.66262
0,21.707,-1.67469,2.51834,1.2712,21.707,-0.0904722,8.64767
0,21.8038,-1.52865,-2.7194,-0.565146,21.8038,-0.0904722,10.5492
0,20.2776,-1.40806,-1.67683,-1.54408,20.2776,-0.0904722,11.4241
0,18.4212,-1.57668,-0.235273,-0.0411942,18.4212,-0.0904722,10.0411
0,19.0562,-1.73227,0.822681,1.68186,19.0562,-0.0904722,8.1757
0,21.0315,-1.72276,1.97128,1.92176,21.0315,-0.0904722,7.89185
0,22.0006,-1.63906,2.80566,0.785916,22.0006,-0.0904722,9.18315
0,21.6408,-1.49224,-2.48283,-0.936515,21.6408,-0.0904722,10.8926
0,19.8881,-1.40423,-1.41565,-1.51727,19.8881,-0.0904722,11.4015
0,18.4786,-1.59311,-0.145669,0.101018,18.4786,-0.0904722,9.89847
0,19.3697,-1.73825,0.982544,1.83149,19.3697,-0.0904722,7.99936
0,21.2786,-1.71335,2.07829,1.81215,21.2786,-0.0904722,8.02228
0,22.1096,-1.62866,2.87427,0.64985,22.1096,-0.0904722,9.32901
0,21.6881,-1.48742,-2.4559,-0.988744,21.6881,-0.0904722,10.9397
0,19.9759,-1.40336,-1.419,-1.5369,19.9759,-0.0904722,11.4181
0,18.5521,-1.60714,-0.0629518,0.228859,18.5521,-0.0904722,9.76852
0,19.3543,-1.73291,0.922437,1.75106,19.3543,-0.0904722,8.09444
0,21.2168,-1.71759,1.99225,1.87069,21.2168,-0.0904722,7.95278
0,22.1338,-1.64073,2.7694,0.81919,22.1338,-0.0904722,9.1472
0,22.024,-1.52279,-2.70013,-0.638499,22.024,-0.0904722,10.6181
0,20.1941,-1.40256,-1.49502,-1.57551,20.1941,-0.0904722,11.4506
0,18.7081,-1.55036,-0.329258,-0.26315,18.7081,-0.0904722,10.2597
0,19.4928,-1.73128,0.952464,1.75545,19.4928,-0.0904722,8.08926
0,21.1206,-1.72163,1.88355,1.91972,21.1206,-0.0904722,7.89428
0,22.2727,-1.622,2.89441,0.568461,22.2727,-0.0904722,9.41537
0,21.9952,-1.5047,-2.59105,-0.831667,21.9952,-0.0904722,10.797
0,19.9187,-1.40623,-1.29462,-1.50643,19.9187,-0.0904722,11.3923
0,18.725,-1.5972,-0.0920704,0.143755,18.725,-0.0904722,9.85521
0,20.0158,-1.7362,1.21931,1.9362,20.0158,-0.0904722,7.87456
0,21.6607,-1.69887,2.17194,1.63984,21.6607,-0.0904722,8.22479
0,22.3856,-1.58882,3.11765,0.135276,22.3856,-0.0904722,9.86381
0,21.2627,-1.42913,-2.01565,-1.4991,21.2627,-0.0904722,11.3861
0,19.2749,-1.45541,-0.813879,-1.05014,19.2749,-0.0904722,10.9948
0,19.1753,-1.70123,0.59856,1.29383,19.1753,-0.0904722,8.62212
0,20.8187,-1.72949,1.6246,1.99184,20.8187,-0.0904722,7.80778
0,22.3452,-1.6384,2.73856,0.801823,22.3452,-0.0904722,9.16598
0,22.2392,-1.51701,-2.69326,-0.712439,22.2392,-0.0904722,10.687
0,20.1704,-1.40193,-1.35891,-1.5769,20.1704,-0.0904722,11.4518
0,18.87,-1.57952,-0.162467,-0.0131899,18.87,-0.0904722,10.0132
0,19.8303,-1.72837,1.02571,1.77959,19.8303,-0.0904722,8.06078
0,21.8186,-1.69555,2.17968,1.60996,21.8186,-0.0904722,8.25959
0,22.5311,-1.60065,3.01797,0.292539,22.5311,-0.0904722,9.70318
0,21.7148,-1.44804,-2.20306,-1.3776,21.7148,-0.0904722,11.2823
0,19.7687,-1.41978,-1.06708,-1.38142,19.7687,-0.0904722,11.2855
0,19.0557,-1.66114,0.30978,0.805873,19.0557,-0.0904722,9.1616
0,20.3866,-1.73148,1.30998,1.93786,20.3866,-0.0904722,7.87258
0,22.1777,-1.67425,2.39587,1.31996,22.1777,-0.0904722,8.59255
0,22.6062,-1.57551,-3.09848,-0.0312556,22.6062,-0.0904722,10.0312
0,21.4825,-1.42593,-2.01067,-1.55639,21.4825,-0.0904722,11.4345
0,19.5487,-1.44494,-0.853995,-1.16039,19.5487,-0.0904722,11.0928
0,19.2998,-1.6847,0.509487,1.10708,19.2998,-0.0904722,8.83145
0,20.9993,-1.72464,1.60363,1.94669,20.9993,-0.0904722,7.86199
0,22.3521,-1.66318,2.48325,1.1686,22.3521,-0.0904722,8.76288
0,22.5747,-1.53423,-2.83255,-0.531548,22.5747,-0.0904722,10.5174
0,21.3225,-1.41282,-1.87421,-1.65282,21.3225,-0.0904722,11.5153
0,19.33,-1.48821,-0.585967,-0.799286,19.33,-0.0904722,10.7673
0,19.598,-1.70251,0.711421,1.37592,19.598,-0.0904722,8.52897
0,21.1628,-1.72124,1.65389,1.92115,21.1628,-0.0904722,7.89257
0,22.531,-1.65016,2.58951,0.988701,22.531,-0.0904722,8.9623
0,22.5875,-1.51983,-2.74284,-0.698143,22.5875,-0.0904722,10.6737
0,21.1708,-1.40422,-1.74501,-1.70641,21.1708,-0.0904722,11.5597
0,19.228,-1.53975,-0.31838,-0.365891,19.228,-0.0904722,10.3592
0,19.7151,-1.7027,0.738945,1.39678,19.7151,-0.0904722,8.50519
0,21.4844,-1.71384,1.78859,1.85598,21.4844,-0.0904722,7.97028
0,22.7651,-1.62255,2.80802,0.602953,22.7651,-0.0904722,9.37885
0,22.6232,-1.51142,-2.69247,-0.795459,22.6232,-0.0904722,10.7638
0,20.6872,-1.39675,-1.43266,-1.69671,20.6872,-0.0904722,11.5517
0,19.2819,-1.55048,-0.256723,-0.273611,19.2819,-0.0904722,10.2699
0,20.2136,-1.71729,1.02577,1.68652,20.2136,-0.0904722,8.17024
0,21.8526,-1.70263,1.95742,1.73071,21.8526,-0.0904722,8.11839
0,22.9036,-1.59996,2.96888,0.294696,22.9036,-0.0904722,9.70096
0,22.5217,-1.48463,-2.51613,-1.08357,22.5217,-0.0904722,11.0247
0,20.3975,-1.40312,-1.21922,-1.60125,20.3975,-0.0904722,11.4722
0,19.3248,-1.58845,-0.0499745,0.0754714,19.3248,-0.0904722,9.92424
0,20.6168,-1.71983,1.21991,1.79799,20.6168,-0.0904722,8.03904
0,22.3598,-1.67957,2.23895,1.42613,22.3598,-0.0904722,8.47165
0,22.9926,-1.58582,3.05819,0.106392,22.9926,-0.0904722,9.89304
0,22.0849,-1.43576,-2.14584,-1.53942,22.0849,-0.0904722,11.4202
0,20.1186,-1.42217,-0.99063,-1.40942,20.1186,-0.0904722,11.3096
0,19.5948,-1.66078,0.407105,0.855773,19.5948,-0.0904722,9.10754
0,21.0548,-1.71826,1.42247,1.85259,21.0548,-0.0904722,7.9743
0,22.6776,-1.66008,2.43045,1.15373,22.6776,-0.0904722,8.77949
0,22.9736,-1.53203,-2.86135,-0.572073,22.9736,-0.0904722,10.5557
0,21.7235,-1.40999,-1.88559,-1.73526,21.7235,-0.0904722,11.5835
0,19.691,-1.4865,-0.558797,-0.841263,19.691,-0.0904722,10.8058
0,19.9529,-1.68891,0.682559,1.24798,19.9529,-0.0904722,8.67385
0,21.7863,-1.70609,1.78497,1.77765,21.7863,-0.0904722,8.06308
0,23.044,-1.62118,2.764,0.59839,23.044,-0.0904722,9.38369
0,22.7324,-1.4791,-2.50494,-1.16079,22.7324,-0.0904722,11.0932
0,20.9992,-1.39245,-1.44057,-1.78095,20.9992,-0.0904722,11.6211
0,19.5392,-1.58134,-0.0547063,0.0102321,19.5392,-0.0904722,9.98976
0,20.3892,-1.70577,0.952344,1.5467,20.3892,-0.0904722,8.33296
0,22.2928,-1.69002,2.04568,1.58742,22.2928,-0.0904722,8.28578
0,23.16,-1.61093,2.83991,0.456732,23.16,-0.0904722,9.53283
0,22.7976,-1.47676,-2.49216,-1.19176,22.7976,-0.0904722,11.1205
0,21.1097,-1.39203,-1.45664,-1.8019,21.1097,-0.0904722,11.6382
0,19.6301,-1.58527,-0.0227401,0.0496276,19.6301,-0.0904722,9.95025
0,20.6015,-1.70641,1.02965,1.59049,20.6015,-0.0904722,8.28221
0,22.5687,-1.67803,2.17221,1.4272,22.5687,-0.0904722,8.47043
0,23.2888,-1.58747,3.00221,0.13337,23.2888,-0.0904722,9.86574
0,22.4561,-1.43711,-2.19014,-1.57108,22.4561,-0.0904722,11.4469
0,20.4737,-1.41463,-1.02645,-1.51867,20.4737,-0.0904722,11.4027
0,19.7962,-1.63155,0.260044,0.539082,19.7962,-0.0904722,9.44638
0,21.5171,-1.70949,1.50951,1.78959,21.5171,-0.0904722,8.04897
0,22.9663,-1.65495,2.41717,1.10125,22.9663,-0.0904722,8.83793
0,23.281,-1.52809,-2.86818,-0.631848,23.281,-0.0904722,10.6119
0,22.0302,-1.40719,-1.88774,-1.80556,22.0302,-0.0904722,11.6412
0,19.908,-1.50073,-0.450413,-0.736088,19.908,-0.0904722,10.709
0,20.1853,-1.67577,0.628277,1.10557,20.1853,-0.0904722,8.83313
0,22.1109,-1.69884,1.79939,1.70748,22.1109,-0.0904722,8.14566
0,23.2684,-1.62918,2.65012,0.729262,23.2684,-0.0904722,9.24411
0,23.2886,-1.51209,-2.76337,-0.82502,23.2886,-0.0904722,10.7909
0,21.4686,-1.39056,-1.53123,-1.87141,21.4686,-0.0904722,11.6947
0,19.9372,-1.51323,-0.375383,-0.628126,19.9372,-0.0904722,10.6084
0,20.4447,-1.68669,0.777369,1.28467,20.4447,-0.0904722,8.63246
0,22.3539,-1.69243,1.89694,1.63608,22.3539,-0.0904722,8.22917
0,23.3896,-1.62104,2.71024,0.614775,23.3896,-0.0904722,9.36631
0,23.2692,-1.49467,-2.64781,-1.02823,23.2692,-0.0904722,10.9752
0,21.7975,-1.39336,-1.66866,-1.89826,21.7975,-0.0904722,11.7164
0,19.9617,-1.53867,-0.232748,-0.398088,19.9617,-0.0904722,10.3902
0,20.6275,-1.68863,0.844918,1.33645,20.6275,-0.0904722,8.57385
0,22.6327,-1.68266,2.01492,1.51119,22.6327,-0.0904722,8.37397
0,23.5525,-1.59976,2.86484,0.311397,23.5525,-0.0904722,9.68375
0,23.1673,-1.47058,-2.48576,-1.29291,23.1673,-0.0904722,11.209
0,20.9273,-1.40249,-1.12423,-1.6851,20.9273,-0.0904722,11.5421
0,20.0215,-1.58992,0.0542828,0.103225,20.0215,-0.0904722,9.89624
0,21.5043,-1.7032,1.33376,1.68514,21.5043,-0.0904722,8.17185
0,23.0783,-1.66251,2.26322,1.23282,23.0783,-0.0904722,8.6909
0,23.6498,-1.54355,-3.01087,-0.450412,23.6498,-0.0904722,10.4403
0,22.6748,-1.42176,-2.08811,-1.75359,22.6748,-0.0904722,11.5986
0,20.3977,-1.45699,-0.666734,-1.15462,20.3977,-0.0904722,11.0877
0,20.2981,-1.64593,0.437869,0.742661,20.2981,-0.0904722,9.22972
0,22.1248,-1.69761,1.63711,1.68903,22.1248,-0.0904722,8.16729
0,23.4435,-1.63821,2.50828,0.879163,23.4435,-0.0904722,9.08212
0,23.6212,-1.51304,-2.80396,-0.831996,23.6212,-0.0904722,10.7973
0,22.284,-1.39865,-1.81551,-1.92421,22.284,-0.0904722,11.7373
0,20.2312,-1.51319,-0.344066,-0.644528,20.2312,-0.0904722,10.6237
0,20.761,-1.67797,0.776425,1.20467,20.761,-0.0904722,8.72251
0,22.8259,-1.67899,1.99292,1.47466,22.8259,-0.0904722,8.41601
0,23.7838,-1.5939,2.87662,0.233452,23.7838,-0.0904722,9.76382
0,23.1394,-1.44338,-2.29511,-1.58674,23.1394,-0.0904722,11.46
0,21.1405,-1.40093,-1.1193,-1.73035,21.1405,-0.0904722,11.5795
0,20.3032,-1.61161,0.216848,0.344537,20.3032,-0.0904722,9.64953
0,21.8571,-1.69798,1.40344,1.65497,21.8571,-0.0904722,8.20714
0,23.5425,-1.64014,2.45723,0.916732,23.5425,-0.0904722,9.04116
0,23.8194,-1.52229,-2.88611,-0.727331,23.8194,-0.0904722,10.7008
0,22.1381,-1.38899,-1.6547,-1.99244,22.1381,-0.0904722,11.7919
0,20.4433,-1.48701,-0.469824,-0.895723,20.4433,-0.0904722,10.8555
0,20.9704,-1.67895,0.832647,1.24427,20.9704,-0.0904722,8.67802
0,22.6,-1.68793,1.77881,1.595,22.6,-0.0904722,8.27698
0,23.8999,-1.60081,2.80603,0.337146,23.8999,-0.0904722,9.65717
0,23.7551,-1.49373,-2.68879,-1.07419,23.7551,-0.0904722,11.0163
0,21.8011,-1.3858,-1.42284,-1.96735,21.8011,-0.0904722,11.7719
0,20.4067,-1.52743,-0.242438,-0.520037,20.4067,-0.0904722,10.5065
0,21.2025,-1.68305,0.934693,1.33263,21.2025,-0.0904722,8.57817
0,23.1806,-1.66935,2.07794,1.3559,23.1806,-0.0904722,8.55175
0,24.0208,-1.58656,2.90844,0.132642,24.0208,-0.0904722,9.86648
0,23.4048,-1.4444,-2.32105,-1.6062,23.4048,-0.0904722,11.4764
0,21.4768,-1.39419,-1.1872,-1.84065,21.4768,-0.0904722,11.6698
0,20.5314,-1.60779,0.22849,0.311023,20.5314,-0.0904722,9.68414
0,21.8152,-1.69228,1.25689,1.55691,21.8152,-0.0904722,8.32115
0,23.6702,-1.64421,2.37341,0.991524,23.6702,-0.0904722,8.9592
0,24.1234,-1.54908,-3.0987,-0.388937,24.1234,-0.0904722,10.3814
0,22.9584,-1.40846,-1.98674,-1.9278,22.9584,-0.0904722,11.7402
0,21.0485,-1.42571,-0.842264,-1.50193,21.0485,-0.0904722,11.3885
0,20.753,-1.63681,0.451929,0.665852,20.753,-0.0904722,9.31196
0,22.1217,-1.6919,1.39207,1.59434,22.1217,-0.0904722,8.27775
0,23.6823,-1.64782,2.32539,1.05083,23.6823,-0.0904722,8.89381
0,24.1933,-1.54207,-3.05135,-0.484753,24.1933,-0.0904722,10.473
0,23.3914,-1.42983,-2.20314,-1.76285,23.3914,-0.0904722,11.6062
0,21.1383,-1.42491,-0.845705,-1.52068,21.1383,-0.0904722,11.4044
0,20.6885,-1.60516,0.236436,0.286981,20.6885,-0.0904722,9.7089
0,22.2411,-1.68974,1.41129,1.57568,22.2411,-0.0904722,8.2994
0,23.6825,-1.65119,2.26475,1.1059,23.6825,-0.0904722,8.83276
0,24.2794,-1.54638,-3.09186,-0.428907,24.2794,-0.0904722,10.4197
0,23.5652,-1.4363,-2.26672,-1.71414,23.5652,-0.0904722,11.5661
0,21.5179,-1.40148,-1.06013,-1.78221,21.5179,-0.0904722,11.6221
0,20.7672,-1.6038,0.240147,0.274217,20.7672,-0.0904722,9.72202
0,21.9141,-1.68581,1.18471,1.46795,21.9141,-0.0904722,8.42372
0,23.6835,-1.65429,2.21021,1.15708,23.6835,-0.0904722,8.77576
0,24.3462,-1.57655,2.95516,-0.00798937,24.3462,-0.0904722,10.008
0,23.8315,-1.45194,-2.40085,-1.56955,23.8315,-0.0904722,11.4456
0,22.1067,-1.38506,-1.36912,-2.0239,22.1067,-0.0904722,11.8169
0,20.7794,-1.54276,-0.116867,-0.382246,20.7794,-0.0904722,10.3749
0,21.862,-1.68115,1.10197,1.3884,21.862,-0.0904722,8.51474
0,23.4243,-1.66749,1.98738,1.35164,23.4243,-0.0904722,8.55659
0,24.4231,-1.57567,2.94865,-0.0202205,24.4231,-0.0904722,10.0202
0,24.1117,-1.47303,-2.57284,-1.35103,24.1117,-0.0904722,11.2593
0,22.0921,-1.38585,-1.31552,-2.01426,22.0921,-0.0904722,11.8093
0,20.8676,-1.53091,-0.175036,-0.504545,20.8676,-0.0904722,10.4918
0,21.7105,-1.67302,0.957585,1.24669,21.7105,-0.0904722,8.67529
0,23.6165,-1.66147,2.05761,1.2705,23.6165,-0.0904722,8.64846
0,24.4683,-1.5856,2.8567,0.125626,24.4683,-0.0904722,9.87359
0,24.0729,-1.45867,-2.47009,-1.51727,24.0729,-0.0904722,11.4015
0,22.3693,-1.38297,-1.43074,-2.08669,22.3693,-0.0904722,11.8666
0,20.9342,-1.55477,-0.0303566,-0.261534,20.9342,-0.0904722,10.2581
0,21.8409,-1.67288,0.990812,1.25969,21.8409,-0.0904722,8.66065
0,23.7603,-1.65708,2.09947,1.21083,23.7603,-0.0904722,8.7156
0,24.5889,-1.5678,2.98913,-0.133745,24.5889,-0.0904722,10.1329
0,24.1732,-1.46029,-2.49,-1.50844,24.1732,-0.0904722,11.394
0,22.2292,-1.38502,-1.30621,-2.0443,22.2292,-0.0904722,11.8331
0,21.0114,-1.55447,-0.0241254,-0.265961,21.0114,-0.0904722,10.2624
0,22.1203,-1.67627,1.11484,1.34461,22.1203,-0.0904722,8.56458
0,24.0173,-1.64676,2.22102,1.06155,24.0173,-0.0904722,8.88194
0,24.6725,-1.56208,3.02459,-0.216477,24.6725,-0.0904722,10.2141
0,23.9067,-1.42878,-2.23414,-1.84013,23.9067,-0.0904722,11.6694
0,22.0086,-1.39332,-1.12554,-1.9317,22.0086,-0.0904722,11.7434
0,21.152,-1.59234,0.221591,0.153131,21.152,-0.0904722,9.8457
0,22.3364,-1.67717,1.2002,1.38493,22.3364,-0.0904722,8.5187
0,24.1496,-1.64237,2.26264,0.999259,24.1496,-0.0904722,8.95069
0,24.7519,-1.55992,3.03444,-0.248255,24.7519,-0.0904722,10.2452
0,24.0227,-1.43091,-2.25878,-1.83091,24.0227,-0.0904722,11.6619
0,22.1737,-1.38922,-1.17935,-1.99606,22.1737,-0.0904722,11.7948
0,21.1591,-1.55637,0.00743426,-0.247946,21.1591,-0.0904722,10.2449
0,22.1735,-1.67135,1.06138,1.27458,22.1735,-0.0904722,8.64386
0,23.8246,-1.6599,1.99737,1.26482,23.8246,-0.0904722,8.65487
0,24.8004,-1.57526,2.90641,-0.0245427,24.8004,-0.0904722,10.0245
0,24.584,-1.4796,-2.65301,-1.31206,24.584,-0.0904722,11.2256
0,22.6964,-1.38151,-1.43687,-2.155,22.6964,-0.0904722,11.92
0,21.2649,-1.5179,-0.21003,-0.653466,21.2649,-0.0904722,10.6321
0,21.8351,-1.6528,0.776615,0.965421,21.8351,-0.0904722,8.98787
0,23.6561,-1.66604,1.84779,1.35208,23.6561,-0.0904722,8.5561
0,24.7118,-1.6061,2.62593,0.44521,24.7118,-0.0904722,9.54488
0,24.8217,-1.50671,-2.85963,-0.981701,24.8217,-0.0904722,10.9334
0,23.4621,-1.39255,-1.81887,-2.16805,23.4621,-0.0904722,11.9302
0,21.5517,-1.45823,-0.562914,-1.26268,21.5517,-0.0904722,11.1826
0,21.6792,-1.63341,0.578106,0.68626,21.6792,-0.0904722,9.29016
0,23.4528,-1.67075,1.68628,1.41017,23.4528,-0.0904722,8.4899
0,24.6659,-1.61869,2.4913,0.644324,24.6659,-0.0904722,9.3349
0,24.9322,-1.51343,-2.91388,-0.898764,24.9322,-0.0904722,10.8583
0,23.9436,-1.40954,-2.05159,-2.05864,23.9436,-0.0904722,11.8444
0,21.7824,-1.43447,-0.71713,-1.5148,21.7824,-0.0904722,11.3994
0,21.5196,-1.5982,0.303859,0.231711,21.5196,-0.0904722,9.7656
0,23.0304,-1.67351,1.41232,1.40813,23.0304,-0.0904722,8.49224
0,24.4048,-1.64118,2.21755,0.999073,24.4048,-0.0904722,8.95089
0,25.0711,-1.55877,3.01692,-0.268485,25.0711,-0.0904722,10.2649
0,24.4612,-1.43892,-2.33785,-1.79247,24.4612,-0.0904722,11.6305
0,22.6963,-1.3842,-1.29502,-2.12883,22.6963,-0.0904722,11.8996
0,21.5096,-1.5613,0.0674783,-0.197951,21.5096,-0.0904722,10.196
0,22.5062,-1.66442,1.05755,1.20374,22.5062,-0.0904722,8.72355
0,24.3664,-1.64534,2.13245,1.0663,24.3664,-0.0904722,8.87669
0,25.1249,-1.56988,2.91329,-0.104212,25.1249,-0.0904722,10.1037
0,24.6256,-1.44575,-2.40375,-1.73035,24.6256,-0.0904722,11.5795
0,22.8583,-1.3824,-1.34516,-2.17322,22.8583,-0.0904722,11.9342
0,21.5659,-1.54494,-0.0255805,-0.379958,21.5659,-0.0904722,10.3727
0,22.379,-1.65733,0.933007,1.08246,22.379,-0.0904722,8.85878
0,24.0402,-1.6591,1.88463,1.27242,24.0402,-0.0904722,8.6463
0,25.1117,-1.59068,2.72974,0.214387,25.1117,-0.0904722,9.78331
0,25.0909,-1.49299,-2.77779,-1.18042,25.0909,-0.0904722,11.1105
0,23.4597,-1.38338,-1.63697,-2.26306,23.4597,-0.0904722,12.0036
0,21.8374,-1.46189,-0.517908,-1.25611,21.8374,-0.0904722,11.1769
0,22.0336,-1.62997,0.607726,0.663065,22.0336,-0.0904722,9.31493
0,23.8003,-1.66446,1.70096,1.34028,23.8003,-0.0904722,8.5695
0,24.9909,-1.61342,2.49513,0.574114,24.9909,-0.0904722,9.40939
0,25.2532,-1.51002,-2.91344,-0.962904,25.2532,-0.0904722,10.9164
0,24.2172,-1.40591,-2.0225,-2.13875,24.2172,-0.0904722,11.9074
0,22.0255,-1.44409,-0.635681,-1.45101,22.0255,-0.0904722,11.3452
0,21.9599,-1.61051,0.443822,0.40103,21.9599,-0.0904722,9.59093
0,23.7341,-1.66487,1.61581,1.34037,23.7341,-0.0904722,8.5694
0,25.0439,-1.61444,2.46719,0.593122,25.0439,-0.0904722,9.38927
0,25.3507,-1.51482,-2.9584,-0.902411,25.3507,-0.0904722,10.8616
0,23.8528,-1.38864,-1.77007,-2.27183,23.8528,-0.0904722,12.0103
0,22.0638,-1.44921,-0.598972,-1.40496,22.0638,-0.0904722,11.3058
0,22.3036,-1.63621,0.699053,0.767713,22.3036,-0.0904722,9.20277
0,23.8576,-1.66354,1.64198,1.33039,23.8576,-0.0904722,8.58072
0,25.2329,-1.60315,2.57806,0.416341,25.2329,-0.0904722,9.57499
0,25.3821,-1.50174,-2.86141,-1.08356,25.3821,-0.0904722,11.0247
0,24.001,-1.39031,-1.80904,-2.2776,24.001,-0.0904722,12.0148
0,22.0887,-1.45654,-0.542775,-1.33479,22.0887,-0.0904722,11.2453
0,22.395,-1.63624,0.715086,0.774571,22.395,-0.0904722,9.19539
0,23.907,-1.66278,1.62884,1.32237,23.907,-0.0904722,8.58982
0,25.3481,-1.59803,2.62088,0.336945,25.3481,-0.0904722,9.65738
0,25.4973,-1.51007,-2.92924,-0.976313,25.4973,-0.0904722,10.9285
0,24.0283,-1.38886,-1.77938,-2.29773,24.0283,-0.0904722,12.0302
0,22.2701,-1.44005,-0.653737,-1.5194,22.2701,-0.0904722,11.4033
0,22.2111,-1.61133,0.478423,0.422304,22.2111,-0.0904722,9.56878
0,23.8905,-1.66286,1.578,1.32215,23.8905,-0.0904722,8.59006
0,25.1739,-1.62048,2.37677,0.700037,25.1739,-0.0904722,9.27543
0,25.6177,-1.5236,-3.0352,-0.792236,25.6177,-0.0904722,10.7608
0,24.784,-1.41973,-2.17785,-2.06001,24.784,-0.0904722,11.8455
0,22.5769,-1.4158,-0.848736,-1.79986,22.5769,-0.0904722,11.6366
0,22.0849,-1.56926,0.168365,-0.108919,22.0849,-0.0904722,10.1083
0,23.416,-1.66206,1.27261,1.25997,23.416,-0.0904722,8.66034
0,24.83,-1.64221,2.07477,1.04936,24.83,-0.0904722,8.89543
0,25.6693,-1.56983,2.8711,-0.10554,25.6693,-0.0904722,10.105
0,25.331,-1.45808,-2.52028,-1.65424,25.331,-0.0904722,11.5165
0,23.7211,-1.38224,-1.51425,-2.31835,23.7211,-0.0904722,12.0459
0,22.1466,-1.51176,-0.191716,-0.764925,22.1466,-0.0904722,10.7356
0,22.7093,-1.63731,0.769328,0.81238,22.7093,-0.0904722,9.15457
0,24.4778,-1.65424,1.81271,1.22961,24.4778,-0.0904722,8.69451
0,25.5468,-1.60118,2.57066,0.39418,25.5468,-0.0904722,9.59805
0,25.7183,-1.50274,-2.87723,-1.09148,25.7183,-0.0904722,11.0317
0,24.69,-1.40562,-2.01485,-2.21181,24.69,-0.0904722,11.9641
0,22.5536,-1.43644,-0.680281,-1.58971,22.5536,-0.0904722,11.4625
0,22.3556,-1.59102,0.340782,0.162708,22.3556,-0.0904722,9.83597
0,23.7351,-1.66014,1.35442,1.25989,23.7351,-0.0904722,8.66043
0,25.3739,-1.62072,2.33889,0.714599,25.3739,-0.0904722,9.25984
0,25.8808,-1.54635,3.05404,-0.467632,25.8808,-0.0904722,10.4567
0,25.351,-1.44323,-2.40079,-1.84478,25.351,-0.0904722,11.6731
0,23.2481,-1.39126,-1.13924,-2.14744,23.2481,-0.0904722,11.9141
0,22.2956,-1.52455,-0.0992289,-0.631214,22.2956,-0.0904722,10.6113
0,23.2555,-1.65039,1.02989,1.0555,23.2555,-0.0904722,8.88864
0,24.7051,-1.65019,1.85012,1.17873,24.7051,-0.0904722,8.75155
0,25.8448,-1.58171,2.74063,0.083325,25.8448,-0.0904722,9.91633
0,25.8859,-1.50218,-2.88326,-1.11019,25.8859,-0.0904722,11.0484
0,24.5079,-1.39163,-1.81347,-2.34392,24.5079,-0.0904722,12.0653
0,22.7634,-1.43024,-0.720569,-1.67885,22.7634,-0.0904722,11.5369
0,22.649,-1.60708,0.497309,0.382908,22.649,-0.0904722,9.60976
0,24.1159,-1.65755,1.47461,1.25309,24.1159,-0.0904722,8.66808
0,25.4342,-1.62466,2.2603,0.785723,25.4342,-0.0904722,9.18336
0,26.0479,-1.53752,3.1133,-0.605178,26.0479,-0.0904722,10.5868
0,25.4272,-1.43515,-2.33334,-1.95554,25.4272,-0.0904722,11.7625
0,23.6869,-1.38413,-1.30419,-2.29272,23.6869,-0.0904722,12.0263
0,22.4685,-1.53791,-0.00216938,-0.485082,22.4685,-0.0904722,10.4733
0,23.293,-1.64301,0.943664,0.942504,23.293,-0.0904722,9.01298
0,25.0781,-1.64178,1.97053,1.06117,25.0781,-0.0904722,8.88236
0,25.9941,-1.58203,2.71649,0.0902128,25.9941,-0.0904722,9.90938
0,25.9151,-1.47698,-2.69343,-1.46056,25.9151,-0.0904722,11.3533
0,24.5245,-1.38783,-1.73148,-2.38945,24.5245,-0.0904722,12.0998
0,22.6247,-1.48387,-0.343803,-1.10011,22.6247,-0.0904722,11.0394
0,23.0269,-1.6234,0.685228,0.629575,23.0269,-0.0904722,9.35059
0,24.8793,-1.64789,1.80242,1.15317,24.8793,-0.0904722,8.78011
0,25.9981,-1.59133,2.61399,0.243055,25.9981,-0.0904722,9.75399
0,26.1109,-1.49592,-2.85111,-1.21354,26.1109,-0.0904722,11.1396
0,24.5471,-1.38608,-1.70116,-2.41288,24.5471,-0.0904722,12.1174
0,22.8585,-1.44842,-0.575459,-1.50127,22.8585,-0.0904722,11.3879
0,23.0696,-1.62028,0.662767,0.586714,23.0696,-0.0904722,9.39606
0,24.5216,-1.65313,1.56226,1.21408,24.5216,-0.0904722,8.71194
0,26.0079,-1.59793,2.53881,0.353721,26.0079,-0.0904722,9.64002
0,26.2724,-1.51851,-3.03497,-0.89727,26.2724,-0.0904722,10.8569
0,25.3166,-1.41125,-2.09932,-2.23609,25.3166,-0.0904722,11.9829
0,23.289,-1.41008,-0.890041,-1.95872,23.289,-0.0904722,11.765
0,22.8483,-1.58547,0.353407,0.0994785,22.8483,-0.0904722,9.90003
0,24.0464,-1.6513,1.25669,1.13998,24.0464,-0.0904722,8.79484
0,25.7272,-1.62234,2.23736,0.761625,25.7272,-0.0904722,9.20933
0,26.3675,-1.54529,3.02432,-0.495773,26.3675,-0.0904722,10.4835
0,26.0052,-1.45675,-2.53738,-1.74183,26.0052,-0.0904722,11.589
0,24.0162,-1.38376,-1.30844,-2.35113,24.0162,-0.0904722,12.0708
0,22.8129,-1.49948,-0.226261,-0.941673,22.8129,-0.0904722,10.8972
0,23.623,-1.63839,0.948639,0.895028,23.623,-0.0904722,9.06484
0,25.1147,-1.64475,1.80213,1.11676,25.1147,-0.0904722,8.82068
0,26.3274,-1.57727,2.72874,0.0153942,26.3274,-0.0904722,9.98459
0,26.3004,-1.48422,-2.76872,-1.39286,26.3004,-0.0904722,11.2954
0,25.0292,-1.39234,-1.83321,-2.41868,25.0292,-0.0904722,12.1218
0,23.0241,-1.46159,-0.474246,-1.3778,23.0241,-0.0904722,11.2824
0,23.1747,-1.60411,0.533929,0.360781,23.1747,-0.0904722,9.63271
0,24.8874,-1.64854,1.62848,1.16529,24.8874,-0.0904722,8.76659
0,26.2208,-1.59817,2.50682,0.363729,26.2208,-0.0904722,9.62965
0,26.5258,-1.52109,-3.07024,-0.871176,26.5258,-0.0904722,10.8332
0,25.4432,-1.40525,-2.02661,-2.3277,25.4432,-0.0904722,12.053
0,23.57,-1.40788,-0.91445,-2.02259,23.57,-0.0904722,11.8159
0,23.0415,-1.57039,0.260126,-0.095746,23.0415,-0.0904722,10.0953
0,24.3811,-1.64832,1.30323,1.11847,24.3811,-0.0904722,8.81879
0,25.9647,-1.61964,2.22959,0.726814,25.9647,-0.0904722,9.24674
0,26.6154,-1.5397,3.05226,-0.589526,26.6154,-0.0904722,10.5721
0,25.9192,-1.42757,-2.27989,-2.11403,25.9192,-0.0904722,11.888
0,23.9194,-1.3929,-1.10034,-2.2366,23.9194,-0.0904722,11.9833
0,23.0276,-1.52513,-0.0457652,-0.65683,23.0276,-0.0904722,10.6352
0,24.1041,-1.64191,1.09916,0.988046,24.1041,-0.0904722,8.96302
0,25.5788,-1.63636,1.93088,1.00154,25.5788,-0.0904722,8.94818
0,26.6325,-1.56379,2.83385,-0.205535,26.6325,-0.0904722,10.2034
0,26.5454,-1.4827,-2.76824,-1.43431,26.5454,-0.0904722,11.3309
0,24.936,-1.38394,-1.64419,-2.50149,24.936,-0.0904722,12.1836
0,23.3391,-1.44649,-0.566867,-1.57585,23.3391,-0.0904722,11.4509
0,23.3852,-1.59758,0.507933,0.275546,23.3852,-0.0904722,9.72066
0,24.9847,-1.64634,1.5518,1.13452,24.9847,-0.0904722,8.80092
0,26.232,-1.61194,2.3101,0.603292,26.232,-0.0904722,9.37849
0,26.7813,-1.52883,3.13337,-0.764283,26.7813,-0.0904722,10.735
0,26.2932,-1.44319,-2.43337,-1.95494,26.2932,-0.0904722,11.762
0,24.4606,-1.38306,-1.32716,-2.43254,24.4606,-0.0904722,12.1322
0,23.198,-1.52286,-0.0459624,-0.691593,23.198,-0.0904722,10.6676
0,23.9361,-1.62821,0.884743,0.755653,23.9361,-0.0904722,9.21576
0,25.5337,-1.63879,1.80868,1.04204,25.5337,-0.0904722,8.90352
0,26.7204,-1.57529,2.70603,-0.0153843,26.7204,-0.0904722,10.0154
0,26.7999,-1.4992,-2.91288,-1.21367,26.7999,-0.0904722,11.1397
0,25.6484,-1.3991,-1.95164,-2.43402,25.6484,-0.0904722,12.1333
0,23.5424,-1.44206,-0.597631,-1.64794,23.5424,-0.0904722,11.5112
0,23.5032,-1.58726,0.437554,0.134129,23.5032,-0.0904722,9.86497
0,25.1804,-1.64314,1.56143,1.0933,25.1804,-0.0904722,8.84676
0,26.4876,-1.60384,2.37785,0.470508,26.4876,-0.0904722,9.51842
0,26.922,-1.51117,-3.01896,-1.04173,26.922,-0.0904722,10.9873
0,26.1075,-1.41725,-2.18534,-2.27212,26.1075,-0.0904722,12.0106
0,23.9091,-1.41119,-0.860757,-2.03554,23.9091,-0.0904722,11.8262
0,23.4069,-1.55289,0.173537,-0.324849,23.4069,-0.0904722,10.3196
0,24.7753,-1.6419,1.29645,1.03982,24.7753,-0.0904722,8.90597
0,26.2003,-1.62201,2.11216,0.781627,26.2003,-0.0904722,9.18778
0,27.0173,-1.54209,2.99777,-0.563426,27.0173,-0.0904722,10.5475
0,26.6765,-1.45528,-2.55325,-1.83252,26.6765,-0.0904722,11.6632
0,24.9009,-1.38147,-1.44082,-2.52412,24.9009,-0.0904722,12.2003
0,23.4483,-1.5177,-0.066303,-0.766095,23.4483,-0.0904722,10.7367
0,24.2675,-1.62757,0.936077,0.765547,24.2675,-0.0904722,9.20511
0,26.1495,-1.62549,2.02434,0.841671,26.1495,-0.0904722,9.12285
0,27.0331,-1.56092,2.81489,-0.256194,27.0331,-0.0904722,10.2529
0,26.7477,-1.45364,-2.54661,-1.86294,26.7477,-0.0904722,11.6879
0,25.1707,-1.38125,-1.54949,-2.57207,25.1707,-0.0904722,12.2356
0,23.5769,-1.47997,-0.311375,-1.22247,23.5769,-0.0904722,11.1475
0,24.2785,-1.6241,0.896297,0.710569,24.2785,-0.0904722,9.26415
0,25.7991,-1.6353,1.77359,0.997754,25.7991,-0.0904722,8.95235
0,27.0593,-1.5694,2.72605,-0.114055,27.0593,-0.0904722,10.1134
0,27.0814,-1.48759,-2.8401,-1.40603,27.0814,-0.0904722,11.3067
0,25.4805,-1.38424,-1.67702,-2.58825,25.4805,-0.0904722,12.2475
0,23.8069,-1.44726,-0.541782,-1.62009,23.8069,-0.0904722,11.488
0,24.1021,-1.60941,0.706797,0.473082,24.1021,-0.0904722,9.51572
0,25.5942,-1.63811,1.61381,1.03409,25.5942,-0.0904722,8.9123
0,27.0412,-1.58102,2.59853,0.0845895,27.0412,-0.0904722,9.91505
0,27.2259,-1.5021,-2.96531,-1.1982,27.2259,-0.0904722,11.1262
0,25.898,-1.39244,-1.86618,-2.55554,25.898,-0.0904722,12.2235
0,24.1209,-1.41818,-0.777396,-1.98739,24.1209,-0.0904722,11.7879
0,23.8702,-1.58014,0.420749,0.0394597,23.8702,-0.0904722,9.96046
0,25.078,-1.63766,1.29112,0.988625,25.078,-0.0904722,8.96239
0,26.7,-1.61054,2.23607,0.598016,26.7,-0.0904722,9.38409
0,27.3205,-1.54792,2.92251,-0.47615,27.3205,-0.0904722,10.4648
0,26.9727,-1.45077,-2.52659,-1.92769,26.9727,-0.0904722,11.7401
0,25.4673,-1.38181,-1.57609,-2.61529,25.4673,-0.0904722,12.2672
0,23.8606,-1.46754,-0.38425,-1.39254,23.8606,-0.0904722,11.2951
0,24.227,-1.60459,0.678934,0.404412,24.227,-0.0904722,9.58741
0,25.7692,-1.63588,1.62312,1.00615,25.7692,-0.0904722,8.9431
0,27.1487,-1.58495,2.54013,0.154527,27.1487,-0.0904722,9.84428
0,27.4245,-1.51453,-3.07691,-1.01759,27.4245,-0.0904722,10.9657
0,26.5001,-1.41046,-2.12229,-2.41613,26.5001,-0.0904722,12.1199
0,24.7027,-1.39269,-1.0751,-2.36283,24.7027,-0.0904722,12.0797
0,23.8786,-1.54193,0.1389,-0.477764,23.8786,-0.0904722,10.4663
0,24.7901,-1.62619,1.0208,0.774237,24.7901,-0.0904722,9.19575
0,26.3336,-1.62695,1.89628,0.879357,26.3336,-0.0904722,9.0819
0,27.3996,-1.56466,2.74657,-0.196079,27.3996,-0.0904722,10.1942
0,27.4508,-1.49394,-2.90653,-1.33821,27.4508,-0.0904722,11.2483
0,26.3511,-1.39981,-1.97923,-2.53285,26.3511,-0.0904722,12.2068
0,24.3092,-1.42448,-0.713176,-1.94118,24.3092,-0.0904722,11.751
0,24.0001,-1.55295,0.227502,-0.334528,24.0001,-0.0904722,10.3289
0,25.2554,-1.63309,1.24877,0.921237,25.2554,-0.0904722,9.03624
0,26.5744,-1.62199,1.99066,0.801547,26.5744,-0.0904722,9.16628
0,27.5143,-1.55925,2.79611,-0.289431,27.5143,-0.0904722,10.2852
0,27.5215,-1.4904,-2.87683,-1.39744,27.5215,-0.0904722,11.2993
0,26.181,-1.39158,-1.82969,-2.61154,26.181,-0.0904722,12.2645
0,24.4469,-1.4211,-0.75156,-1.99848,24.4469,-0.0904722,11.7967
0,24.2549,-1.57926,0.451902,0.0304447,24.2549,-0.0904722,9.96951
0,25.4913,-1.6331,1.32614,0.937182,25.4913,-0.0904722,9.01881
0,27.0946,-1.60362,2.27528,0.487213,27.0946,-0.0904722,9.50091
0,27.6696,-1.54042,2.96476,-0.609492,27.6696,-0.0904722,10.5909
0,27.2224,-1.44202,-2.45147,-2.07961,27.2224,-0.0904722,11.861
0,25.6091,-1.38202,-1.46349,-2.63649,25.6091,-0.0904722,12.2827
0,24.1202,-1.50415,-0.118878,-0.97131,24.1202,-0.0904722,10.924
0,24.8228,-1.61395,0.861774,0.575105,24.8228,-0.0904722,9.40834
0,26.6502,-1.6222,1.92645,0.809591,26.6502,-0.0904722,9.15758
0,27.6236,-1.56656,2.69986,-0.164379,27.6236,-0.0904722,10.163
0,27.5428,-1.46644,-2.68025,-1.75985,27.5428,-0.0904722,11.6038
0,26.1021,-1.38591,-1.69664,-2.67047,26.1021,-0.0904722,12.3073
0,24.3195,-1.45914,-0.438291,-1.537,24.3195,-0.0904722,11.4182
0,24.8109,-1.60915,0.79822,0.497476,24.8109,-0.0904722,9.49014
0,26.3298,-1.62932,1.69646,0.922889,26.3298,-0.0904722,9.03443
0,27.6847,-1.56885,2.67167,-0.124696,27.6847,-0.0904722,10.1239
0,27.7666,-1.4889,-2.87796,-1.43917,27.7666,-0.0904722,11.3351
0,26.1805,-1.38613,-1.69694,-2.68056,26.1805,-0.0904722,12.3146
0,24.4792,-1.44481,-0.548671,-1.72489,24.4792,-0.0904722,11.575
0,24.7788,-1.60224,0.714056,0.386725,24.7788,-0.0904722,9.60579
0,26.2926,-1.63002,1.63134,0.933571,26.2926,-0.0904722,9.02276
0,27.6534,-1.58023,2.54196,0.0768081,27.6534,-0.0904722,9.9229
0,27.8738,-1.49448,-2.92851,-1.36033,27.8738,-0.0904722,11.2674
0,26.4811,-1.39078,-1.82058,-2.67003,26.4811,-0.0904722,12.307
0,24.6998,-1.42607,-0.699975,-1.97394,24.6998,-0.0904722,11.7772
0,24.56,-1.5752,0.441148,-0.026507,24.56,-0.0904722,10.0265
0,26.2177,-1.63022,1.54943,0.932365,26.2177,-0.0904722,9.02408
0,27.5235,-1.59485,2.35452,0.339326,27.5235,-0.0904722,9.65491
0,27.9986,-1.50855,-3.05459,-1.14503,27.9986,-0.0904722,11.0793
0,27.2404,-1.41949,-2.22991,-2.39808,27.2404,-0.0904722,12.1063
0,25.2157,-1.39599,-1.03609,-2.40477,25.2157,-0.0904722,12.1113
0,24.4875,-1.54801,0.219733,-0.411453,24.4875,-0.0904722,10.403
0,25.5516,-1.62422,1.132,0.784701,25.5516,-0.0904722,9.18446
0,27.1482,-1.61441,2.03764,0.689089,27.1482,-0.0904722,9.28714
0,28.0627,-1.54271,2.91722,-0.582101,28.0627,-0.0904722,10.5651
0,27.8541,-1.46367,-2.66362,-1.83164,27.8541,-0.0904722,11.6625
0,26.2425,-1.38348,-1.59475,-2.72438,26.2425,-0.0904722,12.3461
0,24.6183,-1.46049,-0.414726,-1.55112,24.6183,-0.0904722,11.4301
0,24.9116,-1.59249,0.633599,0.238263,24.9116,-0.0904722,9.7589
0,26.5613,-1.6273,1.65175,0.899478,26.5613,-0.0904722,9.05999
0,27.7295,-1.59098,2.39137,0.273046,27.7295,-0.0904722,9.72323
0,28.1716,-1.51202,-3.08882,-1.09873,28.1716,-0.0904722,11.0382
0,27.5338,-1.4278,-2.31578,-2.32022,27.5338,-0.0904722,12.0473
0,25.4195,-1.39526,-1.05695,-2.44547,25.4195,-0.0904722,12.1418
0,24.5881,-1.50779,-0.0704284,-0.953508,24.5881,-0.0904722,10.9079
0,25.4997,-1.61709,1.00062,0.659171,25.4997,-0.0904722,9.31908
0,26.8715,-1.62366,1.77866,0.849067,26.8715,-0.0904722,9.11482
0,28.0522,-1.57112,2.62336,-0.0846558,28.0522,-0.0904722,10.0843
0,28.2486,-1.50718,-3.0462,-1.18213,28.2486,-0.0904722,11.112
0,27.3025,-1.40985,-2.10299,-2.54036,27.3025,-0.0904722,12.2123
0,25.5462,-1.39417,-1.0808,-2.47852,25.5462,-0.0904722,12.1665
0,24.6774,-1.51431,-0.018794,-0.873251,24.6774,-0.0904722,10.8351
0,25.4679,-1.61205,0.924344,0.572228,25.4679,-0.0904722,9.41139
0,26.926,-1.62331,1.76192,0.845596,26.926,-0.0904722,9.11859
0,28.0944,-1.57493,2.57539,-0.0158238,28.0944,-0.0904722,10.0158
0,28.3374,-1.50804,-3.05502,-1.17339,28.3374,-0.0904722,11.1043
0,27.7449,-1.4308,-2.34051,-2.30432,27.7449,-0.0904722,12.0352
0,25.8853,-1.38798,-1.23491,-2.60899,25.8853,-0.0904722,12.2627
0,24.7813,-1.51712,0.00407787,-0.841349,24.7813,-0.0904722,10.8059
0,25.5407,-1.60957,0.904125,0.533701,25.5407,-0.0904722,9.45205
0,27.231,-1.61796,1.88128,0.75999,27.231,-0.0904722,9.21109
0,28.1979,-1.57231,2.59113,-0.0630272,28.1979,-0.0904722,10.0628
0,28.3699,-1.49086,-2.90899,-1.4541,28.3699,-0.0904722,11.3478
0,27.2668,-1.40142,-1.97645,-2.65119,27.2668,-0.0904722,12.2933
0,25.4528,-1.40849,-0.890969,-2.2894,25.4528,-0.0904722,12.0238
0,25.0226,-1.56184,0.364614,-0.223042,25.0226,-0.0904722,10.2206
0,26.2415,-1.62299,1.27671,0.801467,26.2415,-0.0904722,9.16636
0,27.799,-1.6019,2.18218,0.478536,27.799,-0.0904722,9.51001
0,28.5172,-1.52478,3.06159,-0.903458,28.5172,-0.0904722,10.8626
0,28.067,-1.44223,-2.46437,-2.1758,28.067,-0.0904722,11.9362
0,25.9658,-1.39009,-1.18636,-2.59578,25.9658,-0.0904722,12.253
0,24.9479,-1.50674,-0.0685287,-0.989054,24.9479,-0.0904722,10.94
0,26.1008,-1.61871,1.14507,0.717122,26.1008,-0.0904722,9.25713
0,27.6476,-1.60948,2.02668,0.617194,27.6476,-0.0904722,9.36374
0,28.5872,-1.5322,2.98381,-0.779367,28.5872,-0.0904722,10.749
0,28.2046,-1.4468,-2.51524,-2.12326,28.2046,-0.0904722,11.8952
0,26.0912,-1.38852,-1.21831,-2.63577,26.0912,-0.0904722,12.2822
0,25.0247,-1.50885,-0.0490397,-0.965398,25.0247,-0.0904722,10.9187
0,26.1278,-1.61659,1.11215,0.680854,26.1278,-0.0904722,9.29594
0,28.0477,-1.59612,2.23992,0.376451,28.0477,-0.0904722,9.61646
0,28.6759,-1.5139,-3.13827,-1.09531,28.6759,-0.0904722,11.0351
0,27.7702,-1.41206,-2.14484,-2.57681,27.7702,-0.0904722,12.2391
0,27.7702,-1.41206,-2.14484,-2.57681,27.7702,-0.0904722,12.2391
Exiting model node
... logging to /home/aauship/.ros/log/f5d5d280-240b-11e7-89ad-00248c681181/roslaunch-aauship-6871.log
Checking log directory for disk usage. This may take awhile.
Press Ctrl-C to interrupt
Done checking log file disk usage. Usage is <1GB.
]2;/home/aauship/p8-vessel-main/aauship_832_ws/src/aauship_control/path_controller_model_test.launch
[1mstarted roslaunch server http://aauship:50362/[0m

SUMMARY
========

PARAMETERS
 * /rosdistro: indigo
 * /rosversion: 1.11.9

NODES
  /
    lqr_node (aauship_control/lqr_node)
    model_node (aauship_control/model-node.py)
    path_follower_node (aauship_control/path_follower_node)

auto-starting new master
[1mprocess[master]: started with pid [6883][0m
[1mROS_MASTER_URI=http://localhost:11311[0m
]2;/home/aauship/p8-vessel-main/aauship_832_ws/src/aauship_control/path_controller_model_test.launch http://localhost:11311
[1msetting /run_id to f5d5d280-240b-11e7-89ad-00248c681181[0m
[1mprocess[rosout-1]: started with pid [6896][0m
started core service [/rosout]
[1mprocess[model_node-2]: started with pid [6913][0m
[1mprocess[lqr_node-3]: started with pid [6914][0m
[1mprocess[path_follower_node-4]: started with pid [6937][0m
[path_follower_node-4] killing on exit
[lqr_node-3] killing on exit
[model_node-2] killing on exit
[rosout-1] killing on exit
[master] killing on exit
shutting down processing monitor...
... shutting down processing monitor complete
[1mdone[0m
