0,0,0,1,0,0,8,0
0,0,0,1,0,0,8,0
0,0,0,1,0,0,8,0
0.0777881,0,0,0,0.0777881,0,8.07779,0
0.447349,0,0,0,0.447349,0,8.44735,0
0.773858,0,0,0,0.773858,0,8.77386,0
1.06179,0,0,0,1.06179,0,9.06179,0
1.31514,0,0,0,1.31514,0,9.31514,0
1.51656,0,0,0,1.51656,0,9.51656,0
1.73209,0,0,0,1.73209,0,9.73209,0
1.88587,0,0,0,1.88587,0,9.88587,0
2.0492,0,0,0,2.0492,0,10.0492,0
2.17661,0,0,0,2.17661,0,10.1766,0
2.2861,0,0,0,2.2861,0,10.2861,0
2.37954,0,0,0,2.37954,0,10.3795,0
2.4586,0,0,0,2.4586,0,10.4586,0
2.51868,0,0,0,2.51868,0,10.5187,0
2.57936,0,0,0,2.57936,0,10.5794,0
2.6236,0,0,0,2.6236,0,10.6236,0
2.65857,0,0,0,2.65857,0,10.6586,0
2.68748,0,0,0,2.68748,0,10.6875,0
2.74936,0,0,0,2.74936,0,10.7494,0
2.81814,0,0,0,2.81814,0,10.8181,0
2.92023,0,0,0,2.92023,0,10.9202,0
3.02762,0,0,0,3.02762,0,11.0276,0
3.1443,0,0,0,3.1443,0,11.1443,0
3.26692,0,0,0,3.26692,0,11.2669,0
3.39534,0,0,0,3.39534,0,11.3953,0
3.53123,0,0,0,3.53123,0,11.5312,0
3.66979,0,0,0,3.66979,0,11.6698,0
3.80974,0,0,0,3.80974,0,11.8097,0
3.95066,0,0,0,3.95066,0,11.9507,0
4.09629,0,0,0,4.09629,0,12.0963,0
4.22536,0,0,0,4.22536,0,12.2254,0
4.3868,0,0,0,4.3868,0,12.3868,0
4.51806,0,0,0,4.51806,0,12.5181,0
4.68054,0,0,0,4.68054,0,12.6805,0
4.82971,0,0,0,4.82971,0,12.8297,0
4.97918,0,0,0,4.97918,0,12.9792,0
5.12803,0,0,0,5.12803,0,13.128,0
5.27717,0,0,0,5.27717,0,13.2772,0
5.42624,0,0,0,5.42624,0,13.4262,0
5.57595,0,0,0,5.57595,0,13.5759,0
5.72381,0,0,0,5.72381,0,13.7238,0
5.87195,0,0,0,5.87195,0,13.872,0
6.02128,0,0,0,6.02128,0,14.0213,0
6.17087,0,0,0,6.17087,0,14.1709,0
6.30623,0,0,0,6.30623,0,14.3062,0
6.47017,0,0,0,6.47017,0,14.4702,0
6.60639,0,0,0,6.60639,0,14.6064,0
6.77129,0,0,0,6.77129,0,14.7713,0
6.90591,0,0,0,6.90591,0,14.9059,0
7.07061,0,0,0,7.07061,0,15.0706,0
7.21953,0,0,0,7.21953,0,15.2195,0
7.36955,0,0,0,7.36955,0,15.3696,0
7.519,0,0,0,7.519,0,15.519,0
7.66979,0,0,0,7.66979,0,15.6698,0
7.82,0,0,0,7.82,0,15.82,0
7.97059,0,0,0,7.97059,0,15.9706,0
8.11984,0,0,0,8.11984,0,16.1198,0
8.25523,0,0,0,8.25523,0,16.2552,0
8.42036,0,0,0,8.42036,0,16.4204,0
8.55564,0,0,0,8.55564,0,16.5556,0
8.72264,0,0,0,8.72264,0,16.7226,0
8.8563,0,0,0,8.8563,0,16.8563,0
9.02115,0,0,0,9.02115,0,17.0212,0
9.15562,0,0,0,9.15562,0,17.1556,0
9.3197,0,0,0,9.3197,0,17.3197,0
9.45615,0,0,0,9.45615,0,17.4562,0
9.61974,0,0,0,9.61974,0,17.6197,0
9.76983,0,0,0,9.76983,0,17.7698,0
9.90599,0,0,0,9.90599,0,17.906,0
10.0713,0,0,0,10.0713,0,18.0713,0
10.2048,0,0,0,10.2048,0,18.2048,0
10.3698,0,0,0,10.3698,0,18.3698,0
10.5042,0,0,0,10.5042,0,18.5042,0
10.6686,0,0,0,10.6686,0,18.6686,0
10.8197,0,0,0,10.8197,0,18.8197,0
10.9686,0,0,0,10.9686,0,18.9686,0
11.119,0,0,0,11.119,0,19.119,0
11.2697,0,0,0,11.2697,0,19.2697,0
11.4186,0,0,0,11.4186,0,19.4186,0
11.5699,0,0,0,11.5699,0,19.5699,0
11.7188,0,0,0,11.7188,0,19.7188,0
11.8525,0,0,0,11.8525,0,19.8525,0
12.0023,0,0,0,12.0023,0,20.0023,0
12.1687,0,0,0,12.1687,0,20.1687,0
12.3027,0,0,0,12.3027,0,20.3027,0
12.4681,0,0,0,12.4681,0,20.4681,0
12.6161,0,0,0,12.6161,0,20.6161,0
12.7663,0,0,0,12.7663,0,20.7663,0
12.9173,0,0,0,12.9173,0,20.9173,0
13.0666,0,0,0,13.0666,0,21.0666,0
13.2167,0,0,0,13.2167,0,21.2167,0
13.3517,0,0,0,13.3517,0,21.3517,0
13.5169,0,0,0,13.5169,0,21.5169,0
13.6675,0,0,0,13.6675,0,21.6675,0
13.8162,0,0,0,13.8162,0,21.8162,0
13.9673,0,0,0,13.9673,0,21.9673,0
14.1171,0,0,0,14.1171,0,22.1171,0
14.2673,0,0,0,14.2673,0,22.2673,0
14.4173,0,0,0,14.4173,0,22.4173,0
14.5659,0,0,0,14.5659,0,22.5659,0
14.717,0,0,0,14.717,0,22.717,0
14.8658,0,0,0,14.8658,0,22.8658,0
15.0149,0,0,0,15.0149,0,23.0149,0
15.151,0,0,0,15.151,0,23.151,0
15.3165,0,0,0,15.3165,0,23.3165,0
15.4503,0,0,0,15.4503,0,23.4503,0
15.615,0,0,0,15.615,0,23.615,0
15.7657,0,0,0,15.7657,0,23.7657,0
15.9172,0,0,0,15.9172,0,23.9172,0
16.0659,0,0,0,16.0659,0,24.0659,0
16.2168,0,0,0,16.2168,0,24.2168,0
16.3668,0,0,0,16.3668,0,24.3668,0
16.5152,0,0,0,16.5152,0,24.5152,0
16.6668,0,0,0,16.6668,0,24.6668,0
16.8159,0,0,0,16.8159,0,24.8159,0
16.9669,0,0,0,16.9669,0,24.9669,0
17.1165,0,0,0,17.1165,0,25.1165,0
17.2501,0,0,0,17.2501,0,25.2501,0
17.4146,0,0,0,17.4146,0,25.4146,0
17.5507,0,0,0,17.5507,0,25.5507,0
17.7141,0,0,0,17.7141,0,25.7141,0
17.8631,0,0,0,17.8631,0,25.8631,0
18.0145,0,0,0,18.0145,0,26.0145,0
18.1641,0,0,0,18.1641,0,26.1641,0
18.3144,0,0,0,18.3144,0,26.3144,0
18.463,0,0,0,18.463,0,26.463,0
18.6141,0,0,0,18.6141,0,26.6141,0
18.7506,0,0,0,18.7506,0,26.7506,0
18.9136,0,0,0,18.9136,0,26.9136,0
19.0635,0,0,0,19.0635,0,27.0635,0
19.2136,0,0,0,19.2136,0,27.2136,0
19.3624,0,0,0,19.3624,0,27.3624,0
19.5125,0,0,0,19.5125,0,27.5125,0
19.6615,0,0,0,19.6615,0,27.6615,0
19.8103,0,0,0,19.8103,0,27.8103,0
19.9445,0,0,0,19.9445,0,27.9445,0
20.1082,0,0,0,20.1082,0,28.1082,0
20.2452,0,0,0,20.2452,0,28.2452,0
20.4087,0,0,0,20.4087,0,28.4087,0
20.5594,0,0,0,20.5594,0,28.5594,0
20.7096,0,0,0,20.7096,0,28.7096,0
20.8603,0,0,0,20.8603,0,28.8603,0
21.0105,0,0,0,21.0105,0,29.0105,0
21.1444,0,0,0,21.1444,0,29.1444,0
21.3098,0,0,0,21.3098,0,29.3098,0
21.4594,0,0,0,21.4594,0,29.4594,0
21.6105,0,0,0,21.6105,0,29.6105,0
21.7597,0,0,0,21.7597,0,29.7597,0
21.9093,0,0,0,21.9093,0,29.9093,0
22.0608,0,0,0,22.0608,0,30.0608,0
22.1946,0,0,0,22.1946,0,30.1946,0
22.3589,0,0,0,22.3589,0,30.3589,0
22.4953,0,0,0,22.4953,0,30.4953,0
22.659,0,0,0,22.659,0,30.659,0
22.7945,0,0,0,22.7945,0,30.7945,0
22.9575,0,0,0,22.9575,0,30.9575,0
23.0927,0,0,0,23.0927,0,31.0927,0
23.2573,0,0,0,23.2573,0,31.2573,0
23.4069,0,0,0,23.4069,0,31.4069,0
23.5556,0,0,0,23.5556,0,31.5556,0
23.706,0,0,0,23.706,0,31.706,0
23.8557,0,0,0,23.8557,0,31.8557,0
24.0054,0,0,0,24.0054,0,32.0054,0
24.1565,0,0,0,24.1565,0,32.1565,0
24.3067,0,0,0,24.3067,0,32.3067,0
24.4565,0,0,0,24.4565,0,32.4565,0
24.5919,0,0,0,24.5919,0,32.5919,0
24.7568,0,0,0,24.7568,0,32.7568,0
24.9076,0,0,0,24.9076,0,32.9076,0
25.0558,0,0,0,25.0558,0,33.0558,0
25.2052,0,0,0,25.2052,0,33.2052,0
25.3387,0,0,0,25.3387,0,33.3387,0
25.5047,0,0,0,25.5047,0,33.5047,0
25.6546,0,0,0,25.6546,0,33.6546,0
25.8027,0,0,0,25.8027,0,33.8027,0
25.9526,0,0,0,25.9526,0,33.9526,0
26.0881,0,0,0,26.0881,0,34.0881,0
26.2526,0,0,0,26.2526,0,34.2526,0
26.3888,0,0,0,26.3888,0,34.3888,0
26.5555,0,0,0,26.5555,0,34.5555,0
26.6907,0,0,0,26.6907,0,34.6907,0
26.855,0,0,0,26.855,0,34.855,0
27.0042,0,0,0,27.0042,0,35.0042,0
27.1544,0,0,0,27.1544,0,35.1544,0
27.3045,0,0,0,27.3045,0,35.3045,0
27.4543,0,0,0,27.4543,0,35.4543,0
27.6042,0,0,0,27.6042,0,35.6042,0
27.7386,0,0,0,27.7386,0,35.7386,0
27.9059,0,0,0,27.9059,0,35.9059,0
28.0563,0,0,0,28.0563,0,36.0563,0
28.2058,0,0,0,28.2058,0,36.2058,0
28.3562,0,0,0,28.3562,0,36.3562,0
28.5046,0,0,0,28.5046,0,36.5046,0
28.6555,0,0,0,28.6555,0,36.6555,0
28.789,0,0,0,28.789,0,36.789,0
28.9541,0,0,0,28.9541,0,36.9541,0
29.0893,0,0,0,29.0893,0,37.0893,0
29.2532,0,0,0,29.2532,0,37.2532,0
29.4018,0,0,0,29.4018,0,37.4018,0
29.5524,0,0,0,29.5524,0,37.5524,0
29.7026,0,0,0,29.7026,0,37.7026,0
29.8512,0,0,0,29.8512,0,37.8512,0
30.0019,0,0,0,30.0019,0,38.0019,0
30.1526,0,0,0,30.1526,0,38.1526,0
30.3017,0,0,0,30.3017,0,38.3017,0
30.4376,0,0,0,30.4376,0,38.4376,0
30.603,0,0,0,30.603,0,38.603,0
30.754,0,0,0,30.754,0,38.754,0
30.9028,0,0,0,30.9028,0,38.9028,0
31.0368,0,0,0,31.0368,0,39.0368,0
31.1999,0,0,0,31.1999,0,39.1999,0
31.3348,0,0,0,31.3348,0,39.3348,0
31.501,0,0,0,31.501,0,39.501,0
31.65,0,0,0,31.65,0,39.65,0
31.8009,0,0,0,31.8009,0,39.8009,0
31.951,0,0,0,31.951,0,39.951,0
32.0855,0,0,0,32.0855,0,40.0855,0
32.2509,0,0,0,32.2509,0,40.2509,0
32.4008,0,0,0,32.4008,0,40.4008,0
32.5511,0,0,0,32.5511,0,40.5511,0
32.7009,0,0,0,32.7009,0,40.7009,0
32.8504,0,0,0,32.8504,0,40.8504,0
33.0014,0,0,0,33.0014,0,41.0014,0
33.151,0,0,0,33.151,0,41.151,0
33.3014,0,0,0,33.3014,0,41.3014,0
33.4366,0,0,0,33.4366,0,41.4366,0
33.6019,0,0,0,33.6019,0,41.6019,0
33.7528,0,0,0,33.7528,0,41.7528,0
33.9019,0,0,0,33.9019,0,41.9019,0
34.0514,0,0,0,34.0514,0,42.0514,0
34.2033,0,0,0,34.2033,0,42.2033,0
34.3521,0,0,0,34.3521,0,42.3521,0
34.5011,0,0,0,34.5011,0,42.5011,0
34.6524,0,0,0,34.6524,0,42.6524,0
34.8024,0,0,0,34.8024,0,42.8024,0
34.9527,0,0,0,34.9527,0,42.9527,0
35.1025,0,0,0,35.1025,0,43.1025,0
35.2525,0,0,0,35.2525,0,43.2525,0
35.4024,0,0,0,35.4024,0,43.4024,0
35.5522,0,0,0,35.5522,0,43.5522,0
35.6872,0,0,0,35.6872,0,43.6872,0
35.851,0,0,0,35.851,0,43.851,0
35.987,0,0,0,35.987,0,43.987,0
36.1523,0,0,0,36.1523,0,44.1523,0
36.3011,0,0,0,36.3011,0,44.3011,0
36.4516,0,0,0,36.4516,0,44.4516,0
36.6006,0,0,0,36.6006,0,44.6006,0
36.7513,0,0,0,36.7513,0,44.7513,0
36.8996,0,0,0,36.8996,0,44.8996,0
37.0344,0,0,0,37.0344,0,45.0344,0
37.2009,0,0,0,37.2009,0,45.2009,0
37.351,0,0,0,37.351,0,45.351,0
37.5008,0,0,0,37.5008,0,45.5008,0
37.6524,0,0,0,37.6524,0,45.6524,0
37.8028,0,0,0,37.8028,0,45.8028,0
37.9522,0,0,0,37.9522,0,45.9522,0
38.0859,0,0,0,38.0859,0,46.0859,0
38.2515,0,0,0,38.2515,0,46.2515,0
38.401,0,0,0,38.401,0,46.401,0
38.5513,0,0,0,38.5513,0,46.5513,0
38.701,0,0,0,38.701,0,46.701,0
38.8498,0,0,0,38.8498,0,46.8498,0
38.9983,0,0,0,38.9983,0,46.9983,0
39.1348,0,0,0,39.1348,0,47.1348,0
39.2991,0,0,0,39.2991,0,47.2991,0
39.4352,0,0,0,39.4352,0,47.4352,0
39.5981,0,0,0,39.5981,0,47.5981,0
39.7333,0,0,0,39.7333,0,47.7333,0
39.8988,0,0,0,39.8988,0,47.8988,0
40.0327,0,0,0,40.0327,0,48.0327,0
40.1969,0,0,0,40.1969,0,48.1969,0
40.3464,0,0,0,40.3464,0,48.3464,0
40.4964,0,0,0,40.4964,0,48.4964,0
40.6469,0,0,0,40.6469,0,48.6469,0
40.7972,0,0,0,40.7972,0,48.7972,0
40.9476,0,0,0,40.9476,0,48.9476,0
41.082,0,0,0,41.082,0,49.082,0
41.2461,0,0,0,41.2461,0,49.2461,0
41.3817,0,0,0,41.3817,0,49.3817,0
41.5459,0,0,0,41.5459,0,49.5459,0
41.6814,0,0,0,41.6814,0,49.6814,0
41.8467,0,0,0,41.8467,0,49.8467,0
41.9966,0,0,0,41.9966,0,49.9966,0
42.1456,0,0,0,42.1456,0,50.1456,0
42.2945,0,0,0,42.2945,0,50.2945,0
42.4436,0,0,0,42.4436,0,50.4436,0
42.5946,0,0,0,42.5946,0,50.5946,0
42.7443,0,0,0,42.7443,0,50.7443,0
42.8797,0,0,0,42.8797,0,50.8797,0
43.0456,0,0,0,43.0456,0,51.0456,0
43.1794,0,0,0,43.1794,0,51.1794,0
43.3449,0,0,0,43.3449,0,51.3449,0
43.4952,0,0,0,43.4952,0,51.4952,0
43.6438,0,0,0,43.6438,0,51.6438,0
43.7946,0,0,0,43.7946,0,51.7946,0
43.9454,0,0,0,43.9454,0,51.9454,0
44.0944,0,0,0,44.0944,0,52.0944,0
44.2304,0,0,0,44.2304,0,52.2304,0
44.3939,0,0,0,44.3939,0,52.3939,0
44.5435,0,0,0,44.5435,0,52.5435,0
44.6939,0,0,0,44.6939,0,52.6939,0
44.8434,0,0,0,44.8434,0,52.8434,0
44.9934,0,0,0,44.9934,0,52.9934,0
45.1445,0,0,0,45.1445,0,53.1445,0
45.294,0,0,0,45.294,0,53.294,0
45.4289,0,0,0,45.4289,0,53.4289,0
45.5949,0,0,0,45.5949,0,53.5949,0
45.7296,0,0,0,45.7296,0,53.7296,0
45.894,0,0,0,45.894,0,53.894,0
46.0283,0,0,0,46.0283,0,54.0283,0
46.1941,0,0,0,46.1941,0,54.1941,0
46.3424,0,0,0,46.3424,0,54.3424,0
46.4921,0,0,0,46.4921,0,54.4921,0
46.6431,0,0,0,46.6431,0,54.6431,0
46.7936,0,0,0,46.7936,0,54.7936,0
46.9423,0,0,0,46.9423,0,54.9423,0
47.0942,0,0,0,47.0942,0,55.0942,0
47.2442,0,0,0,47.2442,0,55.2442,0
47.3795,0,0,0,47.3795,0,55.3795,0
47.543,0,0,0,47.543,0,55.543,0
47.6949,0,0,0,47.6949,0,55.6949,0
47.8444,0,0,0,47.8444,0,55.8444,0
47.9939,0,0,0,47.9939,0,55.9939,0
48.144,0,0,0,48.144,0,56.144,0
48.2939,0,0,0,48.2939,0,56.2939,0
48.4427,0,0,0,48.4427,0,56.4427,0
48.5922,0,0,0,48.5922,0,56.5922,0
48.7416,0,0,0,48.7416,0,56.7416,0
48.8912,0,0,0,48.8912,0,56.8912,0
49.0428,0,0,0,49.0428,0,57.0428,0
49.1778,0,0,0,49.1778,0,57.1778,0
49.3429,0,0,0,49.3429,0,57.3429,0
49.4921,0,0,0,49.4921,0,57.4921,0
49.6406,0,0,0,49.6406,0,57.6406,0
49.7908,0,0,0,49.7908,0,57.7908,0
49.9412,0,0,0,49.9412,0,57.9412,0
50.0899,0,0,0,50.0899,0,58.0899,0
50.2242,0,0,0,50.2242,0,58.2242,0
50.3908,0,0,0,50.3908,0,58.3908,0
50.5398,0,0,0,50.5398,0,58.5398,0
50.6899,0,0,0,50.6899,0,58.6899,0
50.8392,0,0,0,50.8392,0,58.8392,0
50.989,0,0,0,50.989,0,58.989,0
51.1396,0,0,0,51.1396,0,59.1396,0
51.2901,0,0,0,51.2901,0,59.2901,0
51.4388,0,0,0,51.4388,0,59.4388,0
51.5885,0,0,0,51.5885,0,59.5885,0
51.7238,0,0,0,51.7238,0,59.7238,0
51.8889,0,0,0,51.8889,0,59.8889,0
52.0379,0,0,0,52.0379,0,60.0379,0
52.1875,0,0,0,52.1875,0,60.1875,0
52.3377,0,0,0,52.3377,0,60.3377,0
52.4889,0,0,0,52.4889,0,60.4889,0
52.6403,0,0,0,52.6403,0,60.6403,0
52.7753,0,0,0,52.7753,0,60.7753,0
52.9375,0,0,0,52.9375,0,60.9375,0
53.0885,0,0,0,53.0885,0,61.0885,0
53.2397,0,0,0,53.2397,0,61.2397,0
53.3729,0,0,0,53.3729,0,61.3729,0
53.5375,0,0,0,53.5375,0,61.5375,0
53.6882,0,0,0,53.6882,0,61.6882,0
53.8367,0,0,0,53.8367,0,61.8367,0
53.9855,0,0,0,53.9855,0,61.9855,0
54.1361,0,0,0,54.1361,0,62.1361,0
54.2855,0,0,0,54.2855,0,62.2855,0
54.4375,0,0,0,54.4375,0,62.4375,0
54.5861,0,0,0,54.5861,0,62.5861,0
54.722,0,0,0,54.722,0,62.722,0
54.8865,0,0,0,54.8865,0,62.8865,0
55.0364,0,0,0,55.0364,0,63.0364,0
55.1871,0,0,0,55.1871,0,63.1871,0
55.3366,0,0,0,55.3366,0,63.3366,0
55.4857,0,0,0,55.4857,0,63.4857,0
55.6367,0,0,0,55.6367,0,63.6367,0
55.7708,0,0,0,55.7708,0,63.7708,0
55.9356,0,0,0,55.9356,0,63.9356,0
56.0693,0,0,0,56.0693,0,64.0693,0
56.237,0,0,0,56.237,0,64.237,0
56.3865,0,0,0,56.3865,0,64.3865,0
56.5349,0,0,0,56.5349,0,64.5349,0
56.6847,0,0,0,56.6847,0,64.6847,0
56.8356,0,0,0,56.8356,0,64.8356,0
56.9842,0,0,0,56.9842,0,64.9842,0
57.1181,0,0,0,57.1181,0,65.1181,0
57.2674,0,0,0,57.2674,0,65.2674,0
57.4327,0,0,0,57.4327,0,65.4327,0
57.569,0,0,0,57.569,0,65.569,0
57.7345,0,0,0,57.7345,0,65.7345,0
57.8837,0,0,0,57.8837,0,65.8837,0
58.0337,0,0,0,58.0337,0,66.0337,0
58.1837,0,0,0,58.1837,0,66.1837,0
58.3329,0,0,0,58.3329,0,66.3329,0
58.469,0,0,0,58.469,0,66.469,0
58.6347,0,0,0,58.6347,0,66.6347,0
58.7836,0,0,0,58.7836,0,66.7836,0
58.9336,0,0,0,58.9336,0,66.9336,0
59.0821,0,0,0,59.0821,0,67.0821,0
59.2313,0,0,0,59.2313,0,67.2313,0
59.3831,0,0,0,59.3831,0,67.3831,0
59.5339,0,0,0,59.5339,0,67.5339,0
59.6832,0,0,0,59.6832,0,67.6832,0
59.8341,0,0,0,59.8341,0,67.8341,0
59.9825,0,0,0,59.9825,0,67.9825,0
60.1163,0,0,0,60.1163,0,68.1163,0
60.2813,0,0,0,60.2813,0,68.2813,0
60.4166,0,0,0,60.4166,0,68.4166,0
60.5826,0,0,0,60.5826,0,68.5826,0
60.7169,0,0,0,60.7169,0,68.7169,0
60.8827,0,0,0,60.8827,0,68.8827,0
61.0317,0,0,0,61.0317,0,69.0317,0
61.181,0,0,0,61.181,0,69.181,0
61.3328,0,0,0,61.3328,0,69.3328,0
61.467,0,0,0,61.467,0,69.467,0
61.6306,0,0,0,61.6306,0,69.6306,0
61.7808,0,0,0,61.7808,0,69.7808,0
61.9304,0,0,0,61.9304,0,69.9304,0
62.0811,0,0,0,62.0811,0,70.0811,0
62.232,0,0,0,62.232,0,70.232,0
62.367,0,0,0,62.367,0,70.367,0
62.5317,0,0,0,62.5317,0,70.5317,0
62.6667,0,0,0,62.6667,0,70.6667,0
62.8306,0,0,0,62.8306,0,70.8306,0
62.9665,0,0,0,62.9665,0,70.9665,0
63.1318,0,0,0,63.1318,0,71.1318,0
63.2821,0,0,0,63.2821,0,71.2821,0
63.4306,0,0,0,63.4306,0,71.4306,0
63.58,0,0,0,63.58,0,71.58,0
63.731,0,0,0,63.731,0,71.731,0
63.8651,0,0,0,63.8651,0,71.8651,0
64.0284,0,0,0,64.0284,0,72.0284,0
64.1637,0,0,0,64.1637,0,72.1637,0
64.3276,0,0,0,64.3276,0,72.3276,0
64.4794,0,0,0,64.4794,0,72.4794,0
64.6288,0,0,0,64.6288,0,72.6288,0
64.7775,0,0,0,64.7775,0,72.7775,0
64.9287,0,0,0,64.9287,0,72.9287,0
65.0799,0,0,0,65.0799,0,73.0799,0
65.2149,0,0,0,65.2149,0,73.2149,0
65.3786,0,0,0,65.3786,0,73.3786,0
65.5129,0,0,0,65.5129,0,73.5129,0
65.6787,0,0,0,65.6787,0,73.6787,0
65.8147,0,0,0,65.8147,0,73.8147,0
65.978,0,0,0,65.978,0,73.978,0
66.1274,0,0,0,66.1274,0,74.1274,0
66.279,0,0,0,66.279,0,74.279,0
66.4278,0,0,0,66.4278,0,74.4278,0
66.5772,0,0,0,66.5772,0,74.5772,0
66.7269,0,0,0,66.7269,0,74.7269,0
66.878,0,0,0,66.878,0,74.878,0
67.0274,0,0,0,67.0274,0,75.0274,0
67.1623,0,0,0,67.1623,0,75.1623,0
67.327,0,0,0,67.327,0,75.327,0
67.4775,0,0,0,67.4775,0,75.4775,0
67.626,0,0,0,67.626,0,75.626,0
67.776,0,0,0,67.776,0,75.776,0
67.9248,0,0,0,67.9248,0,75.9248,0
68.0756,0,0,0,68.0756,0,76.0756,0
68.2244,0,0,0,68.2244,0,76.2244,0
68.3739,0,0,0,68.3739,0,76.3739,0
68.5105,0,0,0,68.5105,0,76.5105,0
68.6747,0,0,0,68.6747,0,76.6747,0
68.8095,0,0,0,68.8095,0,76.8095,0
68.9742,0,0,0,68.9742,0,76.9742,0
69.1105,0,0,0,69.1105,0,77.1105,0
69.2773,0,0,0,69.2773,0,77.2773,0
69.4261,0,0,0,69.4261,0,77.4261,0
69.576,0,0,0,69.576,0,77.576,0
69.7249,0,0,0,69.7249,0,77.7249,0
69.8735,0,0,0,69.8735,0,77.8735,0
70.0239,0,0,0,70.0239,0,78.0239,0
70.1739,0,0,0,70.1739,0,78.1739,0
70.3253,0,0,0,70.3253,0,78.3253,0
70.4599,0,0,0,70.4599,0,78.4599,0
70.6237,0,0,0,70.6237,0,78.6237,0
70.7742,0,0,0,70.7742,0,78.7742,0
70.9232,0,0,0,70.9232,0,78.9232,0
71.0742,0,0,0,71.0742,0,79.0742,0
71.2235,0,0,0,71.2235,0,79.2235,0
71.3735,0,0,0,71.3735,0,79.3735,0
71.5233,0,0,0,71.5233,0,79.5233,0
71.6726,0,0,0,71.6726,0,79.6726,0
71.8071,0,0,0,71.8071,0,79.8071,0
71.9727,0,0,0,71.9727,0,79.9727,0
72.1214,0,0,0,72.1214,0,80.1214,0
72.2709,0,0,0,72.2709,0,80.2709,0
72.4228,0,0,0,72.4228,0,80.4228,0
72.5727,0,0,0,72.5727,0,80.5727,0
72.7229,0,0,0,72.7229,0,80.7229,0
72.8586,0,0,0,72.8586,0,80.8586,0
73.0229,0,0,0,73.0229,0,81.0229,0
73.173,0,0,0,73.173,0,81.173,0
73.322,0,0,0,73.322,0,81.322,0
73.4713,0,0,0,73.4713,0,81.4713,0
73.621,0,0,0,73.621,0,81.621,0
73.7569,0,0,0,73.7569,0,81.7569,0
73.9215,0,0,0,73.9215,0,81.9215,0
74.0703,0,0,0,74.0703,0,82.0703,0
74.2042,0,0,0,74.2042,0,82.2042,0
74.3695,0,0,0,74.3695,0,82.3695,0
74.5199,0,0,0,74.5199,0,82.5199,0
74.6695,0,0,0,74.6695,0,82.6695,0
74.8184,0,0,0,74.8184,0,82.8184,0
74.97,0,0,0,74.97,0,82.97,0
75.1185,0,0,0,75.1185,0,83.1185,0
75.2685,0,0,0,75.2685,0,83.2685,0
75.4029,0,0,0,75.4029,0,83.4029,0
75.5679,0,0,0,75.5679,0,83.5679,0
75.7032,0,0,0,75.7032,0,83.7032,0
75.8691,0,0,0,75.8691,0,83.8691,0
76.0034,0,0,0,76.0034,0,84.0034,0
76.167,0,0,0,76.167,0,84.167,0
76.3174,0,0,0,76.3174,0,84.3174,0
76.4685,0,0,0,76.4685,0,84.4685,0
76.618,0,0,0,76.618,0,84.618,0
76.7681,0,0,0,76.7681,0,84.7681,0
76.9041,0,0,0,76.9041,0,84.9041,0
77.0716,0,0,0,77.0716,0,85.0716,0
77.2209,0,0,0,77.2209,0,85.2209,0
77.3561,0,0,0,77.3561,0,85.3561,0
77.5183,0,0,0,77.5183,0,85.5183,0
77.6694,0,0,0,77.6694,0,85.6694,0
77.8179,0,0,0,77.8179,0,85.8179,0
77.9669,0,0,0,77.9669,0,85.9669,0
78.1174,0,0,0,78.1174,0,86.1174,0
78.2679,0,0,0,78.2679,0,86.2679,0
78.4031,0,0,0,78.4031,0,86.4031,0
78.5533,0,0,0,78.5533,0,86.5533,0
78.7174,0,0,0,78.7174,0,86.7174,0
78.8697,0,0,0,78.8697,0,86.8697,0
79.0183,0,0,0,79.0183,0,87.0183,0
79.168,0,0,0,79.168,0,87.168,0
79.318,0,0,0,79.318,0,87.318,0
79.4687,0,0,0,79.4687,0,87.4687,0
79.6185,0,0,0,79.6185,0,87.6185,0
79.7523,0,0,0,79.7523,0,87.7523,0
79.9179,0,0,0,79.9179,0,87.9179,0
80.0533,0,0,0,80.0533,0,88.0533,0
80.2182,0,0,0,80.2182,0,88.2182,0
80.3672,0,0,0,80.3672,0,88.3672,0
80.518,0,0,0,80.518,0,88.518,0
80.6672,0,0,0,80.6672,0,88.6672,0
80.8183,0,0,0,80.8183,0,88.8183,0
80.968,0,0,0,80.968,0,88.968,0
81.1175,0,0,0,81.1175,0,89.1175,0
81.2534,0,0,0,81.2534,0,89.2534,0
81.4172,0,0,0,81.4172,0,89.4172,0
81.553,0,0,0,81.553,0,89.553,0
81.7177,0,0,0,81.7177,0,89.7177,0
81.8672,0,0,0,81.8672,0,89.8672,0
82.0175,0,0,0,82.0175,0,90.0175,0
82.1685,0,0,0,82.1685,0,90.1685,0
82.3189,0,0,0,82.3189,0,90.3189,0
82.4681,0,0,0,82.4681,0,90.4681,0
82.6184,0,0,0,82.6184,0,90.6184,0
82.7522,0,0,0,82.7522,0,90.7522,0
82.9044,0,0,0,82.9044,0,90.9044,0
83.07,0,0,0,83.07,0,91.07,0
83.2043,0,0,0,83.2043,0,91.2043,0
83.3695,0,0,0,83.3695,0,91.3695,0
83.505,0,0,0,83.505,0,91.505,0
83.6695,0,0,0,83.6695,0,91.6695,0
83.8196,0,0,0,83.8196,0,91.8196,0
83.9678,0,0,0,83.9678,0,91.9678,0
84.1183,0,0,0,84.1183,0,92.1183,0
84.2675,0,0,0,84.2675,0,92.2675,0
84.4026,0,0,0,84.4026,0,92.4026,0
84.5671,0,0,0,84.5671,0,92.5671,0
84.7017,0,0,0,84.7017,0,92.7017,0
84.8672,0,0,0,84.8672,0,92.8672,0
85.018,0,0,0,85.018,0,93.018,0
85.1666,0,0,0,85.1666,0,93.1666,0
85.3156,0,0,0,85.3156,0,93.3156,0
85.4643,0,0,0,85.4643,0,93.4643,0
85.6154,0,0,0,85.6154,0,93.6154,0
85.75,0,0,0,85.75,0,93.75,0
85.9169,0,0,0,85.9169,0,93.9169,0
86.066,0,0,0,86.066,0,94.066,0
86.2163,0,0,0,86.2163,0,94.2163,0
86.3655,0,0,0,86.3655,0,94.3655,0
86.501,0,0,0,86.501,0,94.501,0
86.6663,0,0,0,86.6663,0,94.6663,0
86.8027,0,0,0,86.8027,0,94.8027,0
86.9671,0,0,0,86.9671,0,94.9671,0
87.1173,0,0,0,87.1173,0,95.1173,0
87.2665,0,0,0,87.2665,0,95.2665,0
87.4158,0,0,0,87.4158,0,95.4158,0
87.5667,0,0,0,87.5667,0,95.5667,0
87.716,0,0,0,87.716,0,95.716,0
87.8504,0,0,0,87.8504,0,95.8504,0
88.015,0,0,0,88.015,0,96.015,0
88.1512,0,0,0,88.1512,0,96.1512,0
88.3162,0,0,0,88.3162,0,96.3162,0
88.4651,0,0,0,88.4651,0,96.4651,0
88.6162,0,0,0,88.6162,0,96.6162,0
88.7661,0,0,0,88.7661,0,96.7661,0
88.9152,0,0,0,88.9152,0,96.9152,0
89.0654,0,0,0,89.0654,0,97.0654,0
89.2162,0,0,0,89.2162,0,97.2162,0
89.3674,0,0,0,89.3674,0,97.3674,0
89.5162,0,0,0,89.5162,0,97.5162,0
89.6668,0,0,0,89.6668,0,97.6668,0
89.8154,0,0,0,89.8154,0,97.8154,0
89.9651,0,0,0,89.9651,0,97.9651,0
90.1006,0,0,0,90.1006,0,98.1006,0
90.2653,0,0,0,90.2653,0,98.2653,0
90.4019,0,0,0,90.4019,0,98.4019,0
90.5658,0,0,0,90.5658,0,98.5658,0
90.717,0,0,0,90.717,0,98.717,0
90.8665,0,0,0,90.8665,0,98.8665,0
91.0153,0,0,0,91.0153,0,99.0153,0
91.1505,0,0,0,91.1505,0,99.1505,0
91.3145,0,0,0,91.3145,0,99.3145,0
91.4495,0,0,0,91.4495,0,99.4495,0
91.6153,0,0,0,91.6153,0,99.6153,0
91.7637,0,0,0,91.7637,0,99.7637,0
91.9129,0,0,0,91.9129,0,99.9129,0
92.0643,0,0,0,92.0643,0,100.064,0
92.213,0,0,0,92.213,0,100.213,0
92.3475,0,0,0,92.3475,0,100.347,0
92.5149,0,0,0,92.5149,0,100.515,0
92.6495,0,0,0,92.6495,0,100.65,0
92.814,0,0,0,92.814,0,100.814,0
92.9633,0,0,0,92.9633,0,100.963,0
93.112,0,0,0,93.112,0,101.112,0
93.2634,0,0,0,93.2634,0,101.263,0
93.4116,0,0,0,93.4116,0,101.412,0
93.5456,0,0,0,93.5456,0,101.546,0
93.6964,0,0,0,93.6964,0,101.696,0
93.8607,0,0,0,93.8607,0,101.861,0
93.9968,0,0,0,93.9968,0,101.997,0
94.1625,0,0,0,94.1625,0,102.162,0
94.3126,0,0,0,94.3126,0,102.313,0
94.4635,0,0,0,94.4635,0,102.463,0
94.6142,0,0,0,94.6142,0,102.614,0
94.7633,0,0,0,94.7633,0,102.763,0
94.9127,0,0,0,94.9127,0,102.913,0
100,0,0.903519,0,95.0492,0,100,6.28407
100,0.0279951,0.966297,0.143338,95.4532,0.0279951,100,6.61029
100,0.155267,1.04073,0.303125,95.9553,0.155267,100,7.05747
100,0.350248,1.11842,0.37363,96.5032,0.350248,100,7.54554
100,0.555216,1.18333,0.436243,96.9773,0.555216,100,7.96218
100,0.768296,1.23954,0.499356,97.3982,0.768296,100,8.33337
100,1.05327,1.29826,0.621157,97.8466,1.05327,100,8.75799
100,1.32053,1.34127,0.719565,98.1799,1.32053,100,9.11073
100,1.64536,1.38341,0.826404,98.5097,1.64536,100,9.50532
100,1.92914,1.41357,0.912138,98.7474,1.92914,100,9.83047
100,2.19596,1.43748,0.988277,98.9366,2.19596,100,10.125
100,2.44257,1.45632,1.05589,99.0862,2.44257,100,10.3902
100,2.6675,1.47112,1.11594,99.2039,2.6675,100,10.6278
100,2.87044,1.48267,1.16927,99.2959,2.87044,100,10.8394
100,3.03465,1.49084,1.21214,99.361,3.03465,100,11.0091
100,3.21268,1.49857,1.25869,99.4227,3.21268,100,11.1918
100,3.34086,1.50342,1.2925,99.4614,3.34086,100,11.3227
100,3.4777,1.50795,1.32921,99.4976,3.4777,100,11.4619
100,3.58469,1.51102,1.35866,99.5221,3.58469,100,11.5704
100,3.67655,1.51333,1.38482,99.5405,3.67655,100,11.6633
100,3.74741,1.51489,1.40585,99.553,3.74741,100,11.7349
100,3.82023,1.51629,1.42869,99.5642,3.82023,100,11.8083
100,3.86957,1.51712,1.44527,99.5708,3.86957,100,11.8581
100,3.91864,1.51784,1.46328,99.5765,3.91864,100,11.9074
100,3.95357,1.51827,1.47773,99.58,3.95357,100,11.9425
100,3.97553,1.51851,1.48812,99.5819,3.97553,100,11.9646
100,3.97553,1.51851,1.48812,99.5819,3.97553,100,11.9646
Exiting model node
100,3.97553,1.51851,1.48812,99.5819,3.97553,100,11.9646
100,3.97553,1.51851,1.48812,99.5819,3.97553,100,11.9646
100,3.97553,1.51851,1.48812,99.5819,3.97553,100,11.9646
100,3.97553,1.51851,1.48812,99.5819,3.97553,100,11.9646
100,3.97553,1.51851,1.48812,99.5819,3.97553,100,11.9646
100,3.97553,1.51851,1.48812,99.5819,3.97553,100,11.9646
100,3.97553,1.51851,1.48812,99.5819,3.97553,100,11.9646
100,3.97553,1.51851,1.48812,99.5819,3.97553,100,11.9646
100,3.97553,1.51851,1.48812,99.5819,3.97553,100,11.9646
100,3.97553,1.51851,1.48812,99.5819,3.97553,100,11.9646
100,3.97553,1.51851,1.48812,99.5819,3.97553,100,11.9646
100,3.97553,1.51851,1.48812,99.5819,3.97553,100,11.9646
100,3.97553,1.51851,1.48812,99.5819,3.97553,100,11.9646
100,3.97553,1.51851,1.48812,99.5819,3.97553,100,11.9646
100,3.97553,1.51851,1.48812,99.5819,3.97553,100,11.9646
100,3.97553,1.51851,1.48812,99.5819,3.97553,100,11.9646
100,3.97553,1.51851,1.48812,99.5819,3.97553,100,11.9646
100,3.97553,1.51851,1.48812,99.5819,3.97553,100,11.9646
100,3.97553,1.51851,1.48812,99.5819,3.97553,100,11.9646
100,3.97553,1.51851,1.48812,99.5819,3.97553,100,11.9646
100,3.97553,1.51851,1.48812,99.5819,3.97553,100,11.9646
100,3.97553,1.51851,1.48812,99.5819,3.97553,100,11.9646
100,3.97553,1.51851,1.48812,99.5819,3.97553,100,11.9646
100,3.97553,1.51851,1.48812,99.5819,3.97553,100,11.9646
100,3.97553,1.51851,1.48812,99.5819,3.97553,100,11.9646
100,3.97553,1.51851,1.48812,99.5819,3.97553,100,11.9646
100,3.97553,1.51851,1.48812,99.5819,3.97553,100,11.9646
100,3.97553,1.51851,1.48812,99.5819,3.97553,100,11.9646
100,3.97553,1.51851,1.48812,99.5819,3.97553,100,11.9646
100,3.97553,1.51851,1.48812,99.5819,3.97553,100,11.9646
100,3.97553,1.51851,1.48812,99.5819,3.97553,100,11.9646
100,3.97553,1.51851,1.48812,99.5819,3.97553,100,11.9646
100,3.97553,1.51851,1.48812,99.5819,3.97553,100,11.9646
100,3.97553,1.51851,1.48812,99.5819,3.97553,100,11.9646
100,3.97553,1.51851,1.48812,99.5819,3.97553,100,11.9646
... logging to /home/aauship/.ros/log/f2ae2c82-2411-11e7-bf14-00248c681181/roslaunch-aauship-9831.log
Checking log directory for disk usage. This may take awhile.
Press Ctrl-C to interrupt
Done checking log file disk usage. Usage is <1GB.
]2;/home/aauship/p8-vessel-main/aauship_832_ws/src/aauship_control/path_controller_model_test.launch
[1mstarted roslaunch server http://aauship:49919/[0m

SUMMARY
========

PARAMETERS
 * /rosdistro: indigo
 * /rosversion: 1.11.9

NODES
  /
    lqr_node (aauship_control/lqr_node)
    model_node (aauship_control/model-node.py)
    path_follower_node (aauship_control/path_follower_node)

auto-starting new master
[1mprocess[master]: started with pid [9843][0m
[1mROS_MASTER_URI=http://localhost:11311[0m
]2;/home/aauship/p8-vessel-main/aauship_832_ws/src/aauship_control/path_controller_model_test.launch http://localhost:11311
[1msetting /run_id to f2ae2c82-2411-11e7-bf14-00248c681181[0m
[1mprocess[rosout-1]: started with pid [9856][0m
started core service [/rosout]
[1mprocess[model_node-2]: started with pid [9873][0m
[1mprocess[lqr_node-3]: started with pid [9874][0m
[1mprocess[path_follower_node-4]: started with pid [9897][0m
[1m[model_node-2] process has finished cleanly
log file: /home/aauship/.ros/log/f2ae2c82-2411-11e7-bf14-00248c681181/model_node-2*.log[0m
[path_follower_node-4] killing on exit
[lqr_node-3] killing on exit
[rosout-1] killing on exit
[master] killing on exit
shutting down processing monitor...
... shutting down processing monitor complete
[1mdone[0m
