0,0,1.5708,1,0,0,0,8
0,0,1.5708,1,0,0,0,8
0,0,1.5708,1,0,0,0,8
0,0,1.5708,1,0,0,0,8
0,0.177116,1.66229,0.43704,0.730928,0.177116,0,8.14366
0,0.901751,1.7556,1.04664,1.47003,0.901751,0,8.76553
0,2.52279,1.80544,1.45956,1.85999,2.52279,0,10.3036
0,4.61551,1.84307,1.35025,2.15137,4.61551,0,12.3208
0,6.52326,1.94514,1.05348,2.92531,6.52326,0,13.9692
0,8.27053,2.14979,0.743237,4.37743,8.27053,0,14.9667
0,9.868,2.44408,0.798431,6.13155,9.868,0,15.0065
0,11.9493,2.78018,1.17859,7.48318,11.9493,0,14.7781
0,14.7595,2.93838,1.66842,7.83538,14.7595,0,16.3741
0,16.7511,2.69899,2.02425,7.22911,16.7511,0,20.1775
0,18.4098,2.41387,2.37749,5.97355,18.4098,0,23.7311
0,19.5195,2.13349,2.72056,4.26775,19.5195,0,26.286
0,19.9856,1.91927,2.90638,2.7317,19.9856,0,27.5047
0,20.6602,1.64566,2.72324,0.598357,20.6602,0,28.6378
0,22.0608,1.39185,2.38015,-1.42392,22.0608,0,29.9331
0,23.4734,1.24707,2.13092,-2.54482,23.4734,0,31.0579
0,25.2779,1.14091,1.86034,-3.33417,25.2779,0,32.55
0,26.6963,1.10506,1.66378,-3.59263,26.6963,0,33.8442
0,28.2697,1.11024,1.45037,-3.55557,28.2697,0,35.4362
0,29.3959,1.14292,1.29535,-3.31952,29.3959,0,36.6747
0,30.47,1.19783,1.14145,-2.91503,30.47,0,37.92
0,31.447,1.27038,0.991985,-2.36733,31.447,0,39.0887
0,32.1029,1.3336,0.883407,-1.87982,32.1029,0,39.8789
0,32.7532,1.41113,0.765526,-1.27195,32.7532,0,40.6514
0,33.1798,1.4727,0.679894,-0.783516,33.1798,0,41.1413
0,33.5614,1.53784,0.594883,-0.263597,33.5614,0,41.557
0,34.0647,1.62547,0.685154,0.437135,34.0647,0,42.0528
0,34.7775,1.71474,0.871736,1.14761,34.7775,0,42.6947
0,35.3733,1.76914,1.00728,1.57634,35.3733,0,43.2165
0,36.0808,1.81671,1.15443,1.94756,36.0808,0,43.8401
0,36.6259,1.843,1.26133,2.15083,36.6259,0,44.3313
0,37.2389,1.86305,1.37738,2.30487,37.2389,0,44.8997
0,37.6933,1.87182,1.46169,2.37195,37.6933,0,45.3336
0,38.1905,1.87567,1.55322,2.40142,38.1905,0,45.8215
0,38.5513,1.87476,1.61971,2.39443,38.5513,0,46.1846
0,38.9401,1.87026,1.69189,2.36003,38.9401,0,46.5841
0,39.2188,1.86474,1.74433,2.31785,39.2188,0,46.8757
0,39.491,1.85747,1.79639,2.26207,39.491,0,47.1645
0,39.7495,1.84876,1.84695,2.1952,39.7495,0,47.4425
0,39.9516,1.84069,1.88752,2.13303,39.9516,0,47.662
0,40.1098,1.83356,1.92014,2.07801,40.1098,0,47.8352
0,40.2761,1.82525,1.95555,2.01377,40.2761,0,48.0185
0,40.3926,1.81891,1.98128,1.96463,40.3926,0,48.1477
0,40.5142,1.81182,2.0092,1.90954,40.5142,0,48.2829
0,40.5984,1.80658,2.02949,1.86887,40.5984,0,48.3771
0,40.6852,1.80091,2.05152,1.82471,40.6852,0,48.4744
0,40.7445,1.79686,2.06752,1.79313,40.7445,0,48.541
0,40.8044,1.7926,2.08489,1.75995,40.8044,0,48.6084
0,40.8482,1.78938,2.09883,1.73477,40.8482,0,48.6578
0,40.88,1.78697,2.11004,1.71595,40.88,0,48.6938
0,40.9102,1.78462,2.12221,1.69761,40.9102,0,48.728
0,40.9286,1.78316,2.13104,1.68617,40.9286,0,48.7489
0,40.9443,1.78189,2.14064,1.6762,40.9443,0,48.7668
0,40.9529,1.78118,2.14834,1.67069,40.9529,0,48.7765
0,40.9564,1.78089,2.15453,1.66837,40.9564,0,48.7805
0,40.9562,1.7809,2.16068,1.66851,40.9562,0,48.7803
0,40.9521,1.78125,2.16613,1.67125,40.9521,0,48.7756
0,40.9437,1.78199,2.17143,1.677,40.9437,0,48.7659
0,40.934,1.78284,2.17529,1.68364,40.934,0,48.7549
0,40.9193,1.78415,2.17947,1.69389,40.9193,0,48.7379
0,40.905,1.78542,2.1825,1.70387,40.905,0,48.7215
0,40.8852,1.78721,2.1858,1.71781,40.8852,0,48.6986
0,40.8673,1.78883,2.18819,1.73052,40.8673,0,48.6779
0,40.8435,1.79101,2.19079,1.74747,40.8435,0,48.6503
0,40.8226,1.79292,2.19268,1.7624,40.8226,0,48.6261
0,40.7956,1.79541,2.19473,1.7818,40.7956,0,48.5947
0,40.7698,1.7978,2.19638,1.80044,40.7698,0,48.5645
0,40.7456,1.80004,2.1977,1.81794,40.7456,0,48.5363
0,40.7695,1.79796,2.16096,1.80172,40.7695,0,48.564
0,40.8185,1.794,2.11016,1.77088,40.8185,0,48.62
0,40.8694,1.79036,2.055,1.74246,40.8694,0,48.6773
0,40.9038,1.78817,2.01494,1.7253,40.9038,0,48.7155
0,40.9349,1.78638,1.97516,1.71132,40.9349,0,48.7497
0,40.9608,1.78504,1.93653,1.70083,40.9608,0,48.7779
0,40.9761,1.78432,1.90847,1.69523,40.9761,0,48.7945
0,40.9882,1.7838,1.878,1.6912,40.9882,0,48.8074
0,40.9931,1.78361,1.85587,1.68971,40.9931,0,48.8126
0,40.9935,1.7836,1.83184,1.68959,40.9935,0,48.813
0,40.9897,1.78372,1.81438,1.69055,40.9897,0,48.809
0,40.9805,1.784,1.79543,1.69272,40.9805,0,48.7994
0,40.9697,1.7843,1.78167,1.69512,40.9697,0,48.788
0,40.9544,1.78471,1.768,1.69827,40.9544,0,48.772
0,40.934,1.78521,1.75473,1.70217,40.934,0,48.7508
0,40.9149,1.78565,1.74509,1.70561,40.9149,0,48.731
0,40.8889,1.78621,1.73462,1.71004,40.8889,0,48.704
0,40.8656,1.78669,1.72701,1.71379,40.8656,0,48.6799
0,40.835,1.78729,1.71876,1.71846,40.835,0,48.6482
0,40.8083,1.78779,1.71276,1.72235,40.8083,0,48.6207
0,40.7739,1.7884,1.70625,1.72713,40.7739,0,48.5853
0,40.7446,1.7889,1.70152,1.73105,40.7446,0,48.555
0,40.7072,1.78952,1.69638,1.73585,40.7072,0,48.5167
0,40.6757,1.79002,1.69265,1.73977,40.6757,0,48.4842
0,40.636,1.79063,1.6886,1.74454,40.636,0,48.4434
0,40.6026,1.79113,1.68566,1.74843,40.6026,0,48.4092
0,40.561,1.79173,1.68247,1.75315,40.561,0,48.3665
0,40.5263,1.79223,1.68015,1.757,40.5263,0,48.331
0,40.487,1.79277,1.67784,1.76126,40.487,0,48.2908
0,40.4432,1.79337,1.67561,1.76591,40.4432,0,48.2459
0,40.4069,1.79385,1.67398,1.7697,40.4069,0,48.2087
0,40.366,1.79439,1.67237,1.77389,40.366,0,48.1669
0,40.3206,1.79498,1.6708,1.77848,40.3206,0,48.1204
0,40.2831,1.79546,1.66966,1.78222,40.2831,0,48.0821
0,40.2369,1.79604,1.66843,1.78677,40.2369,0,48.0348
0,40.1988,1.79652,1.66753,1.79049,40.1988,0,47.9958
0,40.1519,1.7971,1.66655,1.79501,40.1519,0,47.9479
0,40.1134,1.79757,1.66585,1.7987,40.1134,0,47.9085
0,40.066,1.79815,1.66508,1.80319,40.066,0,47.8601
0,40.027,1.79862,1.66452,1.80686,40.027,0,47.8203
0,39.9792,1.79919,1.66391,1.81134,39.9792,0,47.7715
0,39.94,1.79966,1.66347,1.815,39.94,0,47.7314
0,39.8919,1.80024,1.66299,1.81946,39.8919,0,47.6822
0,39.8524,1.8007,1.66265,1.8231,39.8524,0,47.6419
0,39.804,1.80127,1.66227,1.82755,39.804,0,47.5924
0,39.7643,1.80174,1.662,1.83118,39.7643,0,47.5519
0,39.7157,1.80231,1.6617,1.83562,39.7157,0,47.5022
0,39.6758,1.80278,1.66148,1.83925,39.6758,0,47.4615
0,39.627,1.80335,1.66125,1.84368,39.627,0,47.4117
0,39.5826,1.80386,1.66106,1.8477,39.5826,0,47.3663
0,39.5426,1.80433,1.66091,1.85132,39.5426,0,47.3254
0,39.4936,1.8049,1.66074,1.85574,39.4936,0,47.2754
0,39.4535,1.80536,1.66062,1.85936,39.4535,0,47.2344
0,39.4044,1.80593,1.66049,1.86377,39.4044,0,47.1843
0,39.3642,1.80639,1.6604,1.86738,39.3642,0,47.1432
0,39.3195,1.80691,1.66031,1.8714,39.3195,0,47.0976
0,39.2748,1.80742,1.66022,1.87541,39.2748,0,47.0519
0,39.2256,1.80799,1.66014,1.87982,39.2256,0,47.0016
0,39.1853,1.80846,1.66009,1.88343,39.1853,0,46.9604
0,39.136,1.80902,1.66002,1.88784,39.136,0,46.9101
0,39.0957,1.80949,1.65998,1.89145,39.0957,0,46.8689
0,39.0464,1.81005,1.65993,1.89585,39.0464,0,46.8185
0,39.006,1.81052,1.65989,1.89946,39.006,0,46.7772
0,38.9567,1.81109,1.65985,1.90387,38.9567,0,46.7268
0,38.9163,1.81155,1.65982,1.90747,38.9163,0,46.6855
0,38.8714,1.81207,1.65979,1.91148,38.8714,0,46.6397
0,38.8265,1.81258,1.65977,1.91549,38.8265,0,46.5938
0,38.7771,1.81315,1.65974,1.91989,38.7771,0,46.5433
0,38.7367,1.81361,1.65972,1.9235,38.7367,0,46.502
0,38.6873,1.81418,1.65971,1.9279,38.6873,0,46.4515
0,38.6423,1.8147,1.65969,1.93191,38.6423,0,46.4056
0,38.6019,1.81516,1.65968,1.93551,38.6019,0,46.3642
0,38.5525,1.81573,1.65966,1.93991,38.5525,0,46.3137
0,38.512,1.81619,1.65965,1.94352,38.512,0,46.2723
0,38.4626,1.81676,1.65964,1.94792,38.4626,0,46.2218
0,38.4176,1.81728,1.65963,1.95193,38.4176,0,46.1758
0,38.3771,1.81774,1.65963,1.95553,38.3771,0,46.1345
0,38.3277,1.81831,1.65962,1.95994,38.3277,0,46.0839
0,38.2872,1.81877,1.65961,1.96354,38.2872,0,46.0425
0,38.2378,1.81934,1.65961,1.96794,38.2378,0,45.9919
0,38.1973,1.81981,1.6596,1.97155,38.1973,0,45.9505
0,38.1478,1.82037,1.6596,1.97595,38.1478,0,45.9
0,38.1029,1.82089,1.6596,1.97996,38.1029,0,45.854
0,38.0624,1.82135,1.65959,1.98356,38.0624,0,45.8126
0,38.0129,1.82192,1.65959,1.98796,38.0129,0,45.762
0,37.9829,1.82227,1.66544,1.99064,37.9829,0,45.7313
0,37.9835,1.82226,1.69453,1.99058,37.9835,0,45.7319
0,37.9792,1.82234,1.71791,1.99119,37.9792,0,45.7274
0,37.9717,1.82249,1.7367,1.99238,37.9717,0,45.7197
0,37.9585,1.8228,1.75711,1.99476,37.9585,0,45.7058
0,37.9447,1.82315,1.77193,1.99748,37.9447,0,45.6913
0,37.9246,1.82371,1.78802,2.00177,37.9246,0,45.6701
0,37.9058,1.82426,1.79971,2.00606,37.9058,0,45.6502
0,37.8802,1.82505,1.81241,2.01221,37.8802,0,45.623
0,37.8548,1.82588,1.82259,2.01863,37.8548,0,45.5959
0,37.8303,1.82671,1.83078,2.02504,37.8303,0,45.5698
0,37.7986,1.82782,1.83967,2.03365,37.7986,0,45.5358
0,37.7714,1.82881,1.84613,2.04127,37.7714,0,45.5066
0,37.7398,1.82998,1.85254,2.0503,37.7398,0,45.4726
0,37.7038,1.83134,1.85876,2.06087,37.7038,0,45.4338
0,37.6699,1.83265,1.86376,2.071,37.6699,0,45.3972
0,37.6351,1.83402,1.8682,2.08159,37.6351,0,45.3596
0,37.6031,1.8353,1.87176,2.09148,37.6031,0,45.3249
0,37.5632,1.83692,1.87564,2.10398,37.5632,0,45.2815
0,37.5299,1.83829,1.87845,2.11451,37.5299,0,45.2454
0,37.4885,1.84,1.8815,2.12772,37.4885,0,45.2004
0,37.4542,1.84144,1.88372,2.13879,37.4542,0,45.163
0,37.4118,1.84323,1.88613,2.15259,37.4118,0,45.1167
0,37.3766,1.84472,1.88788,2.16408,37.3766,0,45.0784
0,37.3333,1.84657,1.88978,2.17835,37.3333,0,45.031
0,37.2975,1.84811,1.89116,2.1902,37.2975,0,44.9919
0,37.2535,1.85002,1.89266,2.20486,37.2535,0,44.9436
0,37.2172,1.85159,1.89375,2.21698,37.2172,0,44.9039
0,37.1726,1.85354,1.89493,2.23195,37.1726,0,44.8549
0,37.1358,1.85515,1.89579,2.2443,37.1358,0,44.8146
0,37.0949,1.85695,1.89664,2.25813,37.0949,0,44.7696
0,37.0496,1.85895,1.89747,2.27345,37.0496,0,44.7198
0,37.0083,1.86078,1.89813,2.28747,37.0083,0,44.6743
0,36.9709,1.86243,1.89866,2.30016,36.9709,0,44.6331
0,36.9252,1.86447,1.89924,2.31573,36.9252,0,44.5827
0,36.8877,1.86614,1.89967,2.32854,36.8877,0,44.5413
0,36.8417,1.86819,1.90012,2.34424,36.8417,0,44.4905
0,36.7998,1.87006,1.90049,2.35857,36.7998,0,44.4442
0,36.762,1.87176,1.90078,2.37151,36.762,0,44.4024
0,36.7157,1.87383,1.9011,2.38736,36.7157,0,44.3512
0,36.6778,1.87554,1.90134,2.40036,36.6778,0,44.3092
0,36.6314,1.87762,1.90159,2.41629,36.6314,0,44.2578
0,36.5934,1.87934,1.90177,2.42935,36.5934,0,44.2157
0,36.5469,1.88143,1.90197,2.44533,36.5469,0,44.164
0,36.5088,1.88315,1.90212,2.45843,36.5088,0,44.1217
0,36.4622,1.88526,1.90227,2.47446,36.4622,0,44.0699
0,36.4241,1.88699,1.90239,2.4876,36.4241,0,44.0275
0,36.3774,1.8891,1.90251,2.50367,36.3774,0,43.9756
0,36.335,1.89103,1.90261,2.51829,36.335,0,43.9283
0,36.2967,1.89276,1.90269,2.53147,36.2967,0,43.8857
0,36.25,1.89489,1.90278,2.54758,36.25,0,43.8335
0,36.2117,1.89663,1.90284,2.56077,36.2117,0,43.7908
0,36.1649,1.89876,1.90291,2.57691,36.1649,0,43.7386
0,36.1224,1.9007,1.90296,2.59159,36.1224,0,43.691
0,36.0841,1.90244,1.90301,2.6048,36.0841,0,43.6481
0,36.0373,1.90458,1.90306,2.62096,36.0373,0,43.5957
0,35.9989,1.90633,1.90309,2.63419,35.9989,0,43.5528
0,35.9521,1.90847,1.90313,2.65036,35.9521,0,43.5003
0,35.9095,1.91042,1.90316,2.66507,35.9095,0,43.4525
0,35.8711,1.91218,1.90318,2.67831,35.8711,0,43.4094
0,35.8242,1.91432,1.90321,2.69449,35.8242,0,43.3568
0,35.7816,1.91628,1.90323,2.70921,35.7816,0,43.3089
0,35.7389,1.91824,1.90325,2.72393,35.7389,0,43.2609
0,35.7006,1.92,1.90327,2.73718,35.7006,0,43.2177
0,35.6536,1.92215,1.90328,2.75338,35.6536,0,43.1649
0,35.6153,1.92392,1.90329,2.76664,35.6153,0,43.1216
0,35.5726,1.92588,1.90331,2.78137,35.5726,0,43.0735
0,35.5352,1.92761,1.90909,2.79435,35.5352,0,43.0313
0,35.5044,1.92908,1.91625,2.80534,35.5044,0,42.9964
0,35.4757,1.93047,1.92201,2.81578,35.4757,0,42.9638
0,35.4395,1.93227,1.92826,2.8292,35.4395,0,42.9225
0,35.409,1.9338,1.9328,2.84066,35.409,0,42.8877
0,35.3744,1.93557,1.93731,2.85387,35.3744,0,42.848
0,35.3392,1.93738,1.94142,2.86746,35.3392,0,42.8077
0,35.3003,1.93942,1.94574,2.88269,35.3003,0,42.7629
0,35.2681,1.94113,1.94901,2.89544,35.2681,0,42.7257
0,35.2281,1.94328,1.95257,2.91143,35.2281,0,42.6795
0,35.1919,1.94524,1.95589,2.92603,35.1919,0,42.6376
0,35.1553,1.94724,1.95893,2.94093,35.1553,0,42.5951
0,35.122,1.94908,1.96137,2.95463,35.122,0,42.5564
0,35.0813,1.95135,1.96438,2.97145,35.0813,0,42.509
0,35.0442,1.95343,1.96702,2.98692,35.0442,0,42.4657
0,35.0107,1.95533,1.96932,3.00099,35.0107,0,42.4265
0,34.9698,1.95766,1.9721,3.01829,34.9698,0,42.3785
0,34.9361,1.9596,1.97424,3.03263,34.9361,0,42.339
0,34.895,1.96198,1.97687,3.05025,34.895,0,42.2906
0,34.8614,1.96393,1.97906,3.06472,34.8614,0,42.2511
0,34.8204,1.96635,1.98168,3.08255,34.8204,0,42.2027
0,34.7867,1.96835,1.98372,3.09728,34.7867,0,42.1628
0,34.7456,1.97079,1.98629,3.11533,34.7456,0,42.1141
0,34.712,1.97282,1.98834,3.13022,34.712,0,42.0742
0,34.6746,1.97507,1.99062,3.14684,34.6746,0,42.0297
0,34.6335,1.97758,1.99306,3.16527,34.6335,0,41.9807
0,34.6001,1.97963,1.99524,3.18031,34.6001,0,41.9408
0,34.5591,1.98217,1.9977,3.19892,34.5591,0,41.8917
0,34.5255,1.98426,1.99969,3.21424,34.5255,0,41.8514
0,34.4884,1.98658,2.002,3.23127,34.4884,0,41.8068
0,34.4476,1.98916,2.00452,3.25012,34.4476,0,41.7576
0,34.4105,1.99152,2.00682,3.26735,34.4105,0,41.7129
0,34.3773,1.99365,2.00894,3.28288,34.3773,0,41.6727
0,34.3366,1.99627,2.0115,3.30199,34.3366,0,41.6234
0,34.3034,1.99842,2.0136,3.3177,34.3034,0,41.583
0,34.2629,2.00107,2.01617,3.33699,34.2629,0,41.5337
0,34.2298,2.00326,2.01827,3.35285,34.2298,0,41.4933
0,34.1894,2.00594,2.02088,3.3723,34.1894,0,41.4439
0,34.1564,2.00814,2.02301,3.3883,34.1564,0,41.4034
0,34.1161,2.01085,2.02562,3.40794,34.1161,0,41.3539
0,34.0795,2.01333,2.02801,3.42587,34.0795,0,41.3089
0,34.0467,2.01557,2.0302,3.44206,34.0467,0,41.2684
0,34.0066,2.01833,2.03285,3.46197,34.0066,0,41.2188
0,33.9739,2.0206,2.03503,3.47832,33.9739,0,41.1782
0,33.934,2.02339,2.03771,3.49838,33.934,0,41.1285
0,33.9013,2.02568,2.0399,3.51489,33.9013,0,41.0878
0,33.8616,2.0285,2.04263,3.53512,33.8616,0,41.0381
0,33.8291,2.03082,2.04486,3.55176,33.8291,0,40.9974
0,33.793,2.03341,2.04735,3.57031,33.793,0,40.9521
0,33.7534,2.03628,2.05005,3.59085,33.7534,0,40.9022
0,33.7213,2.03863,2.05245,3.60759,33.7213,0,40.8617
0,33.6818,2.04152,2.05522,3.62829,33.6818,0,40.8117
0,33.6496,2.04391,2.05745,3.64532,33.6496,0,40.7708
0,33.6138,2.04658,2.05998,3.66429,33.6138,0,40.7253
0,33.5747,2.04952,2.06289,3.68517,33.5747,0,40.6754
0,33.539,2.05223,2.06536,3.70438,33.539,0,40.6297
0,33.5072,2.05465,2.0678,3.72157,33.5072,0,40.5889
0,33.4682,2.05766,2.07063,3.74282,33.4682,0,40.5387
0,33.4329,2.06039,2.07328,3.76216,33.4329,0,40.4931
0,33.4012,2.06287,2.07567,3.77964,33.4012,0,40.452
0,33.3625,2.06592,2.07859,3.80112,33.3625,0,40.4018
0,33.3309,2.06843,2.08098,3.81877,33.3309,0,40.3606
0,33.2961,2.07121,2.08383,3.83831,33.2961,0,40.3152
0,33.2575,2.07432,2.08672,3.86012,33.2575,0,40.2646
0,33.2261,2.07687,2.08912,3.87801,33.2261,0,40.2233
0,33.1878,2.08001,2.09211,3.89993,33.1878,0,40.1728
0,33.1565,2.08259,2.09459,3.91793,33.1565,0,40.1315
0,33.1186,2.08575,2.09752,3.93992,33.1186,0,40.0811
0,33.1072,2.0867,2.09552,3.94656,33.1072,0,40.0659
0,33.1242,2.08528,2.09443,3.93671,33.1242,0,40.0886
0,33.1715,2.08138,2.09262,3.90948,33.1715,0,40.1512
0,33.2275,2.07678,2.0915,3.87732,33.2275,0,40.2251
0,33.3127,2.06983,2.08887,3.82861,33.3127,0,40.3371
0,33.3929,2.06335,2.08654,3.78302,33.3929,0,40.442
0,33.5012,2.05471,2.08273,3.72195,33.5012,0,40.5826
0,33.5961,2.04722,2.07923,3.66884,33.5961,0,40.7053
0,33.7073,2.03858,2.07449,3.6073,33.7073,0,40.8478
0,33.8351,2.02881,2.06884,3.53734,33.8351,0,41.0106
0,33.943,2.02071,2.06364,3.47908,33.943,0,41.1469
0,34.0784,2.01073,2.0568,3.40704,34.0784,0,41.3166
0,34.1912,2.00258,2.0508,3.3479,34.1912,0,41.457
0,34.3315,1.99265,2.04325,3.27564,34.3315,0,41.6301
0,34.4608,1.98371,2.03592,3.21022,34.4608,0,41.7885
0,34.5788,1.97572,2.02922,3.15158,34.5788,0,41.9318
0,34.7108,1.96697,2.0213,3.08715,34.7108,0,42.0912
0,34.8575,1.95749,2.01299,3.01701,34.8575,0,42.2668
0,34.9918,1.94903,2.00477,2.95421,34.9918,0,42.4263
0,35.1134,1.94154,1.99776,2.89844,35.1134,0,42.5698
0,35.2491,1.93337,1.98941,2.83747,35.2491,0,42.729
0,35.3857,1.92535,1.98174,2.77738,35.3857,0,42.8881
0,35.5228,1.9175,1.97339,2.71842,35.5228,0,43.0467
0,35.6746,1.90903,1.96489,2.65458,35.6746,0,43.2214
0,35.7991,1.90226,1.95733,2.60346,35.7991,0,43.3636
0,35.938,1.89489,1.94979,2.54761,35.938,0,43.5215
0,36.0912,1.88697,1.94088,2.48744,36.0912,0,43.6947
0,36.217,1.88063,1.9341,2.43921,36.217,0,43.8361
0,36.3711,1.87306,1.92578,2.38146,36.3711,0,44.0084
0,36.5121,1.86631,1.918,2.32988,36.5121,0,44.1654
0,36.6533,1.85974,1.91061,2.27949,36.6533,0,44.3216
0,36.7808,1.85393,1.90409,2.23493,36.7808,0,44.4623
0,36.9368,1.84701,1.89611,2.18173,36.9368,0,44.6336
0,37.065,1.84147,1.88983,2.13901,37.065,0,44.7737
0,37.2217,1.83485,1.88219,2.088,37.2217,0,44.9444
0,37.3647,1.82898,1.87527,2.04259,37.3647,0,45.0995
0,37.4934,1.82381,1.86931,2.00261,37.4934,0,45.2387
0,37.6369,1.81819,1.86271,1.95904,37.6369,0,45.3933
0,37.795,1.81216,1.85589,1.91218,37.795,0,45.5631
0,37.9246,1.80733,1.84996,1.87466,37.9246,0,45.7019
0,38.0834,1.80156,1.84343,1.82977,38.0834,0,45.8713
0,38.2279,1.79645,1.83752,1.78991,38.2279,0,46.025
0,38.3584,1.79193,1.83208,1.75468,38.3584,0,46.1636
0,38.5033,1.78703,1.82635,1.71644,38.5033,0,46.317
0,38.6632,1.78177,1.81999,1.67526,38.6632,0,46.4858
0,38.7941,1.77756,1.81529,1.64232,38.7941,0,46.6237
0,38.9544,1.77253,1.80909,1.60291,38.9544,0,46.7922
0,39.0856,1.76851,1.80462,1.57141,39.0856,0,46.9297
0,39.2316,1.76413,1.79917,1.53708,39.2316,0,47.0826
0,39.3926,1.75943,1.79391,1.50017,39.3926,0,47.2506
0,39.5242,1.75568,1.78922,1.47068,39.5242,0,47.3878
0,39.6854,1.75119,1.78399,1.43536,39.6854,0,47.5556
0,39.8174,1.74761,1.77971,1.40711,39.8174,0,47.6927
0,39.9789,1.74332,1.77462,1.37334,39.9789,0,47.8601
0,40.1257,1.73951,1.7704,1.34335,40.1257,0,48.0122
0,40.2583,1.73616,1.7662,1.31687,40.2583,0,48.1492
0,40.4201,1.73216,1.7616,1.28529,40.4201,0,48.3162
0,40.5675,1.7286,1.75713,1.25721,40.5675,0,48.4681
0,40.715,1.72512,1.75319,1.22973,40.715,0,48.6199
0,40.8477,1.72207,1.7493,1.20554,40.8477,0,48.7564
0,41.0102,1.71841,1.74518,1.17659,41.0102,0,48.9233
0,41.1432,1.71548,1.74162,1.15344,41.1432,0,49.0596
0,41.2911,1.7123,1.73794,1.12824,41.2911,0,49.2111
0,41.4538,1.70888,1.7341,1.10116,41.4538,0,49.3776
0,41.5871,1.70614,1.73058,1.07947,41.5871,0,49.5139
0,41.7501,1.70287,1.72703,1.05355,41.7501,0,49.6804
0,41.8836,1.70026,1.72361,1.03279,41.8836,0,49.8166
0,42.0318,1.69741,1.72052,1.01023,42.0318,0,49.9678
0,42.1951,1.69436,1.71661,0.985958,42.1951,0,50.1341
0,42.3285,1.69191,1.714,0.966567,42.3285,0,50.2699
0,42.4919,1.68899,1.71039,0.943354,42.4919,0,50.4361
0,42.6255,1.68665,1.70764,0.924791,42.6255,0,50.5719
0,42.7741,1.68411,1.70467,0.9046,42.7741,0,50.7228
0,42.9377,1.68138,1.70127,0.882857,42.9377,0,50.8889
0,43.0864,1.67895,1.69863,0.863568,43.0864,0,51.0397
0,43.2353,1.67658,1.69565,0.844701,43.2353,0,51.1906
0,43.3843,1.67426,1.69297,0.826223,43.3843,0,51.3415
0,43.5182,1.67222,1.69038,0.80998,43.5182,0,51.4771
0,43.6672,1.66999,1.68797,0.792274,43.6672,0,51.6279
0,43.831,1.66761,1.68527,0.773262,43.831,0,51.7936
0,43.9802,1.66548,1.68242,0.756353,43.9802,0,51.9444
0,44.1143,1.66361,1.68048,0.741479,44.1143,0,52.0798
0,44.2783,1.66138,1.6776,0.723683,44.2783,0,52.2455
0,44.4125,1.65959,1.67575,0.709435,44.4125,0,52.381
0,44.5767,1.65745,1.67308,0.692401,44.5767,0,52.5467
0,44.7111,1.65574,1.67106,0.678766,44.7111,0,52.6822
0,44.8602,1.65389,1.66902,0.663952,44.8602,0,52.8326
0,45.0245,1.65189,1.66635,0.648009,45.0245,0,52.9982
0,45.1588,1.65029,1.6647,0.635257,45.1588,0,53.1335
0,45.323,1.64838,1.66247,0.620015,45.323,0,53.2989
0,45.4725,1.64668,1.66023,0.606453,45.4725,0,53.4495
0,45.6069,1.64518,1.65862,0.594525,45.6069,0,53.5848
0,45.7714,1.64339,1.65631,0.580245,45.7714,0,53.7503
0,45.9059,1.64196,1.65489,0.568822,45.9059,0,53.8857
0,46.0704,1.64025,1.65267,0.555165,46.0704,0,54.0511
0,46.205,1.63888,1.65128,0.544233,46.205,0,54.1864
0,46.3544,1.63739,1.64924,0.532353,46.3544,0,54.3367
0,46.5189,1.63579,1.64746,0.519569,46.5189,0,54.502
0,46.6536,1.63451,1.64586,0.509341,46.6536,0,54.6374
0,46.8181,1.63297,1.64405,0.497107,46.8181,0,54.8027
0,46.953,1.63175,1.64265,0.487314,46.953,0,54.9381
0,47.1174,1.63028,1.64083,0.475618,47.1174,0,55.1033
0,47.2522,1.62911,1.63956,0.466254,47.2522,0,55.2386
0,47.4018,1.62784,1.63806,0.456062,47.4018,0,55.3888
0,47.5664,1.62646,1.63664,0.445118,47.5664,0,55.554
0,47.701,1.62537,1.63503,0.43636,47.701,0,55.6891
0,47.8657,1.62406,1.63379,0.425881,47.8657,0,55.8544
0,48.0005,1.62301,1.63223,0.417499,48.0005,0,55.9896
0,48.1652,1.62175,1.63094,0.40747,48.1652,0,56.1548
0,48.3149,1.62064,1.62967,0.398572,48.3149,0,56.305
0,48.4498,1.61966,1.62848,0.390722,48.4498,0,56.4402
0,48.6145,1.61848,1.62721,0.381345,48.6145,0,56.6054
0,48.7493,1.61754,1.62592,0.373838,48.7493,0,56.7406
0,48.914,1.61642,1.62475,0.364867,48.914,0,56.9057
0,49.0638,1.61542,1.62338,0.356902,49.0638,0,57.0558
0,49.1986,1.61454,1.6225,0.349874,49.1986,0,57.1909
0,49.3634,1.61349,1.62124,0.341476,49.3634,0,57.3561
0,49.4983,1.61265,1.6202,0.33475,49.4983,0,57.4913
0,49.6631,1.61165,1.61914,0.326718,49.6631,0,57.6564
0,49.798,1.61084,1.618,0.320283,49.798,0,57.7916
0,49.9627,1.60988,1.6171,0.312601,49.9627,0,57.9566
0,50.0977,1.60911,1.61588,0.306443,50.0977,0,58.0918
0,50.2626,1.60819,1.6151,0.299085,50.2626,0,58.257
0,50.4124,1.60737,1.61379,0.292557,50.4124,0,58.4071
0,50.5472,1.60665,1.61326,0.286801,50.5472,0,58.5421
0,50.7121,1.60579,1.61194,0.279919,50.7121,0,58.7072
0,50.8469,1.6051,1.61139,0.274411,50.8469,0,58.8422
0,51.0119,1.60428,1.61034,0.267826,51.0119,0,59.0074
0,51.1468,1.60362,1.60961,0.262549,51.1468,0,59.1425
0,51.3115,1.60283,1.60874,0.256257,51.3115,0,59.3074
0,51.4615,1.60213,1.60761,0.250655,51.4615,0,59.4576
0,51.5963,1.60152,1.60716,0.245725,51.5963,0,59.5925
0,51.7612,1.60078,1.60606,0.239831,51.7612,0,59.7576
0,51.896,1.60019,1.6056,0.23511,51.896,0,59.8926
0,52.0609,1.59948,1.60471,0.229472,52.0609,0,60.0576
0,52.1959,1.59892,1.60405,0.224949,52.1959,0,60.1927
0,52.3608,1.59824,1.60328,0.219555,52.3608,0,60.3577
0,52.4958,1.5977,1.6026,0.215226,52.4958,0,60.4929
0,52.6606,1.59706,1.60192,0.210066,52.6606,0,60.6579
0,52.7957,1.59654,1.60116,0.205926,52.7957,0,60.793
0,52.9606,1.59592,1.60059,0.200987,52.9606,0,60.958
0,53.0957,1.59543,1.59985,0.197024,53.0957,0,61.0933
0,53.2456,1.59489,1.59922,0.192726,53.2456,0,61.2433
0,53.4105,1.59431,1.59839,0.188097,53.4105,0,61.4083
0,53.5455,1.59385,1.59812,0.184395,53.5455,0,61.5434
0,53.7105,1.59329,1.59716,0.179967,53.7105,0,61.7085
0,53.8455,1.59285,1.59694,0.176423,53.8455,0,61.8436
0,54.0104,1.59232,1.59606,0.172192,54.0104,0,62.0085
0,54.1452,1.5919,1.59581,0.168802,54.1452,0,62.1435
0,54.3102,1.59139,1.59514,0.164756,54.3102,0,62.3085
0,54.4602,1.59094,1.59449,0.161152,54.4602,0,62.4585
0,54.5952,1.59055,1.594,0.157985,54.5952,0,62.5936
0,54.7451,1.59011,1.59361,0.15453,54.7451,0,62.7436
0,54.91,1.58965,1.5932,0.150822,54.91,0,62.9085
0,55.0448,1.58928,1.59245,0.147856,55.0448,0,63.0434
0,55.2098,1.58884,1.5922,0.144306,55.2098,0,63.2085
0,55.3447,1.58848,1.59152,0.141469,55.3447,0,63.3434
0,55.5098,1.58806,1.59119,0.138065,55.5098,0,63.5086
0,55.6448,1.58772,1.59062,0.135353,55.6448,0,63.6436
0,55.7948,1.58735,1.5904,0.132391,55.7948,0,63.7937
0,55.9596,1.58695,1.59001,0.129219,55.9596,0,63.9586
0,56.1096,1.5866,1.58927,0.126392,56.1096,0,64.1086
0,56.2447,1.58629,1.5891,0.123907,56.2447,0,64.2437
0,56.4097,1.58591,1.58844,0.120931,56.4097,0,64.4088
0,56.5448,1.58562,1.58833,0.118551,56.5448,0,64.5439
0,56.6948,1.58529,1.58784,0.115957,56.6948,0,64.6939
0,56.8597,1.58494,1.58764,0.113174,56.8597,0,64.8589
0,56.9946,1.58467,1.58699,0.110949,56.9946,0,64.9938
0,57.1596,1.58433,1.58694,0.108283,57.1596,0,65.1589
0,57.3095,1.58404,1.5863,0.105923,57.3095,0,65.3088
0,57.4444,1.58378,1.58622,0.103836,57.4444,0,65.4438
0,57.6092,1.58347,1.58591,0.101347,57.6092,0,65.6086
0,57.7444,1.58322,1.58536,0.0993497,57.7444,0,65.7437
0,57.9093,1.58292,1.58529,0.0969647,57.9093,0,65.9087
0,58.0444,1.58268,1.58466,0.0950547,58.0444,0,66.0439
0,58.2094,1.58239,1.5846,0.0927718,58.2094,0,66.2089
0,58.3594,1.58214,1.58407,0.0907501,58.3594,0,66.3589
0,58.4943,1.58192,1.58405,0.0889607,58.4943,0,66.4938
0,58.6443,1.58167,1.58359,0.0870232,58.6443,0,66.6438
0,58.7943,1.58144,1.58325,0.0851175,58.7943,0,66.7938
0,58.9593,1.58118,1.58325,0.0830737,58.9593,0,66.9589
0,59.0943,1.58098,1.58272,0.0814394,59.0943,0,67.0938
0,59.2594,1.58073,1.5827,0.079484,59.2594,0,67.259
0,59.4094,1.58051,1.58212,0.0777478,59.4094,0,67.409
0,59.5444,1.58032,1.58219,0.0762158,59.5444,0,67.5441
0,59.7095,1.5801,1.5816,0.0743883,59.7095,0,67.7091
0,59.8444,1.57991,1.5817,0.0729223,59.8444,0,67.8441
0,60.0094,1.57969,1.58119,0.0711745,60.0094,0,68.0091
0,60.1444,1.57952,1.58127,0.0697708,60.1444,0,68.1441
0,60.2943,1.57933,1.58071,0.0682502,60.2943,0,68.2941
0,60.4593,1.57912,1.58056,0.0666082,60.4593,0,68.459
0,60.5942,1.57896,1.58042,0.0653021,60.5942,0,68.5939
0,60.7441,1.57878,1.58007,0.0638735,60.7441,0,68.7438
0,60.9091,1.57859,1.58016,0.0623392,60.9091,0,68.9089
0,61.0442,1.57844,1.57967,0.0611146,61.0442,0,69.044
0,61.1942,1.57827,1.57978,0.0597757,61.1942,0,69.1939
0,61.3591,1.57809,1.57947,0.0583448,61.3591,0,69.3589
0,61.4942,1.57794,1.57926,0.0571892,61.4942,0,69.4939
0,61.6591,1.57777,1.57919,0.0558199,61.6591,0,69.6589
0,61.7943,1.57764,1.57889,0.0547165,61.7943,0,69.7941
0,61.9443,1.57749,1.57868,0.0535272,61.9443,0,69.9442
0,62.1093,1.57733,1.57835,0.0522398,62.1093,0,70.1091
0,62.2443,1.5772,1.57834,0.0512152,62.2443,0,70.2442
0,62.4093,1.57704,1.57802,0.0499808,62.4093,0,70.4091
0,62.5593,1.57691,1.57819,0.0488879,62.5593,0,70.5591
0,62.6942,1.57679,1.57772,0.0479265,62.6942,0,70.6941
0,62.8593,1.57664,1.57782,0.0467732,62.8593,0,70.8592
0,62.9942,1.57653,1.57741,0.045857,62.9942,0,70.9941
0,63.1593,1.57639,1.57745,0.0447516,63.1593,0,71.1592
0,63.2943,1.57628,1.5771,0.0438755,63.2943,0,71.2942
0,63.4593,1.57615,1.57709,0.0428191,63.4593,0,71.4592
0,63.5942,1.57604,1.57696,0.0419803,63.5942,0,71.5941
0,63.7591,1.57592,1.57664,0.0409721,63.7591,0,71.759
0,63.9091,1.57581,1.57686,0.0400759,63.9091,0,71.909
0,64.0441,1.57571,1.57646,0.0392871,64.0441,0,72.044
0,64.2092,1.57559,1.5766,0.0383424,64.2092,0,72.2091
0,64.3442,1.5755,1.57619,0.0375901,64.3442,0,72.3441
0,64.5093,1.57538,1.57637,0.036684,64.5093,0,72.5092
0,64.6443,1.57529,1.5759,0.0359655,64.6443,0,72.6442
0,64.7943,1.57519,1.57616,0.0351799,64.7943,0,72.7942
0,64.9594,1.57509,1.57572,0.034338,64.9594,0,72.9593
0,65.1094,1.57499,1.57595,0.0335881,65.1094,0,73.1093
0,65.2442,1.57491,1.57547,0.03293,65.2442,0,73.2442
0,65.4093,1.57481,1.57568,0.0321344,65.4093,0,73.4093
0,65.5443,1.57473,1.57527,0.0315056,65.5443,0,73.5443
0,65.7093,1.57464,1.57548,0.0307445,65.7093,0,73.7092
0,65.8442,1.57456,1.57507,0.0301425,65.8442,0,73.8442
0,66.0093,1.57447,1.57519,0.0294155,66.0093,0,74.0092
0,66.1442,1.5744,1.57495,0.0288419,66.1442,0,74.1441
0,66.309,1.57431,1.57482,0.0281493,66.309,0,74.309
0,66.4589,1.57424,1.57502,0.0275311,66.4589,0,74.4589
0,66.594,1.57417,1.57461,0.0269906,66.594,0,74.5939
0,66.7439,1.5741,1.57483,0.0263994,66.7439,0,74.7439
0,66.894,1.57402,1.57451,0.0258281,66.894,0,74.8939
0,67.059,1.57395,1.57438,0.0252043,67.059,0,75.0589
0,67.1941,1.57389,1.57446,0.0247111,67.1941,0,75.194
0,67.359,1.57381,1.5742,0.0241167,67.359,0,75.359
0,67.494,1.57375,1.57447,0.0236382,67.494,0,75.4939
0,67.659,1.57368,1.57417,0.0230729,67.659,0,75.659
0,67.7941,1.57362,1.57427,0.0226126,67.7941,0,75.7941
0,67.9441,1.57356,1.57404,0.0221231,67.9441,0,75.944
0,68.1089,1.5735,1.57385,0.0215915,68.1089,0,76.1088
0,68.2438,1.57344,1.57409,0.0211651,68.2438,0,76.2438
0,68.4088,1.57338,1.57382,0.0206591,68.4088,0,76.4088
0,68.5438,1.57333,1.57382,0.0202477,68.5438,0,76.5438
0,68.7089,1.57327,1.57384,0.0197651,68.7089,0,76.7089
0,68.8439,1.57322,1.57353,0.0193749,68.8439,0,76.8439
0,69.009,1.57316,1.57378,0.0189111,69.009,0,77.009
0,69.1441,1.57311,1.57342,0.0185394,69.1441,0,77.144
0,69.3091,1.57306,1.57362,0.0180945,69.3091,0,77.3091
0,69.4591,1.57301,1.57322,0.0177043,69.4591,0,77.4591
0,69.594,1.57297,1.5735,0.017354,69.594,0,77.594
0,69.7592,1.57291,1.57316,0.0169396,69.7592,0,77.7591
0,69.9091,1.57287,1.57331,0.0165648,69.9091,0,77.9091
0,70.0441,1.57283,1.57302,0.0162448,70.0441,0,78.0441
0,70.2091,1.57278,1.57315,0.0158498,70.2091,0,78.2091
0,70.3591,1.57274,1.57308,0.0155096,70.3591,0,78.3591
0,70.4941,1.5727,1.57318,0.0151989,70.4941,0,78.4941
0,70.6592,1.57265,1.57298,0.01484,70.6592,0,78.6591
0,70.7941,1.57261,1.57306,0.0145422,70.7941,0,78.7941
0,70.9442,1.57257,1.57277,0.0142292,70.9442,0,78.9442
0,71.1091,1.57253,1.57282,0.0138842,71.1091,0,79.1091
0,71.2441,1.5725,1.57268,0.0136162,71.2441,0,79.2441
0,71.4092,1.57246,1.57272,0.0132829,71.4092,0,79.4092
0,71.5592,1.57242,1.57275,0.0129982,71.5592,0,79.5591
0,71.6942,1.57239,1.57278,0.0127373,71.6942,0,79.6942
0,71.8442,1.57235,1.57262,0.0124659,71.8442,0,79.8442
0,72.0091,1.57232,1.57244,0.012165,72.0091,0,80.0091
0,72.1441,1.57229,1.57271,0.011924,72.1441,0,80.1441
0,72.3092,1.57225,1.57236,0.011639,72.3092,0,80.3092
0,72.4441,1.57222,1.57259,0.0114079,72.4441,0,80.4441
0,72.6091,1.57219,1.57239,0.0111358,72.6091,0,80.6091
0,72.7441,1.57216,1.57252,0.0109113,72.7441,0,80.7441
0,72.9091,1.57213,1.5724,0.0106532,72.9091,0,80.9091
0,73.0441,1.5721,1.57238,0.0104396,73.0441,0,81.0441
0,73.2091,1.57207,1.57243,0.0101922,73.2091,0,81.2091
0,73.3442,1.57204,1.57233,0.00998674,73.3442,0,81.3442
0,73.5091,1.57202,1.57237,0.0097519,73.5091,0,81.5091
0,73.6441,1.57199,1.57216,0.00955719,73.6441,0,81.6441
0,73.8091,1.57196,1.57232,0.00932881,73.8091,0,81.8091
0,73.9442,1.57194,1.57208,0.00914347,73.9442,0,81.9442
0,74.1092,1.57191,1.57231,0.00892465,74.1092,0,82.1092
0,74.2442,1.57189,1.57202,0.00874788,74.2442,0,82.2442
0,74.409,1.57186,1.57218,0.00853938,74.409,0,82.409
0,74.559,1.57184,1.57199,0.00835751,74.559,0,82.559
0,74.6939,1.57182,1.57205,0.00818946,74.6939,0,82.6939
0,74.8588,1.5718,1.5721,0.0079937,74.8588,0,82.8588
0,75.0088,1.57177,1.57179,0.00782382,75.0088,0,83.0088
0,75.1588,1.57175,1.57199,0.00764847,75.1588,0,83.1588
0,75.2939,1.57173,1.5718,0.00750348,75.2939,0,83.2939
0,75.4589,1.57171,1.57183,0.00731804,75.4589,0,83.4589
0,75.609,1.57169,1.57191,0.00716104,75.609,0,83.609
0,75.7441,1.57167,1.57194,0.00701473,75.7441,0,83.7441
0,75.9089,1.57165,1.57197,0.0068507,75.9089,0,83.9089
0,76.044,1.57164,1.57172,0.00671289,76.044,0,84.044
0,76.1939,1.57162,1.57189,0.00656901,76.1939,0,84.1939
0,76.359,1.5716,1.57154,0.00641153,76.359,0,84.359
0,76.494,1.57158,1.57189,0.00628429,76.494,0,84.494
0,76.659,1.57156,1.57164,0.00613734,76.659,0,84.659
0,76.794,1.57155,1.57183,0.00600953,76.794,0,84.794
0,76.9591,1.57153,1.57171,0.00586903,76.9591,0,84.9591
0,77.109,1.57151,1.57151,0.00573972,77.109,0,85.109
0,77.2439,1.5715,1.57175,0.00562838,77.2439,0,85.2439
0,77.409,1.57148,1.57147,0.00549365,77.409,0,85.409
0,77.559,1.57147,1.5717,0.00536975,77.559,0,85.559
0,77.694,1.57146,1.57143,0.00526912,77.694,0,85.694
0,77.844,1.57144,1.57161,0.00514956,77.844,0,85.844
0,78.009,1.57142,1.57165,0.00502825,78.009,0,86.009
0,78.1439,1.57141,1.5714,0.00492905,78.1439,0,86.1439
0,78.309,1.5714,1.57163,0.00481114,78.309,0,86.309
0,78.444,1.57139,1.57133,0.00471735,78.444,0,86.444
0,78.6091,1.57137,1.57163,0.00460094,78.6091,0,86.6091
0,78.744,1.57136,1.5713,0.00451335,78.744,0,86.744
0,78.909,1.57135,1.57144,0.00440232,78.909,0,86.909
0,79.059,1.57133,1.57147,0.00430864,79.059,0,87.059
0,79.1939,1.57132,1.57141,0.00422085,79.1939,0,87.1939
0,79.3589,1.57131,1.57159,0.00412114,79.3589,0,87.3589
0,79.4939,1.5713,1.57125,0.00404149,79.4939,0,87.4939
0,79.6439,1.57129,1.57157,0.00395162,79.6439,0,87.6439
0,79.8088,1.57128,1.57135,0.0038596,79.8088,0,87.8088
0,79.9438,1.57127,1.57146,0.00377752,79.9438,0,87.9438
0,80.0938,1.57126,1.57134,0.00369993,80.0938,0,88.0938
0,80.2588,1.57125,1.57115,0.00361163,80.2588,0,88.2588
0,80.3939,1.57124,1.5715,0.00353748,80.3939,0,88.3939
0,80.5589,1.57123,1.57124,0.00345682,80.5589,0,88.5589
0,80.694,1.57122,1.57144,0.00338181,80.694,0,88.694
0,80.859,1.57121,1.57131,0.00330611,80.859,0,88.859
0,80.9939,1.5712,1.57129,0.00323686,80.9939,0,88.9939
0,81.1588,1.57119,1.57145,0.00316206,81.1588,0,89.1588
0,81.309,1.57118,1.57112,0.00309376,81.309,0,89.309
0,81.4439,1.57118,1.5714,0.0030326,81.4439,0,89.4439
0,81.5939,1.57117,1.5711,0.00296687,81.5939,0,89.5939
0,81.759,1.57116,1.57127,0.00289336,81.759,0,89.759
0,81.8941,1.57115,1.57106,0.00284044,81.8941,0,89.8941
0,82.0591,1.57114,1.57118,0.00276626,82.0591,0,90.0591
0,82.1941,1.57114,1.57112,0.00271717,82.1941,0,90.1941
0,82.359,1.57113,1.57105,0.00264723,82.359,0,90.359
0,82.494,1.57112,1.57119,0.00259878,82.494,0,90.494
0,82.6439,1.57111,1.57102,0.00253909,82.6439,0,90.6439
0,82.809,1.57111,1.5713,0.0024778,82.809,0,90.809
0,82.9439,1.5711,1.57099,0.00243297,82.9439,0,90.9439
0,83.109,1.57109,1.57115,0.00236804,83.109,0,91.109
0,83.244,1.57109,1.57103,0.00232745,83.244,0,91.244
0,83.409,1.57108,1.57097,0.00226875,83.409,0,91.409
0,83.544,1.57107,1.57126,0.00222402,83.544,0,91.544
0,83.709,1.57107,1.57103,0.0021728,83.709,0,91.709
0,83.844,1.57106,1.57127,0.00212681,83.844,0,91.844
0,84.0089,1.57106,1.57117,0.00207955,84.0089,0,92.0089
0,84.144,1.57105,1.57114,0.00203292,84.144,0,92.144
0,84.3089,1.57104,1.57126,0.00198479,84.3089,0,92.3089
0,84.4439,1.57104,1.57094,0.00194489,84.4439,0,92.4439
0,84.6089,1.57103,1.57123,0.0018972,84.6089,0,92.6089
0,84.7439,1.57103,1.57088,0.0018645,84.7439,0,92.7439
0,84.909,1.57102,1.57108,0.00181707,84.909,0,92.909
0,85.044,1.57102,1.57094,0.00178699,85.044,0,93.044
0,85.2089,1.57101,1.57094,0.00174071,85.2089,0,93.2089
0,85.3589,1.57101,1.57119,0.00170036,85.3589,0,93.3589
0,85.5088,1.571,1.57097,0.00166713,85.5088,0,93.5088
0,85.6438,1.571,1.57121,0.00163086,85.6438,0,93.6438
0,85.7939,1.571,1.57088,0.00159732,85.7939,0,93.7939
0,85.9588,1.57099,1.57091,0.00155526,85.9588,0,93.9588
0,86.1089,1.57099,1.57115,0.00152403,86.1089,0,94.1089
0,86.2439,1.57098,1.57089,0.00149191,86.2439,0,94.2439
0,86.4089,1.57098,1.57115,0.00145624,86.4089,0,94.4089
0,86.5439,1.57098,1.57084,0.0014318,86.5439,0,94.5439
0,86.7089,1.57097,1.57101,0.00139532,86.7089,0,94.7089
0,86.844,1.57097,1.57086,0.00137357,86.844,0,94.844
0,87.0089,1.57096,1.57087,0.00133702,87.0089,0,95.0089
0,87.1439,1.57096,1.57103,0.00131407,87.1439,0,95.1439
0,87.3089,1.57096,1.57085,0.0012826,87.3089,0,95.3089
0,87.4589,1.57095,1.57112,0.00125118,87.4589,0,95.4589
0,87.5939,1.57095,1.57084,0.00122952,87.5939,0,95.5939
0,87.7588,1.57095,1.57087,0.00119703,87.7588,0,95.7588
0,87.9089,1.57094,1.57109,0.0011724,87.9089,0,95.9089
0,88.044,1.57094,1.57095,0.00114532,88.044,0,96.044
0,88.2089,1.57094,1.5711,0.00111773,88.2089,0,96.2089
0,88.3439,1.57093,1.57077,0.00109862,88.3439,0,96.3439
0,88.509,1.57093,1.571,0.0010682,88.509,0,96.509
0,88.6441,1.57093,1.57075,0.00105203,88.6441,0,96.6441
0,88.8091,1.57092,1.57098,0.00102312,88.8091,0,96.8091
0,88.9591,1.57092,1.57099,0.00100515,88.9591,0,96.9591
0,89.0941,1.57092,1.57097,0.000980198,89.0941,0,97.0941
0,89.259,1.57092,1.57109,0.000958399,89.259,0,97.259
0,89.3939,1.57091,1.57078,0.000939518,89.3939,0,97.3939
0,89.544,1.57091,1.57109,0.000919446,89.544,0,97.544
0,89.7089,1.57091,1.57091,0.00089981,89.7089,0,97.7089
0,89.8439,1.57091,1.57106,0.000877863,89.8439,0,97.8439
0,90.0088,1.5709,1.57107,0.000858259,90.0088,0,98.0088
0,90.144,1.5709,1.57087,0.00083783,90.144,0,98.144
0,90.3089,1.5709,1.57104,0.000817401,90.3089,0,98.3089
0,90.4438,1.5709,1.57076,0.000804119,90.4438,0,98.4438
0,90.5938,1.57089,1.57106,0.000784427,90.5938,0,98.5938
0,90.7587,1.57089,1.57099,0.000768087,90.7587,0,98.7587
0,90.8936,1.57089,1.57086,0.000750676,90.8936,0,98.8936
0,91.0588,1.57089,1.57104,0.000735814,91.0588,0,99.0588
0,91.194,1.57089,1.57091,0.000718713,91.194,0,99.194
0,91.3589,1.57088,1.57107,0.000703068,91.3589,0,99.3589
0,91.5089,1.57088,1.57076,0.000688838,91.5089,0,99.5089
0,91.6589,1.57088,1.57101,0.000671519,91.6589,0,99.6589
0,91.7939,1.57088,1.57077,0.000661278,91.7939,0,99.7939
0,91.9589,1.57088,1.57087,0.000642329,91.9589,0,99.9589
0,92.0939,1.57088,1.57086,0.000633366,92.0939,0,100.094
0,92.2589,1.57087,1.57071,0.000615978,92.2589,0,100.259
0,92.409,1.57087,1.57103,0.00060072,92.409,0,100.409
0,92.5589,1.57087,1.57078,0.000589924,92.5589,0,100.559
0,92.7089,1.57087,1.5709,0.00057331,92.7089,0,100.709
0,92.8439,1.57087,1.57075,0.000567431,92.8439,0,100.844
0,93.0089,1.57087,1.57081,0.00054961,93.0089,0,101.009
0,93.144,1.57086,1.57075,0.00054293,93.144,0,101.144
0,93.3089,1.57086,1.57075,0.000527235,93.3089,0,101.309
0,93.444,1.57086,1.57083,0.000521378,93.444,0,101.444
0,93.5941,1.57086,1.57087,0.000504938,93.5941,0,101.594
0,93.7441,1.57086,1.57092,0.000498815,93.7441,0,101.744
0,93.909,1.57086,1.57076,0.00048629,93.909,0,101.909
0,94.0439,1.57086,1.57099,0.000471665,94.0439,0,102.044
0,94.2088,1.57085,1.57098,0.000461906,94.2088,0,102.209
0,94.3437,1.57085,1.57076,0.000452078,94.3437,0,102.344
0,94.5087,1.57085,1.57097,0.000439054,94.5087,0,102.509
0,94.6437,1.57085,1.57067,0.000434764,94.6437,0,102.644
0,94.8089,1.57085,1.571,0.00042071,94.8089,0,102.809
0,94.9438,1.57085,1.57073,0.000415441,94.9438,0,102.944
0.000402729,100,0.657817,1.57086,0.000402729,95.1089,6.33103,100
0.0283755,100,0.599061,1.43033,0.0283755,95.4891,6.6353,100
0.101168,100,0.54951,1.29549,0.101168,95.8218,6.92341,100
0.23837,100,0.495568,1.16635,0.23837,96.1957,7.27596,100
0.38731,100,0.452733,1.07535,0.38731,96.5006,7.58135,100
0.525798,100,0.420575,1.00219,0.525798,96.7337,7.82863,100
0.678455,100,0.390765,0.929566,0.678455,96.9528,8.0754,100
0.839643,100,0.363942,0.859028,0.839643,97.1523,8.31565,100
0.963605,100,0.34585,0.807788,0.963605,97.288,8.4899,100
1.10344,100,0.32762,0.752157,1.10344,97.4257,8.67793,100
1.23867,100,0.311998,0.692698,1.23867,97.5443,8.85244,100
1.36665,100,0.29893,0.636442,1.36665,97.644,9.01186,100
1.47176,100,0.28931,0.590752,1.47176,97.7177,9.13929,100
1.5865,100,0.279863,0.540977,1.5865,97.7902,9.27525,100
1.66915,100,0.2737,0.504819,1.66915,97.8376,9.37137,100
1.75702,100,0.267714,0.465564,1.75702,97.8838,9.47205,100
1.81874,100,0.263853,0.437047,1.81874,97.9136,9.54188,100
1.88259,100,0.260159,0.406087,1.88259,97.9421,9.61338,100
1.92604,100,0.257825,0.383597,1.92604,97.9602,9.66161,100
1.96928,100,0.255654,0.359179,1.96928,97.977,9.70927,100
1.99999,100,0.254212,0.339585,1.99999,97.9881,9.74289,100
2.02249,100,0.253215,0.324536,2.02249,97.9959,9.76738,100
2.05734,100,0.251722,0.316892,2.05734,98.0074,9.80522,100
2.10338,100,0.249813,0.306951,2.10338,98.0222,9.85505,100
2.17082,100,0.2471,0.299218,2.17082,98.0433,9.92783,100
2.24605,100,0.244153,0.292051,2.24605,98.0661,10.0088,100
2.35286,100,0.240078,0.284843,2.35286,98.0978,10.1234,100
2.44968,100,0.236478,0.27872,2.44968,98.1258,10.227,100
2.57717,100,0.231852,0.272426,2.57717,98.1618,10.3631,100
2.68723,100,0.227953,0.266837,2.68723,98.1921,10.4803,100
2.82745,100,0.223099,0.260955,2.82745,98.23,10.6292,100
2.94579,100,0.219097,0.255795,2.94579,98.2612,10.7545,100
3.09394,100,0.214199,0.250235,3.09394,98.2995,10.9111,100
3.23127,100,0.209767,0.245048,3.23127,98.3341,11.0559,100
3.35665,100,0.205806,0.240533,3.35665,98.3652,11.1878,100
3.51142,100,0.201027,0.235092,3.51142,98.4026,11.3503,100
3.63944,100,0.197162,0.230693,3.63944,98.4329,11.4845,100
3.78227,100,0.192942,0.225725,3.78227,98.466,11.6338,100
3.92614,100,0.188784,0.221145,3.92614,98.4987,11.784,100
4.08487,100,0.184304,0.216175,4.08487,98.5339,11.9494,100
4.23005,100,0.180305,0.211368,4.23005,98.5654,12.1004,100
4.36106,100,0.176773,0.20761,4.36106,98.5932,12.2364,100
4.52175,100,0.172538,0.202609,4.52175,98.6265,12.403,100
4.65348,100,0.169144,0.198781,4.65348,98.6533,12.5393,100
4.81455,100,0.165088,0.194186,4.81455,98.6853,12.7058,100
4.94683,100,0.161832,0.190291,4.94683,98.711,12.8423,100
5.10855,100,0.157941,0.185979,5.10855,98.7417,13.009,100
5.2412,100,0.154821,0.182218,5.2412,98.7664,13.1455,100
5.40316,100,0.151097,0.178136,5.40316,98.7958,13.312,100
5.5362,100,0.148108,0.174432,5.5362,98.8195,13.4486,100
5.68359,100,0.144868,0.170777,5.68359,98.8451,13.5998,100
5.83128,100,0.141693,0.166807,5.83128,98.8702,13.7511,100
5.99411,100,0.138275,0.163108,5.99411,98.8973,13.9178,100
6.12728,100,0.135544,0.159603,6.12728,98.919,14.0539,100
6.29038,100,0.132272,0.156098,6.29038,98.9449,14.2205,100
6.43866,100,0.129369,0.152432,6.43866,98.9679,14.3718,100
6.57209,100,0.126813,0.14971,6.57209,98.9882,14.5078,100
6.72038,100,0.124033,0.146159,6.72038,99.0103,14.6589,100
6.88364,100,0.121044,0.142729,6.88364,99.034,14.8251,100
7.03208,100,0.118391,0.13979,7.03208,99.0551,14.9761,100
7.1659,100,0.116049,0.136982,7.1659,99.0737,15.1121,100
7.31438,100,0.113508,0.133944,7.31438,99.0939,15.2629,100
7.4779,100,0.110773,0.13058,7.4779,99.1156,15.4289,100
7.6116,100,0.108588,0.128258,7.6116,99.133,15.5645,100
7.77532,100,0.105972,0.124865,7.77532,99.1538,15.7304,100
7.92409,100,0.103651,0.122444,7.92409,99.1723,15.8812,100
8.05806,100,0.101606,0.119729,8.05806,99.1886,16.0168,100
8.207,100,0.099379,0.11739,8.207,99.2063,16.1675,100
8.37087,100,0.0969871,0.114564,8.37087,99.2253,16.3333,100
8.50525,100,0.0950681,0.112293,8.50525,99.2406,16.4691,100
8.66913,100,0.0927816,0.109646,8.66913,99.2588,16.6347,100
8.81838,100,0.0907474,0.10698,8.81838,99.275,16.7855,100
8.95246,100,0.0889597,0.105085,8.95246,99.2893,16.9208,100
9.10169,100,0.0870105,0.102571,9.10169,99.3048,17.0714,100
9.26587,100,0.0849161,0.100416,9.26587,99.3215,17.237,100
9.40024,100,0.0832412,0.0981084,9.40024,99.3348,17.3725,100
9.56433,100,0.0812394,0.0958372,9.56433,99.3508,17.5379,100
9.71381,100,0.0794598,0.0938024,9.71381,99.365,17.6886,100
9.84827,100,0.0778919,0.0920043,9.84827,99.3775,17.824,100
10.0125,100,0.07602,0.0898756,10.0125,99.3924,17.9894,100
10.1471,100,0.0745194,0.0879772,10.1471,99.4044,18.1249,100
10.3114,100,0.0727284,0.0859487,10.3114,99.4187,18.2903,100
10.4459,100,0.0712941,0.0841363,10.4459,99.4301,18.4256,100
10.6103,100,0.0695809,0.0822744,10.6103,99.4438,18.591,100
10.7599,100,0.0680571,0.0801691,10.7599,99.456,18.7414,100
10.8945,100,0.0667161,0.0787111,10.8945,99.4667,18.8767,100
11.059,100,0.0651123,0.0766722,11.059,99.4795,19.0421,100
11.1935,100,0.0638308,0.075467,11.1935,99.4897,19.1772,100
11.3432,100,0.0624328,0.0735156,11.3432,99.5009,19.3276,100
11.5078,100,0.0609317,0.0720883,11.5078,99.5128,19.493,100
11.6425,100,0.0597308,0.0703541,11.6425,99.5224,19.6283,100
11.8071,100,0.0582949,0.0689022,11.8071,99.5339,19.7935,100
11.9416,100,0.0571476,0.0672686,11.9416,99.5431,19.9286,100
12.1064,100,0.0557731,0.0658482,12.1064,99.554,20.0939,100
12.241,100,0.0546756,0.064399,12.241,99.5628,20.2291,100
12.4056,100,0.0533615,0.0629213,12.4056,99.5733,20.3943,100
12.5404,100,0.052311,0.0617003,12.5404,99.5817,20.5294,100
12.7051,100,0.0510533,0.0600877,12.7051,99.5918,20.6947,100
12.8548,100,0.049937,0.0590791,12.8548,99.6007,20.8448,100
13.0046,100,0.0488456,0.0574442,13.0046,99.6094,20.9951,100
13.1393,100,0.0478842,0.056591,13.1393,99.6171,21.1301,100
13.289,100,0.0468387,0.0550932,13.289,99.6254,21.2802,100
13.4388,100,0.0458143,0.0542076,13.4388,99.6336,21.4304,100
13.6035,100,0.0447146,0.0527527,13.6035,99.6424,21.5955,100
13.7384,100,0.0438325,0.0518277,13.7384,99.6495,21.7307,100
13.9032,100,0.0427796,0.0505156,13.9032,99.6579,21.8959,100
14.038,100,0.0419368,0.0494854,14.038,99.6646,22.031,100
14.2027,100,0.0409307,0.0484403,14.2027,99.6726,22.196,100
14.3376,100,0.0401242,0.0471891,14.3376,99.6791,22.3312,100
14.5025,100,0.0391593,0.0463572,14.5025,99.6868,22.4964,100
14.6374,100,0.0383891,0.0450902,14.6374,99.693,22.6315,100
14.8023,100,0.0374662,0.0443224,14.8023,99.7003,22.7967,100
14.9371,100,0.0367295,0.0431348,14.9371,99.7062,22.9317,100
15.102,100,0.0358468,0.0424179,15.102,99.7133,23.0969,100
15.2368,100,0.0351415,0.0413093,15.2368,99.7189,23.2319,100
15.4017,100,0.034297,0.0404374,15.4017,99.7257,23.397,100
15.5366,100,0.0336224,0.0395918,15.5366,99.7311,23.532,100
15.7014,100,0.0328142,0.0386056,15.7014,99.7375,23.6971,100
15.8364,100,0.0321682,0.0379995,15.8364,99.7427,23.8322,100
16.0013,100,0.0313963,0.0368529,16.0013,99.7489,23.9973,100
16.1512,100,0.0307093,0.0363878,16.1512,99.7544,24.1474,100
16.286,100,0.0301054,0.0353502,16.286,99.7592,24.2824,100
16.4509,100,0.0293831,0.0346706,16.4509,99.765,24.4474,100
16.5858,100,0.0288049,0.0338544,16.5858,99.7696,24.5825,100
16.7507,100,0.0281133,0.0330972,16.7507,99.7751,24.7475,100
16.8856,100,0.0275599,0.03249,16.8856,99.7795,24.8826,100
17.0355,100,0.0269579,0.0317699,17.0355,99.7844,25.0326,100
17.2005,100,0.0263101,0.0312216,17.2005,99.7895,25.1977,100
17.3504,100,0.0257349,0.030169,17.3504,99.7941,25.3478,100
17.5004,100,0.025173,0.0298607,17.5004,99.7986,25.4979,100
17.6354,100,0.0246769,0.0290785,17.6354,99.8026,25.633,100
17.8001,100,0.0240855,0.0285621,17.8001,99.8073,25.7978,100
17.9351,100,0.0236114,0.0276963,17.9351,99.8111,25.9329,100
18.0851,100,0.0230953,0.0273984,18.0851,99.8153,26.0829,100
18.2501,100,0.022541,0.0265624,18.2501,99.8197,26.248,100
18.4,100,0.0220479,0.0259764,18.4,99.8236,26.3981,100
18.5348,100,0.0216148,0.0254756,18.5348,99.8271,26.533,100
18.6998,100,0.0210959,0.0247241,18.6998,99.8312,26.698,100
18.8499,100,0.0206342,0.0244946,18.8499,99.8349,26.8482,100
18.9999,100,0.020183,0.0236154,18.9999,99.8385,26.9982,100
19.1349,100,0.0197862,0.0233742,19.1349,99.8417,27.1333,100
19.2998,100,0.0193122,0.0226215,19.2998,99.8455,27.2983,100
19.4346,100,0.0189316,0.0225176,19.4346,99.8486,27.4332,100
19.5997,100,0.0184775,0.0217291,19.5997,99.8522,27.5984,100
19.7498,100,0.0180731,0.0213754,19.7498,99.8554,27.7485,100
19.8847,100,0.0177173,0.0207372,19.8847,99.8583,27.8834,100
20.0496,100,0.0172919,0.020387,20.0496,99.8617,28.0484,100
20.1845,100,0.0169524,0.0199522,20.1845,99.8644,28.1834,100
20.3494,100,0.0165461,0.0193768,20.3494,99.8676,28.3483,100
20.4843,100,0.0162208,0.0192655,20.4843,99.8702,28.4833,100
20.6494,100,0.0158317,0.0185254,20.6494,99.8734,28.6484,100
20.7845,100,0.0155198,0.0184574,20.7845,99.8758,28.7835,100
20.9495,100,0.0151468,0.0177084,20.9495,99.8788,28.9486,100
21.0995,100,0.0148149,0.0175932,21.0995,99.8815,29.0986,100
21.2344,100,0.014525,0.0169824,21.2344,99.8838,29.2335,100
21.3844,100,0.0142064,0.0168971,21.3844,99.8864,29.3836,100
21.5493,100,0.0138659,0.0164874,21.5493,99.8891,29.5485,100
21.6843,100,0.0135922,0.0160264,21.6843,99.8913,29.6836,100
21.8493,100,0.013267,0.0158219,21.8493,99.8939,29.8486,100
21.9844,100,0.0130047,0.0153168,21.9844,99.896,29.9837,100
22.1494,100,0.0126928,0.0151442,22.1494,99.8985,30.1487,100
22.2844,100,0.0124429,0.014652,22.2844,99.9005,30.2838,100
22.4344,100,0.012172,0.0144059,22.4344,99.9026,30.4338,100
22.5992,100,0.0118802,0.0138693,22.5992,99.905,30.5986,100
22.7342,100,0.0116456,0.0139115,22.7342,99.9068,30.7336,100
22.8992,100,0.0113661,0.0132717,22.8992,99.9091,30.8987,100
23.0342,100,0.011142,0.0133039,23.0342,99.9109,31.0337,100
23.1993,100,0.010875,0.0127797,23.1993,99.913,31.1988,100
23.3343,100,0.0106604,0.0127341,23.3343,99.9147,31.3338,100
23.4993,100,0.0104057,0.0122239,23.4993,99.9168,31.4989,100
23.6343,100,0.0101997,0.0122063,23.6343,99.9184,31.6339,100
23.7844,100,0.00997751,0.01162,23.7844,99.9202,31.784,100
23.9494,100,0.00973717,0.0114192,23.9494,99.9221,31.949,100
24.0843,100,0.00954642,0.0112437,24.0843,99.9236,32.0839,100
24.2491,100,0.00931753,0.0108155,24.2491,99.9255,32.2488,100
24.3841,100,0.00913347,0.0109018,24.3841,99.9269,32.3838,100
24.534,100,0.00893414,0.0103605,24.534,99.9285,32.5337,100
24.699,100,0.00871956,0.0102235,24.699,99.9302,32.6987,100
24.8341,100,0.00854884,0.00997414,24.8341,99.9316,32.8338,100
24.9989,100,0.00834284,0.0096968,24.9989,99.9333,32.9987,100
25.134,100,0.0081788,0.00971962,25.134,99.9346,33.1337,100
25.2991,100,0.00798234,0.00923608,25.2991,99.9361,33.2989,100
25.4342,100,0.00782498,0.00931002,25.4342,99.9374,33.4339,100
25.5992,100,0.0076371,0.00885053,25.5992,99.9389,33.5989,100
25.7341,100,0.00748641,0.00897034,25.7341,99.9401,33.7339,100
25.8991,100,0.00730712,0.0084383,25.8991,99.9415,33.8989,100
26.0492,100,0.0071469,0.00860295,26.0492,99.9428,34.049,100
26.1841,100,0.0070067,0.00811091,26.1841,99.9439,34.184,100
26.3491,100,0.0068379,0.00810104,26.3491,99.9453,34.3489,100
26.484,100,0.00670438,0.00788105,26.484,99.9464,34.4838,100
26.634,100,0.00655751,0.00771516,26.634,99.9475,34.6339,100
26.7989,100,0.00640015,0.00770624,26.7989,99.9488,34.7987,100
26.934,100,0.00627427,0.00728147,26.934,99.9498,34.9339,100
27.099,100,0.00612358,0.00743062,27.099,99.951,35.0989,100
27.234,100,0.00600246,0.00691571,27.234,99.952,35.2339,100
27.384,100,0.00587085,0.00707718,27.384,99.953,35.3838,100
27.549,100,0.00573066,0.00679047,27.549,99.9542,35.5489,100
27.684,100,0.00561717,0.00671721,27.684,99.9551,35.6839,100
27.8489,100,0.0054827,0.00660805,27.8489,99.9561,35.8488,100
27.999,100,0.00536349,0.00617631,27.999,99.9571,35.9989,100
28.1341,100,0.00525859,0.00616005,28.1341,99.9579,36.134,100
28.299,100,0.00513174,0.00589087,28.299,99.9589,36.2989,100
28.4341,100,0.00503065,0.00590065,28.4341,99.9598,36.434,100
28.599,100,0.00490953,0.00563434,28.599,99.9607,36.5989,100
28.7341,100,0.00481321,0.00567302,28.7341,99.9615,36.734,100
28.899,100,0.00469686,0.00538108,28.899,99.9624,36.8989,100
29.0341,100,0.00460531,0.00544676,29.0341,99.9632,37.034,100
29.1989,100,0.00449468,0.0051438,29.1989,99.964,37.1988,100
29.3338,100,0.00440599,0.0053773,29.3338,99.9648,37.3337,100
29.4839,100,0.00431062,0.00497369,29.4839,99.9655,37.4838,100
29.6339,100,0.00421525,0.00509623,29.6339,99.9663,37.6339,100
29.7989,100,0.00411416,0.00499588,29.7989,99.9671,37.7988,100
29.934,100,0.0040331,0.00474587,29.934,99.9677,37.9339,100
30.0841,100,0.00394536,0.0046357,30.0841,99.9684,38.084,100
30.249,100,0.00384999,0.00435565,30.249,99.9692,38.2489,100
30.384,100,0.00377465,0.00452726,30.384,99.9698,38.384,100
30.5491,100,0.00368405,0.00414841,30.5491,99.9705,38.549,100
30.6839,100,0.00361157,0.00443805,30.6839,99.9711,38.6839,100
30.849,100,0.00352574,0.00404553,30.849,99.9718,38.8489,100
30.9839,100,0.00345517,0.00420238,30.9839,99.9724,38.9839,100
31.1339,100,0.00338078,0.00386595,31.1339,99.973,39.1338,100
31.2988,100,0.00329877,0.00378211,31.2988,99.9736,39.2987,100
31.4337,100,0.00323392,0.00393705,31.4337,99.9741,39.4337,100
31.5987,100,0.00315667,0.00365478,31.5987,99.9747,39.5986,100
31.7338,100,0.00309372,0.00382858,31.7338,99.9753,39.7337,100
31.899,100,0.00302029,0.00349935,31.899,99.9758,39.8989,100
32.034,100,0.00296021,0.00363394,32.034,99.9763,40.034,100
32.1989,100,0.00288964,0.00352192,32.1989,99.9769,40.1988,100
32.3339,100,0.00283242,0.00330687,32.3339,99.9773,40.3339,100
32.4989,100,0.00276375,0.00342269,32.4989,99.9779,40.4988,100
32.6339,100,0.00270939,0.00303295,32.6339,99.9783,40.6339,100
32.799,100,0.00264454,0.00328793,32.799,99.9788,40.799,100
32.934,100,0.00259209,0.00288123,32.934,99.9793,40.934,100
33.0991,100,0.0025301,0.00312639,33.0991,99.9798,41.0991,100
33.234,100,0.00248051,0.00276068,33.234,99.9802,41.234,100
33.3991,100,0.00242043,0.00299784,33.3991,99.9806,41.3991,100
33.5491,100,0.00236893,0.00265468,33.5491,99.981,41.5491,100
33.6992,100,0.00231648,0.00286703,33.6992,99.9815,41.6992,100
33.8341,100,0.0022707,0.00249535,33.8341,99.9818,41.8341,100
33.9992,100,0.00221634,0.0027627,33.9992,99.9823,41.9992,100
34.1342,100,0.00217247,0.00240109,34.1342,99.9826,42.1341,100
34.299,100,0.00212002,0.00248947,34.299,99.983,42.299,100
34.449,100,0.00207424,0.00246667,34.449,99.9834,42.4489,100
34.584,100,0.00203323,0.00252032,34.584,99.9837,42.584,100
34.7491,100,0.00198555,0.00239933,34.7491,99.9841,42.749,100
34.8841,100,0.0019455,0.00235616,34.8841,99.9844,42.8841,100
35.049,100,0.00189972,0.00238654,35.049,99.9848,43.049,100
35.184,100,0.00186157,0.00215011,35.184,99.9851,43.184,100
35.3488,100,0.00181675,0.00229447,35.3488,99.9855,43.3488,100
35.4839,100,0.00178146,0.00193146,35.4839,99.9857,43.4838,100
35.6488,100,0.00173855,0.00212964,35.6488,99.9861,43.6488,100
35.7838,100,0.00170422,0.0018204,35.7838,99.9864,43.7838,100
35.9489,100,0.00166321,0.00198363,35.9489,99.9867,43.9488,100
36.0838,100,0.00163174,0.00184411,36.0838,99.9869,44.0838,100
36.2488,100,0.00159168,0.00171027,36.2488,99.9873,44.2488,100
36.3989,100,0.0015564,0.00199647,36.3989,99.9875,44.3989,100
36.5339,100,0.00152588,0.0016755,36.5339,99.9878,44.5338,100
36.6988,100,0.00148964,0.00179753,36.6988,99.9881,44.6988,100
36.8339,100,0.00146008,0.00156738,36.8339,99.9883,44.8338,100
36.9988,100,0.00142479,0.00154299,36.9988,99.9886,44.9988,100
37.1487,100,0.00139427,0.0017947,37.1487,99.9888,45.1487,100
37.2837,100,0.00136662,0.00143387,37.2837,99.9891,45.2837,100
37.4487,100,0.00133324,0.00160832,37.4487,99.9893,45.4487,100
37.5837,100,0.00130844,0.00145187,37.5837,99.9895,45.5837,100
37.7488,100,0.00127602,0.00136362,37.7488,99.9898,45.7488,100
37.8838,100,0.00125122,0.00149978,37.8838,99.99,45.8838,100
38.0488,100,0.00122166,0.00126767,38.0488,99.9902,46.0488,100
38.1989,100,0.001194,0.00159401,38.1989,99.9904,46.1989,100
38.3339,100,0.00117111,0.00122093,38.3339,99.9906,46.3339,100
38.4989,100,0.0011425,0.00134407,38.4989,99.9909,46.4989,100
38.6488,100,0.00111771,0.00145395,38.6488,99.9911,46.6488,100
38.7838,100,0.00109577,0.00119773,38.7838,99.9912,46.7838,100
38.9488,100,0.00107002,0.00144733,38.9488,99.9914,46.9488,100
39.084,100,0.00104809,0.00130645,39.084,99.9916,47.084,100
39.249,100,0.00102329,0.00135886,39.249,99.9918,47.249,100
39.3839,100,0.00100327,0.00108208,39.3839,99.992,47.3839,100
39.5489,100,0.00097847,0.00129807,39.5489,99.9922,47.5489,100
39.6839,100,0.00096035,0.000970332,39.6839,99.9923,47.6839,100
39.8339,100,0.000938416,0.00127942,39.8339,99.9925,47.8339,100
39.984,100,0.000918389,0.000969282,39.984,99.9927,47.984,100
40.1491,100,0.000896454,0.00107922,40.1491,99.9928,48.1491,100
40.284,100,0.000879288,0.000868592,40.284,99.993,48.284,100
40.4341,100,0.000859261,0.00116435,40.4341,99.9931,48.4341,100
40.5989,100,0.000839234,0.00113365,40.5989,99.9933,48.5989,100
40.734,100,0.000822067,0.000968856,40.734,99.9934,48.734,100
40.8989,100,0.000802994,0.0011164,40.8989,99.9936,48.8989,100
41.0488,100,0.000785828,0.000806424,41.0488,99.9937,49.0488,100
41.1838,100,0.000769615,0.00105693,41.1838,99.9938,49.1838,100
41.3488,100,0.000751496,0.000903424,41.3488,99.994,49.3488,100
41.4839,100,0.000736237,0.000977098,41.4839,99.9941,49.4839,100
41.6489,100,0.000719071,0.000961166,41.6489,99.9942,49.6489,100
41.7839,100,0.000704765,0.000869423,41.7839,99.9944,49.7839,100
41.9489,100,0.000688553,0.000943528,41.9489,99.9945,49.9489,100
42.0839,100,0.000674248,0.000740145,42.0839,99.9946,50.0839,100
42.2489,100,0.000658036,0.000973242,42.2489,99.9947,50.2489,100
42.399,100,0.000644684,0.00059347,42.399,99.9948,50.399,100
42.549,100,0.000629425,0.000889057,42.549,99.995,50.549,100
42.699,100,0.000616074,0.000645067,42.699,99.9951,50.699,100
42.8339,100,0.000603676,0.000896905,42.8339,99.9952,50.8339,100
42.999,100,0.000590324,0.000678568,42.999,99.9953,50.999,100
43.134,100,0.000577927,0.000799556,43.134,99.9954,51.134,100
43.2989,100,0.000564575,0.000750021,43.2989,99.9955,51.2989,100
43.4489,100,0.000551224,0.000552856,43.4489,99.9956,51.4489,100
43.5838,100,0.000540733,0.00072175,43.5838,99.9957,51.5838,100
43.7488,100,0.000528336,0.000484687,43.7488,99.9958,51.7488,100
43.8838,100,0.000516891,0.000750951,43.8838,99.9959,51.8838,100
44.0338,100,0.000506401,0.000437391,44.0338,99.9959,52.0338,100
44.1988,100,0.00049305,0.000651816,44.1988,99.9961,52.1988,100
44.3338,100,0.000484467,0.000436372,44.3338,99.9961,52.3338,100
44.4839,100,0.000473022,0.000724856,44.4839,99.9962,52.4839,100
44.649,100,0.000462532,0.000521958,44.649,99.9963,52.649,100
44.784,100,0.000452995,0.000684399,44.784,99.9964,52.784,100
44.9491,100,0.000442505,0.000513865,44.9491,99.9965,52.9491,100
45.0841,100,0.000432968,0.000651542,45.0841,99.9965,53.0841,100
45.2341,100,0.000424385,0.000346943,45.2341,99.9966,53.2341,100
45.399,100,0.000413895,0.00047554,45.399,99.9967,53.399,100
45.5342,100,0.000406265,0.000346663,45.5342,99.9967,53.5342,100
45.6992,100,0.000395775,0.000425719,45.6992,99.9968,53.6992,100
45.834,100,0.000388145,0.000465768,45.834,99.9969,53.834,100
45.999,100,0.000378609,0.000255294,45.999,99.997,53.999,100
46.134,100,0.000371933,0.00047577,46.134,99.997,54.134,100
46.299,100,0.000362396,0.000267713,46.299,99.9971,54.299,100
46.4341,100,0.00035572,0.000463124,46.4341,99.9972,54.4341,100
46.5991,100,0.000347137,0.000254103,46.5991,99.9972,54.5991,100
46.7341,100,0.000340462,0.000482461,46.7341,99.9973,54.7341,100
46.8991,100,0.000331879,0.00023854,46.8991,99.9973,54.8991,100
47.0341,100,0.000325203,0.000535919,47.0341,99.9974,55.0341,100
47.199,100,0.000317574,0.00017954,47.199,99.9975,55.199,100
47.349,100,0.000309944,0.000543143,47.349,99.9975,55.349,100
47.4839,100,0.000304222,0.000222529,47.4839,99.9976,55.4839,100
47.6489,100,0.000296593,0.000464775,47.6489,99.9976,55.6489,100
47.7839,100,0.000290871,0.000163252,47.7839,99.9977,55.7839,100
47.949,100,0.000284195,0.000443186,47.949,99.9977,55.949,100
48.084,100,0.000278473,0.00014382,48.084,99.9978,56.084,100
48.2341,100,0.000272751,0.000507741,48.2341,99.9978,56.2341,100
48.3991,100,0.000266075,0.000228961,48.3991,99.9979,56.3991,100
48.5341,100,0.000260353,0.000439421,48.5341,99.9979,56.5341,100
48.6988,100,0.000254631,0.000475117,48.6988,99.998,56.6988,100
48.8488,100,0.000248909,9.96388e-05,48.8488,99.998,56.8488,100
48.9839,100,0.000244141,0.000434962,48.9839,99.998,56.9839,100
49.1339,100,0.000238419,0.000135877,49.1339,99.9981,57.1339,100
49.299,100,0.000232697,0.000437896,49.299,99.9981,57.299,100
49.434,100,0.000227928,0.000125085,49.434,99.9982,57.434,100
49.599,100,0.000222206,0.000379259,49.599,99.9982,57.599,100
49.734,100,0.000218391,8.60464e-05,49.734,99.9983,57.734,100
49.8991,100,0.000212669,0.000350213,49.8991,99.9983,57.8991,100
50.034,100,0.000208855,2.98368e-05,50.034,99.9983,58.034,100
50.184,100,0.000204086,0.000431054,50.184,99.9984,58.184,100
50.3492,100,0.000200272,0.000130476,50.3492,99.9984,58.3492,100
50.4842,100,0.000195503,0.000433876,50.4842,99.9984,58.4842,100
50.6342,100,0.000191689,6.08831e-05,50.6342,99.9985,58.6342,100
50.7993,100,0.00018692,0.000304014,50.7993,99.9985,58.7993,100
50.9343,100,0.000183105,8.86562e-06,50.9343,99.9985,58.9343,100
51.0842,100,0.000179291,0.000420595,51.0842,99.9986,59.0842,100
51.2493,100,0.000175476,0.000118332,51.2493,99.9986,59.2493,100
51.3841,100,0.000171661,0.000401259,51.3841,99.9986,59.3841,100
51.5492,100,0.000167847,0.000133182,51.5492,99.9987,59.5492,100
51.6841,100,0.000164032,0.000301131,51.6841,99.9987,59.6841,100
51.8341,100,0.000161171,6.67006e-05,51.8341,99.9987,59.8341,100
51.9991,100,0.000156403,0.000149875,51.9991,99.9987,59.9991,100
52.1492,100,0.000153542,0.000216986,52.1492,99.9988,60.1492,100
52.2842,100,0.000149727,0.00030759,52.2842,99.9988,60.2842,100
52.4492,100,0.000146866,0.000233555,52.4492,99.9988,60.4492,100
52.5841,100,0.000144005,0.00026603,52.5841,99.9988,60.5841,100
52.7492,100,0.00014019,0.000251221,52.7492,99.9989,60.7492,100
52.8842,100,0.000137329,0.000255144,52.8842,99.9989,60.8842,100
53.0343,100,0.000135422,7.26607e-05,53.0343,99.9989,61.0343,100
53.1992,100,0.000130653,7.58194e-05,53.1992,99.999,61.1992,100
53.3342,100,0.000128746,6.71481e-05,53.3342,99.999,61.3342,100
53.4991,100,0.000124931,6.91496e-05,53.4991,99.999,61.4991,100
53.6491,100,0.000123024,0.000255114,53.6491,99.999,61.6491,100
53.7842,100,0.000120163,0.000207211,53.7842,99.999,61.7842,100
53.9491,100,0.000117302,0.000252651,53.9491,99.9991,61.9491,100
54.0841,100,0.000114441,0.000203425,54.0841,99.9991,62.0841,100
54.2491,100,0.000112534,0.000249955,54.2491,99.9991,62.2491,100
54.3842,100,0.000109673,0.000173268,54.3842,99.9991,62.3842,100
54.549,100,0.000107765,0.000279035,54.549,99.9991,62.549,100
54.6842,100,0.000104904,0.000145425,54.6842,99.9992,62.6842,100
54.8491,100,0.000102997,0.000277046,54.8491,99.9992,62.8491,100
54.9841,100,0.000100136,0.000145859,54.9841,99.9992,62.9841,100
55.149,100,9.91821e-05,0.000254276,55.149,99.9992,63.149,100
55.284,100,9.63211e-05,3.49484e-05,55.284,99.9992,63.284,100
55.434,100,9.53674e-05,0.000198483,55.434,99.9992,63.434,100
55.599,100,9.25064e-05,-5.94124e-05,55.599,99.9993,63.599,100
55.7341,100,9.05991e-05,0.000201117,55.7341,99.9993,63.7341,100
55.8991,100,8.86917e-05,-8.7284e-05,55.8991,99.9993,63.8991,100
56.0341,100,8.67844e-05,0.000205991,56.0341,99.9993,64.0341,100
56.1991,100,8.4877e-05,-5.62482e-05,56.1991,99.9993,64.1991,100
56.3341,100,8.29697e-05,0.000273536,56.3341,99.9993,64.3341,100
56.4992,100,8.10623e-05,-8.1967e-05,56.4992,99.9994,64.4992,100
56.634,100,7.9155e-05,0.000279687,56.634,99.9994,64.634,100
56.7991,100,7.82013e-05,-7.45721e-05,56.7991,99.9994,64.7991,100
56.934,100,7.6294e-05,0.000234175,56.934,99.9994,64.934,100
57.099,100,7.43866e-05,-1.52683e-05,57.099,99.9994,65.099,100
57.234,100,7.24792e-05,0.00024945,57.234,99.9994,65.234,100
57.399,100,7.15256e-05,2.50882e-05,57.399,99.9994,65.399,100
57.534,100,6.96182e-05,0.00022903,57.534,99.9994,65.534,100
57.699,100,6.77109e-05,3.17984e-05,57.699,99.9995,65.699,100
57.834,100,6.58035e-05,0.000267628,57.834,99.9995,65.834,100
57.9989,100,6.48498e-05,9.74461e-05,57.9989,99.9995,65.9989,100
58.134,100,6.29425e-05,0.00019412,58.134,99.9995,66.134,100
58.299,100,6.19888e-05,0.00010773,58.299,99.9995,66.299,100
58.434,100,6.00815e-05,0.000209404,58.434,99.9995,66.434,100
58.599,100,5.91278e-05,0.000119993,58.599,99.9995,66.599,100
58.734,100,5.72205e-05,0.000166112,58.734,99.9995,66.734,100
58.899,100,5.72205e-05,0.000134011,58.899,99.9995,66.899,100
59.034,100,5.53131e-05,0.000148175,59.034,99.9996,67.034,100
59.199,100,5.43595e-05,0.000148489,59.199,99.9996,67.199,100
59.349,100,5.34058e-05,-3.55777e-05,59.349,99.9996,67.349,100
59.4841,100,5.24521e-05,-4.25072e-06,59.4841,99.9996,67.4841,100
59.649,100,5.05447e-05,-8.2809e-05,59.649,99.9996,67.649,100
59.7841,100,5.05447e-05,6.35342e-05,59.7841,99.9996,67.7841,100
59.949,100,4.86374e-05,-9.53563e-05,59.949,99.9996,67.949,100
60.0841,100,4.86374e-05,7.81734e-05,60.0841,99.9996,68.0841,100
60.2491,100,4.673e-05,-8.14964e-05,60.2491,99.9996,68.2491,100
60.399,100,4.57764e-05,0.000242979,60.399,99.9996,68.399,100
60.5341,100,4.48227e-05,4.65359e-08,60.5341,99.9996,68.5341,100
60.6841,100,4.3869e-05,0.000110991,60.6841,99.9996,68.6841,100
60.8491,100,4.29153e-05,-0.000136268,60.8491,99.9997,68.8491,100
60.9842,100,4.19617e-05,9.87642e-05,60.9842,99.9997,68.9842,100
61.1491,100,4.1008e-05,-0.000121433,61.1491,99.9997,69.1491,100
61.2842,100,4.00543e-05,0.000116303,61.2842,99.9997,69.2842,100
61.4491,100,3.91006e-05,-0.000111163,61.4491,99.9997,69.4491,100
61.5841,100,3.8147e-05,0.00019265,61.5841,99.9997,69.5841,100
61.7491,100,3.71933e-05,-6.59176e-05,61.7491,99.9997,69.7491,100
61.8841,100,3.62396e-05,0.000220696,61.8841,99.9997,69.8841,100
62.0342,100,3.52859e-05,-0.000154829,62.0342,99.9997,70.0342,100
62.1992,100,3.43323e-05,0.000163117,62.1992,99.9997,70.1992,100
62.3342,100,3.43323e-05,-0.000137802,62.3342,99.9997,70.3342,100
62.4992,100,3.24249e-05,0.00012403,62.4992,99.9997,70.4992,100
62.6341,100,3.24249e-05,-0.000121039,62.6341,99.9997,70.6341,100
62.7991,100,3.14712e-05,6.21953e-05,62.7991,99.9997,70.7991,100
62.9341,100,3.14713e-05,-0.000103681,62.9341,99.9997,70.9341,100
63.0992,100,3.05176e-05,5.34721e-05,63.0992,99.9998,71.0992,100
63.2342,100,3.05176e-05,-8.21511e-05,63.2342,99.9998,71.2342,100
63.3992,100,2.86102e-05,4.39475e-05,63.3992,99.9998,71.3992,100
63.5342,100,2.86102e-05,-9.4519e-05,63.5342,99.9998,71.5342,100
63.699,100,2.76565e-05,-7.78324e-05,63.699,99.9998,71.699,100
63.8341,100,2.76566e-05,-1.69589e-05,63.8341,99.9998,71.8341,100
63.9991,100,2.67029e-05,-8.28827e-05,63.9991,99.9998,71.9991,100
64.1341,100,2.67029e-05,-2.6882e-05,64.1341,99.9998,72.1341,100
64.299,100,2.57492e-05,-9.25946e-05,64.299,99.9998,72.299,100
64.4342,100,2.57492e-05,-3.18519e-05,64.4342,99.9998,72.4342,100
64.5991,100,2.38419e-05,-7.28187e-05,64.5991,99.9998,72.5991,100
64.7341,100,2.38419e-05,-1.2015e-05,64.7341,99.9998,72.7341,100
64.899,100,2.28882e-05,-0.000109093,64.899,99.9998,72.899,100
65.0339,100,2.28882e-05,0.000184372,65.0339,99.9998,73.0339,100
65.1991,100,2.28882e-05,-0.000184125,65.1991,99.9998,73.1991,100
65.3341,100,2.19345e-05,0.000151404,65.3341,99.9998,73.3341,100
65.4991,100,2.19345e-05,-0.000109322,65.4991,99.9998,73.4991,100
65.634,100,2.09808e-05,0.00020735,65.634,99.9998,73.634,100
65.784,100,2.09808e-05,-0.000160946,65.784,99.9998,73.784,100
65.934,100,2.00272e-05,0.000204026,65.934,99.9998,73.934,100
66.0991,100,2.00272e-05,-0.000122886,66.0991,99.9998,74.0991,100
66.2341,100,1.90735e-05,0.000200317,66.2341,99.9998,74.2341,100
66.3991,100,1.90735e-05,-9.82129e-05,66.3991,99.9998,74.3991,100
66.5492,100,1.81198e-05,0.000119694,66.5492,99.9999,74.5492,100
66.6991,100,1.81198e-05,-1.75313e-05,66.6991,99.9999,74.6991,100
66.8341,100,1.71661e-05,0.000166528,66.8341,99.9999,74.8341,100
66.9991,100,1.81198e-05,-2.35592e-05,66.9991,99.9999,74.9991,100
67.1341,100,1.62125e-05,0.000194202,67.1341,99.9999,75.1341,100
67.2991,100,1.71661e-05,1.1692e-06,67.2991,99.9999,75.2991,100
67.4341,100,1.62125e-05,0.000162764,67.4341,99.9999,75.4341,100
67.5991,100,1.62125e-05,2.59001e-05,67.5991,99.9999,75.5991,100
67.7341,100,1.52588e-05,0.000101631,67.7341,99.9999,75.7341,100
67.899,100,1.52588e-05,0.000167896,67.899,99.9999,75.899,100
68.034,100,1.43051e-05,1.29313e-05,68.034,99.9999,76.034,100
68.199,100,1.43051e-05,0.000219073,68.199,99.9999,76.199,100
68.3491,100,1.43051e-05,-0.0001676,68.3491,99.9999,76.3491,100
68.4841,100,1.43051e-05,4.24609e-05,68.4841,99.9999,76.4841,100
68.6491,100,1.33514e-05,-0.000171315,68.6491,99.9999,76.6491,100
68.7991,100,1.33514e-05,0.00021319,68.7991,99.9999,76.7991,100
68.9341,100,1.23978e-05,-2.85632e-05,68.9341,99.9999,76.9341,100
69.099,100,1.23978e-05,0.000184545,69.099,99.9999,77.099,100
69.249,100,1.23978e-05,-0.000132737,69.249,99.9999,77.249,100
69.384,100,1.23978e-05,0.000172432,69.384,99.9999,77.384,100
69.549,100,1.14441e-05,-0.000192425,69.549,99.9999,77.549,100
69.6841,100,1.14441e-05,0.00017151,69.6841,99.9999,77.6841,100
69.8491,100,1.14441e-05,-0.000113653,69.8491,99.9999,77.8491,100
69.984,100,1.04904e-05,0.00020525,69.984,99.9999,77.984,100
70.1341,100,1.04904e-05,-0.000166827,70.1341,99.9999,78.1341,100
70.2991,100,1.04904e-05,0.000126147,70.2991,99.9999,78.2991,100
70.4342,100,1.04904e-05,-0.000195392,70.4342,99.9999,78.4342,100
70.5992,100,9.53674e-06,0.000128653,70.5992,99.9999,78.5992,100
70.7341,100,1.04904e-05,-0.000171299,70.7341,99.9999,78.7341,100
70.8992,100,9.53674e-06,9.39981e-05,70.8992,99.9999,78.8992,100
71.0341,100,9.53674e-06,-0.000147587,71.0341,99.9999,79.0341,100
71.1991,100,8.58307e-06,0.000121744,71.1991,99.9999,79.1991,100
71.3341,100,8.58307e-06,-0.000154405,71.3341,99.9999,79.3341,100
71.4841,100,8.58307e-06,0.00016872,71.4841,99.9999,79.4841,100
71.6491,100,8.58307e-06,-4.78984e-05,71.6491,99.9999,79.6491,100
71.7841,100,7.62939e-06,0.00016598,71.7841,99.9999,79.7841,100
71.9492,100,8.58307e-06,-7.93795e-05,71.9492,99.9999,79.9492,100
72.0841,100,7.62939e-06,0.000164104,72.0841,99.9999,80.0841,100
72.2491,100,7.62939e-06,3.26966e-05,72.2491,99.9999,80.2491,100
72.3991,100,7.62939e-06,-2.9995e-05,72.3991,99.9999,80.3991,100
72.5342,100,7.62939e-06,-0.000109026,72.5342,99.9999,80.5342,100
72.6992,100,6.67572e-06,-3.24103e-05,72.6992,99.9999,80.6992,100
72.8342,100,7.62939e-06,-8.42968e-05,72.8342,99.9999,80.8342,100
72.999,100,6.67572e-06,-0.000151891,72.999,99.9999,80.999,100
73.1341,100,6.67572e-06,-3.00137e-05,73.1341,99.9999,81.1341,100
73.2991,100,6.67572e-06,-0.000126389,73.2991,99.9999,81.2991,100
73.4341,100,6.67572e-06,-3.34037e-05,73.4341,99.9999,81.4341,100
73.5991,100,6.67572e-06,-0.000127833,73.5991,99.9999,81.5991,100
73.7341,100,6.67572e-06,2.33602e-05,73.7341,99.9999,81.7341,100
73.899,100,6.67572e-06,-0.000163697,73.899,99.9999,81.899,100
74.034,100,6.67572e-06,0.000108017,74.034,99.9999,82.034,100
74.184,100,5.72205e-06,-9.58278e-05,74.184,100,82.184,100
74.349,100,5.72205e-06,0.000175235,74.349,100,82.349,100
74.484,100,5.72205e-06,-0.000160444,74.484,100,82.484,100
74.649,100,5.72205e-06,0.000178724,74.649,100,82.649,100
74.784,100,5.72205e-06,-0.000134581,74.784,100,82.784,100
74.9491,100,4.76837e-06,0.000180934,74.9491,100,82.9491,100
75.0991,100,5.72205e-06,-0.000147517,75.0991,100,83.0991,100
75.2341,100,5.72205e-06,0.000194403,75.2341,100,83.2341,100
75.3991,100,5.72205e-06,-0.000150082,75.3991,100,83.3991,100
75.534,100,4.76837e-06,0.000194555,75.534,100,83.534,100
75.6991,100,4.76837e-06,-0.000124872,75.6991,100,83.6991,100
75.8341,100,4.76837e-06,0.000193375,75.8341,100,83.8341,100
75.9991,100,4.76837e-06,-4.171e-05,75.9991,100,83.9991,100
76.134,100,4.76837e-06,0.000199453,76.134,100,84.134,100
76.2992,100,4.76837e-06,-4.60437e-05,76.2992,100,84.2992,100
76.4341,100,3.8147e-06,0.000171169,76.4341,100,84.4341,100
76.5991,100,4.76837e-06,-4.54177e-05,76.5991,100,84.5991,100
76.734,100,3.8147e-06,0.000168233,76.734,100,84.734,100
76.8991,100,3.8147e-06,-2.07785e-05,76.8991,100,84.8991,100
77.0491,100,3.8147e-06,3.20073e-05,77.0491,100,85.0491,100
77.1841,100,3.8147e-06,-0.000130153,77.1841,100,85.1841,100
77.3491,100,3.8147e-06,2.5031e-06,77.3491,100,85.3491,100
77.4842,100,3.8147e-06,-0.000159298,77.4842,100,85.4842,100
77.6492,100,2.86102e-06,1.72005e-06,77.6492,100,85.6492,100
77.7841,100,3.8147e-06,-7.61045e-05,77.7841,100,85.7841,100
77.9341,100,2.86102e-06,8.41772e-05,77.9341,100,85.9341,100
78.0991,100,3.8147e-06,0.00012072,78.0991,100,86.0991,100
78.2341,100,2.86102e-06,5.55013e-05,78.2341,100,86.2341,100
78.3991,100,3.8147e-06,0.000116707,78.3991,100,86.3991,100
78.5491,100,2.86102e-06,-0.000117122,78.5491,100,86.5491,100
78.6842,100,2.86102e-06,-5.32362e-05,78.6842,100,86.6842,100
78.849,100,2.86102e-06,-0.000117216,78.849,100,86.849,100
78.9841,100,2.86102e-06,-2.74132e-05,78.9841,100,86.9841,100
79.1491,100,2.86102e-06,-0.000147556,79.1491,100,87.1491,100
79.2991,100,2.86102e-06,0.000172982,79.2991,100,87.2991,100
79.4491,100,2.86102e-06,-0.000121799,79.4491,100,87.4491,100
79.5991,100,2.86102e-06,0.0001822,79.5991,100,87.5991,100
79.7341,100,1.90735e-06,-6.17012e-05,79.7341,100,87.7341,100
79.899,100,1.90735e-06,0.000159081,79.899,100,87.899,100
80.049,100,2.86102e-06,-0.00016459,80.049,100,88.049,100
80.1991,100,1.90735e-06,0.000188062,80.1991,100,88.1991,100
80.334,100,2.86102e-06,-0.000186388,80.334,100,88.334,100
80.484,100,1.90735e-06,0.000182904,80.484,100,88.484,100
80.6491,100,2.86102e-06,-0.000113494,80.6491,100,88.6491,100
80.7841,100,1.90735e-06,0.000182719,80.7841,100,88.7841,100
80.9493,100,2.86102e-06,-0.000114026,80.9493,100,88.9493,100
81.0841,100,1.90735e-06,0.000181903,81.0841,100,89.0841,100
81.2491,100,2.86102e-06,-8.46924e-05,81.2491,100,89.2491,100
81.3992,100,1.90735e-06,0.000104939,81.3992,100,89.3992,100
81.5492,100,1.90735e-06,-8.9097e-05,81.5492,100,89.5492,100
81.6841,100,1.90735e-06,0.00021164,81.6841,100,89.6841,100
81.8491,100,1.90735e-06,-5.8764e-05,81.8491,100,89.8491,100
81.984,100,9.53674e-07,0.000209974,81.984,100,89.984,100
82.1492,100,1.90735e-06,-6.48761e-05,82.1492,100,90.1492,100
82.2841,100,9.53674e-07,0.000127805,82.2841,100,90.2841,100
82.4341,100,1.90735e-06,-0.000145513,82.4341,100,90.4341,100
82.5992,100,9.53674e-07,-3.8024e-05,82.5992,100,90.5992,100
82.7492,100,1.90735e-06,5.01176e-05,82.7492,100,90.7492,100
82.8992,100,9.53674e-07,-3.93776e-05,82.8992,100,90.8992,100
83.0342,100,1.90735e-06,-9.05581e-05,83.0342,100,91.0342,100
83.1991,100,9.53674e-07,-0.00012834,83.1991,100,91.1991,100
83.3341,100,1.90735e-06,-3.70911e-05,83.3341,100,91.3341,100
83.3341,100,1.90735e-06,-3.70911e-05,83.3341,100,91.3341,100
Exiting model node
... logging to /home/aauship/.ros/log/11483de2-2415-11e7-8a85-00248c681181/roslaunch-aauship-10483.log
Checking log directory for disk usage. This may take awhile.
Press Ctrl-C to interrupt
Done checking log file disk usage. Usage is <1GB.
]2;/home/aauship/p8-vessel-main/aauship_832_ws/src/aauship_control/path_controller_model_test.launch
[1mstarted roslaunch server http://aauship:52392/[0m

SUMMARY
========

PARAMETERS
 * /rosdistro: indigo
 * /rosversion: 1.11.9

NODES
  /
    lqr_node (aauship_control/lqr_node)
    model_node (aauship_control/model-node.py)
    path_follower_node (aauship_control/path_follower_node)

auto-starting new master
[1mprocess[master]: started with pid [10497][0m
[1mROS_MASTER_URI=http://localhost:11311[0m
]2;/home/aauship/p8-vessel-main/aauship_832_ws/src/aauship_control/path_controller_model_test.launch http://localhost:11311
[1msetting /run_id to 11483de2-2415-11e7-8a85-00248c681181[0m
[1mprocess[rosout-1]: started with pid [10514][0m
started core service [/rosout]
[1mprocess[model_node-2]: started with pid [10533][0m
[1mprocess[lqr_node-3]: started with pid [10534][0m
[1mprocess[path_follower_node-4]: started with pid [10557][0m
[lqr_node-3] killing on exit
[path_follower_node-4] killing on exit
[model_node-2] killing on exit
[rosout-1] killing on exit
[master] killing on exit
shutting down processing monitor...
... shutting down processing monitor complete
[1mdone[0m
