%time,field.DevID,field.MsgID,field.Data,field.Time
1495619031633122406,10,5,202,1495619031.63
1495619031633930330,10,3,202,1495619031.63
1495619031681972403,10,5,202,1495619031.68
1495619031682039660,10,3,202,1495619031.68
1495619031732380559,10,5,202,1495619031.73
1495619031732438527,10,3,202,1495619031.73
1495619031782378956,10,5,202,1495619031.78
1495619031782430639,10,3,202,1495619031.78
1495619031832134864,10,5,202,1495619031.83
1495619031832190248,10,3,202,1495619031.83
1495619031882521649,10,5,202,1495619031.88
1495619031882588417,10,3,202,1495619031.88
1495619031932483449,10,5,202,1495619031.93
1495619031932542884,10,3,202,1495619031.93
1495619031982029973,10,5,202,1495619031.98
1495619031982719307,10,3,202,1495619031.98
1495619032032242853,10,5,202,1495619032.03
1495619032033149044,10,3,202,1495619032.03
1495619032082351599,10,5,202,1495619032.08
1495619032083132495,10,3,202,1495619032.08
1495619032132307044,10,5,202,1495619032.13
1495619032133190397,10,3,202,1495619032.13
1495619032182448476,10,5,202,1495619032.18
1495619032183460197,10,3,202,1495619032.18
1495619032231957495,10,5,202,1495619032.23
1495619032232739648,10,3,202,1495619032.23
1495619032282372915,10,5,202,1495619032.28
1495619032283541150,10,3,202,1495619032.28
1495619032332214239,10,5,202,1495619032.33
1495619032333409573,10,3,202,1495619032.33
1495619032382294001,10,5,202,1495619032.38
1495619032383016230,10,3,202,1495619032.38
1495619032432430894,10,5,202,1495619032.43
1495619032433620919,10,3,202,1495619032.43
1495619032482453176,10,5,202,1495619032.48
1495619032482932497,10,3,202,1495619032.48
1495619032532398983,10,5,202,1495619032.53
1495619032533408818,10,3,202,1495619032.53
1495619032582180244,10,5,202,1495619032.58
1495619032582624364,10,3,202,1495619032.58
1495619032632351568,10,5,202,1495619032.63
1495619032633233524,10,3,202,1495619032.63
1495619032682239127,10,5,202,1495619032.68
1495619032682996276,10,3,202,1495619032.68
1495619032732729975,10,5,202,1495619032.73
1495619032732785918,10,3,202,1495619032.73
1495619032782358982,10,5,202,1495619032.78
1495619032782414016,10,3,202,1495619032.78
1495619032832328953,10,5,202,1495619032.83
1495619032832384617,10,3,202,1495619032.83
1495619032882652043,10,5,202,1495619032.88
1495619032882710570,10,3,202,1495619032.88
1495619032931629709,10,5,202,1495619032.93
1495619032931677132,10,3,202,1495619032.93
1495619032982639129,10,5,202,1495619032.98
1495619032982739910,10,3,202,1495619032.98
1495619033037914105,10,5,202,1495619033.03
1495619033037978499,10,3,202,1495619033.03
1495619033082617695,10,5,202,1495619033.08
1495619033082705206,10,3,202,1495619033.08
1495619033132664841,10,5,202,1495619033.13
1495619033132751025,10,3,202,1495619033.13
1495619033182849645,10,5,202,1495619033.18
1495619033182949238,10,3,202,1495619033.18
1495619033232973477,10,5,202,1495619033.23
1495619033233055261,10,3,202,1495619033.23
1495619033282814871,10,5,202,1495619033.28
1495619033282918305,10,3,202,1495619033.28
1495619033332650118,10,5,-263,1495619033.33
1495619033332746709,10,3,-263,1495619033.33
1495619033383205290,10,5,202,1495619033.38
1495619033383310332,10,3,202,1495619033.38
1495619033432821935,10,5,-263,1495619033.43
1495619033433010716,10,3,-263,1495619033.43
1495619033483077418,10,5,202,1495619033.48
1495619033483177151,10,3,202,1495619033.48
1495619033532804482,10,5,-234,1495619033.53
1495619033532978247,10,3,-234,1495619033.53
1495619033583089019,10,5,202,1495619033.58
1495619033583193361,10,3,202,1495619033.58
1495619033632745054,10,5,-233,1495619033.63
1495619033632969803,10,3,-233,1495619033.63
1495619033682818251,10,5,202,1495619033.68
1495619033682922524,10,3,202,1495619033.68
1495619033733361620,10,5,-241,1495619033.73
1495619033733444661,10,3,-241,1495619033.73
1495619033783069337,10,5,202,1495619033.78
1495619033783212302,10,3,202,1495619033.78
1495619033832953963,10,5,-188,1495619033.83
1495619033833850725,10,3,-188,1495619033.83
1495619033882833630,10,5,202,1495619033.88
1495619033883969529,10,3,202,1495619033.88
1495619033932775246,10,5,-263,1495619033.93
1495619033934112846,10,3,-263,1495619033.93
1495619033982844602,10,5,202,1495619033.98
1495619033982943148,10,3,202,1495619033.98
1495619034032823863,10,5,-263,1495619034.03
1495619034037079222,10,3,-263,1495619034.03
1495619034082621745,10,5,202,1495619034.08
1495619034082728952,10,3,202,1495619034.08
1495619034132813533,10,5,-116,1495619034.13
1495619034132999939,10,3,-116,1495619034.13
1495619034182628317,10,5,202,1495619034.18
1495619034183142699,10,3,202,1495619034.18
1495619034232740835,10,5,-263,1495619034.23
1495619034232946239,10,3,-263,1495619034.23
1495619034282782534,10,5,202,1495619034.28
1495619034283288045,10,3,202,1495619034.28
1495619034333037179,10,5,-263,1495619034.33
1495619034333118753,10,3,-263,1495619034.33
1495619034382579792,10,5,202,1495619034.38
1495619034382987176,10,3,202,1495619034.38
1495619034433056741,10,5,-263,1495619034.43
1495619034433904964,10,3,-263,1495619034.43
1495619034482555634,10,5,202,1495619034.48
1495619034483062751,10,3,202,1495619034.48
1495619034533021199,10,5,-263,1495619034.53
1495619034533101377,10,3,-263,1495619034.53
1495619034582702796,10,5,202,1495619034.58
1495619034583583355,10,3,202,1495619034.58
1495619034633130997,10,5,-211,1495619034.63
1495619034633516101,10,3,-211,1495619034.63
1495619034682751273,10,5,202,1495619034.68
1495619034683161451,10,3,202,1495619034.68
1495619034732983569,10,5,-263,1495619034.73
1495619034733956807,10,3,-263,1495619034.73
1495619034782611458,10,5,202,1495619034.78
1495619034783119553,10,3,202,1495619034.78
1495619034832596585,10,5,-191,1495619034.83
1495619034833510458,10,3,-191,1495619034.83
1495619034882931059,10,5,202,1495619034.88
1495619034883032678,10,3,202,1495619034.88
1495619034932819805,10,5,-263,1495619034.93
1495619034934465964,10,3,-263,1495619034.93
1495619034982720424,10,5,202,1495619034.98
1495619034982821973,10,3,202,1495619034.98
1495619035032684669,10,5,-263,1495619035.03
1495619035032787685,10,3,-263,1495619035.03
1495619035082554069,10,5,202,1495619035.08
1495619035083055390,10,3,202,1495619035.08
1495619035132762828,10,5,-122,1495619035.13
1495619035133050016,10,3,-122,1495619035.13
1495619035182819473,10,5,202,1495619035.18
1495619035182915505,10,3,202,1495619035.18
1495619035232765419,10,5,-263,1495619035.23
1495619035233146264,10,3,-263,1495619035.23
1495619035282850140,10,5,202,1495619035.28
1495619035282950712,10,3,202,1495619035.28
1495619035333018950,10,5,-263,1495619035.33
1495619035333120150,10,3,-263,1495619035.33
1495619035382849309,10,5,202,1495619035.38
1495619035382951697,10,3,202,1495619035.38
1495619035432770252,10,5,-263,1495619035.43
1495619035432995141,10,3,-263,1495619035.43
1495619035482928377,10,5,202,1495619035.48
1495619035483054929,10,3,202,1495619035.48
1495619035533029091,10,5,-263,1495619035.53
1495619035533149567,10,3,-263,1495619035.53
1495619035582801622,10,5,202,1495619035.58
1495619035583305247,10,3,202,1495619035.58
1495619035632755111,10,5,-208,1495619035.63
1495619035633030984,10,3,-208,1495619035.63
1495619035682755254,10,5,202,1495619035.68
1495619035682848772,10,3,202,1495619035.68
1495619035732503480,10,5,-263,1495619035.73
1495619035733722909,10,3,-263,1495619035.73
1495619035782882931,10,5,202,1495619035.78
1495619035783020309,10,3,202,1495619035.78
1495619035832764204,10,5,-225,1495619035.83
1495619035833031696,10,3,-225,1495619035.83
1495619035882786138,10,5,202,1495619035.88
1495619035882889433,10,3,202,1495619035.88
1495619035932752408,10,5,-263,1495619035.93
1495619035932969894,10,3,-263,1495619035.93
1495619035982762958,10,5,202,1495619035.98
1495619035982864996,10,3,202,1495619035.98
1495619036033059577,10,5,-109,1495619036.03
1495619036033140872,10,3,-109,1495619036.03
1495619036082804520,10,5,202,1495619036.08
1495619036082903625,10,3,202,1495619036.08
1495619036132696898,10,5,-263,1495619036.13
1495619036132791393,10,3,-263,1495619036.13
1495619036182762972,10,5,202,1495619036.18
1495619036182868153,10,3,202,1495619036.18
1495619036233017058,10,5,-263,1495619036.23
1495619036233097375,10,3,-263,1495619036.23
1495619036282742096,10,5,202,1495619036.28
1495619036282841829,10,3,202,1495619036.28
1495619036332819693,10,5,-263,1495619036.33
1495619036333017065,10,3,-263,1495619036.33
1495619036382950440,10,5,202,1495619036.38
1495619036383066167,10,3,202,1495619036.38
1495619036432712354,10,5,-263,1495619036.43
1495619036432816557,10,3,-263,1495619036.43
1495619036482746300,10,5,202,1495619036.48
1495619036482844148,10,3,202,1495619036.48
1495619036532512056,10,5,-263,1495619036.53
1495619036532602850,10,3,-263,1495619036.53
1495619036582858682,10,5,202,1495619036.58
1495619036582959323,10,3,202,1495619036.58
1495619036632800228,10,5,-125,1495619036.63
1495619036633124292,10,3,-125,1495619036.63
1495619036682664041,10,5,202,1495619036.68
1495619036683726467,10,3,202,1495619036.68
1495619036733043353,10,5,-263,1495619036.73
1495619036734192521,10,3,-263,1495619036.73
1495619036782522271,10,5,202,1495619036.78
1495619036783683382,10,3,202,1495619036.78
1495619036832722719,10,5,-263,1495619036.83
1495619036834067024,10,3,-263,1495619036.83
1495619036882649319,10,5,202,1495619036.88
1495619036883756792,10,3,202,1495619036.88
1495619036932477443,10,5,-263,1495619036.93
1495619036933746110,10,3,-263,1495619036.93
1495619036982602951,10,5,202,1495619036.98
1495619036983776983,10,3,202,1495619036.98
1495619037032573971,10,5,-263,1495619037.03
1495619037033840333,10,3,-263,1495619037.03
1495619037082685441,10,5,202,1495619037.08
1495619037083101136,10,3,202,1495619037.08
1495619037132565108,10,5,-220,1495619037.13
1495619037133586397,10,3,-220,1495619037.13
1495619037182625594,10,5,202,1495619037.18
1495619037183003575,10,3,202,1495619037.18
1495619037232521045,10,5,-263,1495619037.23
1495619037233462296,10,3,-263,1495619037.23
1495619037282648648,10,5,202,1495619037.28
1495619037283540452,10,3,202,1495619037.28
1495619037332741052,10,5,-152,1495619037.33
1495619037333748443,10,3,-152,1495619037.33
1495619037382580281,10,5,202,1495619037.38
1495619037383385411,10,3,202,1495619037.38
1495619037432788062,10,5,-263,1495619037.43
1495619037433728754,10,3,-263,1495619037.43
1495619037482674364,10,5,202,1495619037.48
1495619037483083704,10,3,202,1495619037.48
1495619037532999688,10,5,-263,1495619037.53
1495619037533434590,10,3,-263,1495619037.53
1495619037582595660,10,5,202,1495619037.58
1495619037583567990,10,3,202,1495619037.58
1495619037632600063,10,5,-263,1495619037.63
1495619037633522108,10,3,-263,1495619037.63
1495619037682733045,10,5,202,1495619037.68
1495619037683591115,10,3,202,1495619037.68
1495619037732674731,10,5,-234,1495619037.73
1495619037733182686,10,3,-234,1495619037.73
1495619037782679134,10,5,202,1495619037.78
1495619037783085541,10,3,202,1495619037.78
1495619037832663703,10,5,-260,1495619037.83
1495619037833212725,10,3,-260,1495619037.83
1495619037882704144,10,5,202,1495619037.88
1495619037883675637,10,3,202,1495619037.88
1495619037932587303,10,5,76,1495619037.93
1495619037933699246,10,3,76,1495619037.93
1495619037982596596,10,5,103,1495619037.98
1495619037983106367,10,3,103,1495619037.98
1495619038032508669,10,5,-263,1495619038.03
1495619038033018371,10,3,-263,1495619038.03
1495619038082645422,10,5,202,1495619038.08
1495619038083052806,10,3,202,1495619038.08
1495619038132536543,10,5,75,1495619038.13
1495619038133010625,10,3,75,1495619038.13
1495619038182726933,10,5,110,1495619038.18
1495619038183225740,10,3,110,1495619038.18
1495619038232772962,10,5,-263,1495619038.23
1495619038233740683,10,3,-263,1495619038.23
1495619038282583207,10,5,202,1495619038.28
1495619038283387150,10,3,202,1495619038.28
1495619038332507782,10,5,-148,1495619038.33
1495619038333445331,10,3,-148,1495619038.33
1495619038382663392,10,5,202,1495619038.38
1495619038383080763,10,3,202,1495619038.38
1495619038432564151,10,5,-263,1495619038.43
1495619038433037954,10,3,-263,1495619038.43
1495619038482625056,10,5,202,1495619038.48
1495619038483692929,10,3,202,1495619038.48
1495619038532552006,10,5,-263,1495619038.53
1495619038533026368,10,3,-263,1495619038.53
1495619038582577641,10,5,202,1495619038.58
1495619038583740428,10,3,202,1495619038.58
1495619038632475257,10,5,-263,1495619038.63
1495619038633727232,10,3,-263,1495619038.63
1495619038682564448,10,5,202,1495619038.68
1495619038683765788,10,3,202,1495619038.68
1495619038732565639,10,5,-263,1495619038.73
1495619038734495912,10,3,-263,1495619038.73
1495619038781793477,10,5,202,1495619038.78
1495619038782482321,10,3,202,1495619038.78
1495619038832634509,10,5,83,1495619038.83
1495619038833932998,10,3,83,1495619038.83
1495619038882563554,10,5,-110,1495619038.88
1495619038883696030,10,3,-110,1495619038.88
1495619038932502376,10,5,202,1495619038.93
1495619038932594846,10,3,202,1495619038.93
1495619038982764704,10,5,-263,1495619038.98
1495619038982865554,10,3,-263,1495619038.98
1495619039032744593,10,5,202,1495619039.03
1495619039032957469,10,3,202,1495619039.03
1495619039082688025,10,5,-263,1495619039.08
1495619039082785523,10,3,-263,1495619039.08
1495619039132793908,10,5,202,1495619039.13
1495619039133000359,10,3,202,1495619039.13
1495619039182601848,10,5,-263,1495619039.18
1495619039182698019,10,3,-263,1495619039.18
1495619039233062315,10,5,202,1495619039.23
1495619039233172105,10,3,202,1495619039.23
1495619039282885410,10,5,-263,1495619039.28
1495619039282984026,10,3,-263,1495619039.28
1495619039332801534,10,5,202,1495619039.33
1495619039333855160,10,3,202,1495619039.33
1495619039382963290,10,5,-263,1495619039.38
1495619039383068262,10,3,-263,1495619039.38
1495619039432586360,10,5,202,1495619039.43
1495619039432685256,10,3,202,1495619039.43
1495619039482836186,10,5,-160,1495619039.48
1495619039482936688,10,3,-160,1495619039.48
1495619039532965675,10,5,202,1495619039.53
1495619039533046901,10,3,202,1495619039.53
1495619039582619546,10,5,-263,1495619039.58
1495619039583051723,10,3,-263,1495619039.58
1495619039632749384,10,5,202,1495619039.63
1495619039633745949,10,3,202,1495619039.63
1495619039682947108,10,5,-263,1495619039.68
1495619039683049076,10,3,-263,1495619039.68
1495619039732066972,10,5,202,1495619039.73
1495619039732124731,10,3,202,1495619039.73
1495619039782787598,10,5,-263,1495619039.78
1495619039782885096,10,3,-263,1495619039.78
1495619039832755334,10,5,202,1495619039.83
1495619039834785481,10,3,202,1495619039.83
1495619039882820151,10,5,-191,1495619039.88
1495619039882894392,10,3,-191,1495619039.88
1495619039932950478,10,5,202,1495619039.93
1495619039933572624,10,3,202,1495619039.93
1495619039982758558,10,5,-263,1495619039.98
1495619039983147434,10,3,-263,1495619039.98
1495619040032649190,10,5,202,1495619040.03
1495619040033138707,10,3,202,1495619040.03
1495619040082662952,10,5,-263,1495619040.08
1495619040083053016,10,3,-263,1495619040.08
1495619040133001895,10,5,202,1495619040.13
1495619040133412632,10,3,202,1495619040.13
1495619040182710172,10,5,-168,1495619040.18
1495619040183085708,10,3,-168,1495619040.18
1495619040231414899,10,5,202,1495619040.23
1495619040231463648,10,3,202,1495619040.23
1495619040282918934,10,5,-263,1495619040.28
1495619040283025861,10,3,-263,1495619040.28
1495619040333057852,10,5,202,1495619040.33
1495619040333158004,10,3,202,1495619040.33
1495619040382899316,10,5,-263,1495619040.38
1495619040383004148,10,3,-263,1495619040.38
1495619040433007783,10,5,202,1495619040.43
1495619040433154938,10,3,202,1495619040.43
1495619040482912453,10,5,-263,1495619040.48
1495619040483010650,10,3,-263,1495619040.48
1495619040533030279,10,5,202,1495619040.53
1495619040533127428,10,3,202,1495619040.53
1495619040582929152,10,5,-137,1495619040.58
1495619040583029863,10,3,-137,1495619040.58
1495619040633204819,10,5,202,1495619040.63
1495619040633299803,10,3,202,1495619040.63
1495619040682820695,10,5,-263,1495619040.68
1495619040682919730,10,3,-263,1495619040.68
1495619040732728508,10,5,202,1495619040.73
1495619040732900947,10,3,202,1495619040.73
1495619040783111312,10,5,-263,1495619040.78
1495619040783214537,10,3,-263,1495619040.78
1495619040832776636,10,5,202,1495619040.83
1495619040833003271,10,3,202,1495619040.83
1495619040882944189,10,5,-263,1495619040.88
1495619040883049789,10,3,-263,1495619040.88
1495619040933031145,10,5,202,1495619040.93
1495619040933132415,10,3,202,1495619040.93
1495619040982959980,10,5,-263,1495619040.98
1495619040983059574,10,3,-263,1495619040.98
1495619041032798790,10,5,202,1495619041.03
1495619041033868758,10,3,202,1495619041.03
1495619041082812971,10,5,-167,1495619041.08
1495619041082915009,10,3,-167,1495619041.08
1495619041132780289,10,5,202,1495619041.13
1495619041132995889,10,3,202,1495619041.13
1495619041182834349,10,5,-263,1495619041.18
1495619041182940508,10,3,-263,1495619041.18
1495619041232725121,10,5,202,1495619041.23
1495619041232819686,10,3,202,1495619041.23
1495619041282999391,10,5,-263,1495619041.28
1495619041283121404,10,3,-263,1495619041.28
1495619041333021674,10,5,202,1495619041.33
1495619041333136703,10,3,202,1495619041.33
1495619041382789805,10,5,202,1495619041.38
1495619041382892890,10,3,-263,1495619041.38
1495619041432800983,10,5,149,1495619041.43
1495619041433808653,10,3,-263,1495619041.43
1495619041482785761,10,5,-182,1495619041.48
1495619041483197685,10,3,202,1495619041.48
1495619041532779758,10,5,202,1495619041.53
1495619041532988723,10,3,-263,1495619041.53
1495619041582632187,10,5,202,1495619041.58
1495619041583426212,10,3,-213,1495619041.58
1495619041632605022,10,5,-263,1495619041.63
1495619041633503111,10,3,202,1495619041.63
1495619041682885369,10,5,202,1495619041.68
1495619041682981191,10,3,-263,1495619041.68
1495619041733072407,10,5,202,1495619041.73
1495619041733172140,10,3,110,1495619041.73
1495619041782667610,10,5,-263,1495619041.78
1495619041783070455,10,3,-263,1495619041.78
1495619041832622985,10,5,202,1495619041.83
1495619041833127379,10,3,202,1495619041.83
1495619041883123541,10,5,-100,1495619041.88
1495619041883237383,10,3,-263,1495619041.88
1495619041932608256,10,5,202,1495619041.93
1495619041933096516,10,3,202,1495619041.93
1495619041982964799,10,5,-263,1495619041.98
1495619041983063834,10,3,-263,1495619041.98
1495619042033047215,10,5,202,1495619042.03
1495619042033148276,10,3,153,1495619042.03
1495619042082797396,10,5,-141,1495619042.08
1495619042083575498,10,3,-263,1495619042.08
1495619042133063844,10,5,202,1495619042.13
1495619042133166930,10,3,202,1495619042.13
1495619042182664705,10,5,-263,1495619042.18
1495619042183452305,10,3,-263,1495619042.18
1495619042232624201,10,5,202,1495619042.23
1495619042233505528,10,3,202,1495619042.23
1495619042283085296,10,5,-136,1495619042.28
1495619042283183214,10,3,-263,1495619042.28
1495619042332994017,10,5,202,1495619042.33
1495619042333399027,10,3,202,1495619042.33
1495619042383007221,10,5,-263,1495619042.38
1495619042383102694,10,3,-263,1495619042.38
1495619042433045357,10,5,202,1495619042.43
1495619042433383948,10,3,202,1495619042.43
1495619042482825989,10,5,-263,1495619042.48
1495619042482932218,10,3,-263,1495619042.48
1495619042532741625,10,5,202,1495619042.53
1495619042533032514,10,3,202,1495619042.53
1495619042582978460,10,5,108,1495619042.58
1495619042583080498,10,3,-263,1495619042.58
1495619042632773479,10,5,-204,1495619042.63
1495619042633008425,10,3,202,1495619042.63
1495619042682753508,10,5,202,1495619042.68
1495619042682857642,10,3,-263,1495619042.68
1495619042732730115,10,5,-263,1495619042.73
1495619042733007105,10,3,202,1495619042.73
1495619042782845147,10,5,202,1495619042.78
1495619042782943344,10,3,-263,1495619042.78
1495619042832778033,10,5,-167,1495619042.83
1495619042832999500,10,3,202,1495619042.83
1495619042882788233,10,5,202,1495619042.88
1495619042882888735,10,3,-263,1495619042.88
1495619042932783837,10,5,-263,1495619042.93
1495619042932998808,10,3,202,1495619042.93
1495619042982643040,10,5,202,1495619042.98
1495619042982729853,10,3,-263,1495619042.98
1495619043032770085,10,5,-263,1495619043.03
1495619043032989876,10,3,202,1495619043.03
1495619043082667142,10,5,202,1495619043.08
1495619043082761568,10,3,-179,1495619043.08
1495619043132741597,10,5,-263,1495619043.13
1495619043133021451,10,3,202,1495619043.13
1495619043183171753,10,5,202,1495619043.18
1495619043183275467,10,3,-263,1495619043.18
1495619043232793426,10,5,-263,1495619043.23
1495619043237048995,10,3,202,1495619043.23
1495619043282838617,10,5,202,1495619043.28
1495619043282944287,10,3,-263,1495619043.28
1495619043332609681,10,5,-213,1495619043.33
1495619043333976405,10,3,202,1495619043.33
1495619043382808592,10,5,202,1495619043.38
1495619043383966072,10,3,119,1495619043.38
1495619043432732399,10,5,-263,1495619043.43
1495619043433852234,10,3,-263,1495619043.43
1495619043482630713,10,5,202,1495619043.48
1495619043483840993,10,3,202,1495619043.48
1495619043532758317,10,5,-263,1495619043.53
1495619043534036203,10,3,-139,1495619043.53
1495619043582800155,10,5,202,1495619043.58
1495619043583963292,10,3,202,1495619043.58
1495619043632659079,10,5,-263,1495619043.63
1495619043633955194,10,3,-263,1495619043.63
1495619043682741705,10,5,202,1495619043.68
1495619043684005553,10,3,202,1495619043.68
1495619043732933423,10,5,-263,1495619043.73
1495619043734288972,10,3,-263,1495619043.73
1495619043782022277,10,5,202,1495619043.78
1495619043782073540,10,3,202,1495619043.78
1495619043833025411,10,5,-219,1495619043.83
1495619043834115843,10,3,-209,1495619043.83
1495619043882616144,10,5,202,1495619043.88
1495619043883731929,10,3,202,1495619043.88
1495619043932553430,10,5,-263,1495619043.93
1495619043933900320,10,3,-263,1495619043.93
1495619043982758278,10,5,202,1495619043.98
1495619043984023872,10,3,202,1495619043.98
1495619044032528155,10,5,-263,1495619044.03
1495619044034168447,10,3,135,1495619044.03
1495619044082849777,10,5,202,1495619044.08
1495619044084015149,10,3,-263,1495619044.08
1495619044132627756,10,5,-263,1495619044.13
1495619044134360937,10,3,202,1495619044.13
1495619044183295721,10,5,202,1495619044.18
1495619044183383512,10,3,-121,1495619044.18
1495619044232587883,10,5,-230,1495619044.23
1495619044233827915,10,3,202,1495619044.23
1495619044282846299,10,5,202,1495619044.28
1495619044282946941,10,3,-263,1495619044.28
1495619044332762843,10,5,-263,1495619044.33
1495619044333046678,10,3,202,1495619044.33
1495619044382808522,10,5,202,1495619044.38
1495619044382907837,10,3,-263,1495619044.38
1495619044432720805,10,5,-248,1495619044.43
1495619044432800284,10,3,202,1495619044.43
1495619044482734847,10,5,202,1495619044.48
1495619044484023139,10,3,-263,1495619044.48
1495619044532590418,10,5,-262,1495619044.53
1495619044532714387,10,3,202,1495619044.53
1495619044582784581,10,5,202,1495619044.58
1495619044582891228,10,3,80,1495619044.58
1495619044632679962,10,5,-243,1495619044.63
1495619044632801416,10,3,-113,1495619044.63
1495619044682724524,10,5,202,1495619044.68
1495619044682831870,10,3,202,1495619044.68
1495619044733030572,10,5,-263,1495619044.73
1495619044733143296,10,3,-263,1495619044.73
1495619044782758893,10,5,202,1495619044.78
1495619044782859814,10,3,202,1495619044.78
1495619044832611322,10,5,-207,1495619044.83
1495619044833686040,10,3,-263,1495619044.83
1495619044882690246,10,5,202,1495619044.88
1495619044883579046,10,3,202,1495619044.88
1495619044932607348,10,5,-263,1495619044.93
1495619044933647843,10,3,-263,1495619044.93
1495619044982726780,10,5,202,1495619044.98
1495619044983612577,10,3,202,1495619044.98
1495619045032560910,10,5,-263,1495619045.03
1495619045033585901,10,3,-165,1495619045.03
1495619045082640533,10,5,202,1495619045.08
1495619045083193047,10,3,202,1495619045.08
1495619045132646194,10,5,-263,1495619045.13
1495619045133650581,10,3,-263,1495619045.13
1495619045182594165,10,5,202,1495619045.18
1495619045183393569,10,3,202,1495619045.18
1495619045232693344,10,5,-229,1495619045.23
1495619045232794264,10,3,-263,1495619045.23
1495619045282736020,10,5,202,1495619045.28
1495619045283135931,10,3,202,1495619045.28
1495619045332723452,10,5,-263,1495619045.33
1495619045333693059,10,3,73,1495619045.33
1495619045382723037,10,5,202,1495619045.38
1495619045383144599,10,3,202,1495619045.38
1495619045432580424,10,5,-263,1495619045.43
1495619045433008900,10,3,-263,1495619045.43
1495619045482807691,10,5,202,1495619045.48
1495619045483702358,10,3,202,1495619045.48
1495619045533057517,10,5,-137,1495619045.53
1495619045533159555,10,3,-263,1495619045.53
1495619045582575336,10,5,202,1495619045.58
1495619045582984746,10,3,202,1495619045.58
1495619045632626324,10,5,-263,1495619045.63
1495619045633116260,10,3,-263,1495619045.63
1495619045682568778,10,5,202,1495619045.68
1495619045683459254,10,3,202,1495619045.68
1495619045733017232,10,5,-263,1495619045.73
1495619045733114452,10,3,-263,1495619045.73
1495619045782920436,10,5,202,1495619045.78
1495619045783022684,10,3,202,1495619045.78
1495619045832900395,10,5,-263,1495619045.83
1495619045833011233,10,3,-178,1495619045.83
1495619045882702398,10,5,202,1495619045.88
1495619045883220900,10,3,202,1495619045.88
1495619045932681031,10,5,-263,1495619045.93
1495619045933667678,10,3,-263,1495619045.93
1495619045982786355,10,5,202,1495619045.98
1495619045983297313,10,3,202,1495619045.98
1495619046032798860,10,5,-263,1495619046.03
1495619046033000003,10,3,-263,1495619046.03
1495619046082732933,10,5,202,1495619046.08
1495619046082837765,10,3,202,1495619046.08
1495619046132567832,10,5,-263,1495619046.13
1495619046133672442,10,3,114,1495619046.13
1495619046182603175,10,5,202,1495619046.18
1495619046183020127,10,3,-263,1495619046.18
1495619046233096677,10,5,-201,1495619046.23
1495619046233197807,10,3,202,1495619046.23
1495619046282666738,10,5,202,1495619046.28
1495619046283178115,10,3,96,1495619046.28
1495619046332555903,10,5,-263,1495619046.33
1495619046333007287,10,3,-263,1495619046.33
1495619046382707392,10,5,202,1495619046.38
1495619046383116592,10,3,202,1495619046.38
1495619046432935358,10,5,-263,1495619046.43
1495619046433014627,10,3,128,1495619046.43
1495619046482756917,10,5,202,1495619046.48
1495619046482874320,10,3,-263,1495619046.48
1495619046532521415,10,5,-252,1495619046.53
1495619046532620241,10,3,202,1495619046.53
1495619046582817965,10,5,202,1495619046.58
1495619046582925451,10,3,-177,1495619046.58
1495619046632562140,10,5,-202,1495619046.63
1495619046632650349,10,3,202,1495619046.63
1495619046683025191,10,5,202,1495619046.68
1495619046683120804,10,3,-263,1495619046.68
1495619046732505156,10,5,-263,1495619046.73
1495619046732957937,10,3,202,1495619046.73
1495619046783014861,10,5,202,1495619046.78
1495619046783108379,10,3,-263,1495619046.78
1495619046832774262,10,5,-263,1495619046.83
1495619046832978059,10,3,202,1495619046.83
1495619046882707916,10,5,202,1495619046.88
1495619046883338513,10,3,-197,1495619046.88
1495619046933004046,10,5,-172,1495619046.93
1495619046933077031,10,3,202,1495619046.93
1495619046982959561,10,5,202,1495619046.98
1495619046983452641,10,3,-263,1495619046.98
1495619047032824561,10,5,-263,1495619047.03
1495619047037118403,10,3,202,1495619047.03
1495619047082671892,10,5,202,1495619047.08
1495619047082776654,10,3,-263,1495619047.08
1495619047132978499,10,5,-263,1495619047.13
1495619047133060353,10,3,202,1495619047.13
1495619047182592838,10,5,202,1495619047.18
1495619047183663994,10,3,97,1495619047.18
1495619047232514759,10,5,-263,1495619047.23
1495619047232611350,10,3,-263,1495619047.23
1495619047282744122,10,5,202,1495619047.28
1495619047282838896,10,3,202,1495619047.28
1495619047332565541,10,5,-263,1495619047.33
1495619047332657033,10,3,84,1495619047.33
1495619047382768922,10,5,202,1495619047.38
1495619047383152910,10,3,105,1495619047.38
1495619047432582100,10,5,-96,1495619047.43
1495619047433054227,10,3,-263,1495619047.43
1495619047482858675,10,5,202,1495619047.48
1495619047482963367,10,3,202,1495619047.48
1495619047532708380,10,5,-263,1495619047.53
1495619047532808184,10,3,-199,1495619047.53
1495619047582816079,10,5,202,1495619047.58
1495619047582913647,10,3,202,1495619047.58
1495619047633213130,10,5,-263,1495619047.63
1495619047633309651,10,3,-263,1495619047.63
1495619047682813362,10,5,202,1495619047.68
1495619047682912746,10,3,202,1495619047.68
1495619047737002376,10,5,-263,1495619047.73
1495619047737373373,10,3,-200,1495619047.73
1495619047782897319,10,5,202,1495619047.78
1495619047783003896,10,3,202,1495619047.78
1495619047832799614,10,5,-263,1495619047.83
1495619047833035817,10,3,-263,1495619047.83
1495619047882981135,10,5,202,1495619047.88
1495619047883085827,10,3,202,1495619047.88
1495619047932782161,10,5,-263,1495619047.93
1495619047932989240,10,3,-238,1495619047.93
1495619047982820228,10,5,202,1495619047.98
1495619047982920310,10,3,202,1495619047.98
1495619048032797253,10,5,-263,1495619048.03
1495619048032992809,10,3,-217,1495619048.03
1495619048082816463,10,5,202,1495619048.08
1495619048082913124,10,3,202,1495619048.08
1495619048132713451,10,5,-263,1495619048.13
1495619048132812905,10,3,-263,1495619048.13
1495619048182957200,10,5,202,1495619048.18
1495619048183056585,10,3,202,1495619048.18
1495619048232593331,10,5,72,1495619048.23
1495619048233063921,10,3,-183,1495619048.23
1495619048283198300,10,5,156,1495619048.28
1495619048283301735,10,3,202,1495619048.28
1495619048333307954,10,5,-263,1495619048.33
1495619048333403846,10,3,-263,1495619048.33
1495619048382824935,10,5,202,1495619048.38
1495619048385022561,10,3,202,1495619048.38
1495619048433235466,10,5,-263,1495619048.43
1495619048433333942,10,3,-263,1495619048.43
1495619048482850294,10,5,202,1495619048.48
1495619048482946745,10,3,202,1495619048.48
1495619048533025320,10,5,-263,1495619048.53
1495619048533127358,10,3,-235,1495619048.53
1495619048582684987,10,5,202,1495619048.58
1495619048583359794,10,3,202,1495619048.58
1495619048633024559,10,5,-225,1495619048.63
1495619048633133791,10,3,-254,1495619048.63
1495619048683054594,10,5,202,1495619048.68
1495619048683159356,10,3,202,1495619048.68
1495619048733045728,10,5,-263,1495619048.73
1495619048733142807,10,3,-143,1495619048.73
1495619048782709585,10,5,202,1495619048.78
1495619048782809598,10,3,202,1495619048.78
1495619048832773005,10,5,-138,1495619048.83
1495619048833768383,10,3,-263,1495619048.83
1495619048882632348,10,5,202,1495619048.88
1495619048883875942,10,3,202,1495619048.88
1495619048932586046,10,5,-263,1495619048.93
1495619048933558866,10,3,-263,1495619048.93
1495619048982711974,10,5,202,1495619048.98
1495619048983893269,10,3,202,1495619048.98
1495619049033171533,10,5,-263,1495619049.03
1495619049033957806,10,3,-263,1495619049.03
1495619049082795022,10,5,202,1495619049.08
1495619049083171606,10,3,202,1495619049.08
1495619049132751514,10,5,-263,1495619049.13
1495619049132970118,10,3,-263,1495619049.13
1495619049182848597,10,5,202,1495619049.18
1495619049182949378,10,3,202,1495619049.18
1495619049232681401,10,5,-263,1495619049.23
1495619049233796207,10,3,-176,1495619049.23
1495619049282688738,10,5,202,1495619049.28
1495619049283096681,10,3,202,1495619049.28
1495619049332566589,10,5,-118,1495619049.33
1495619049333054570,10,3,-263,1495619049.33
1495619049382645303,10,5,202,1495619049.38
1495619049383521811,10,3,202,1495619049.38
1495619049432575186,10,5,-263,1495619049.43
1495619049433042774,10,3,-263,1495619049.43
1495619049482774098,10,5,202,1495619049.48
1495619049483655145,10,3,202,1495619049.48
1495619049532687149,10,5,-263,1495619049.53
1495619049533198736,10,3,-263,1495619049.53
1495619049582710689,10,5,202,1495619049.58
1495619049583500314,10,3,202,1495619049.58
1495619049632644133,10,5,-263,1495619049.63
1495619049633135676,10,3,74,1495619049.63
1495619049682728226,10,5,202,1495619049.68
1495619049683509959,10,3,168,1495619049.68
1495619049732608940,10,5,-263,1495619049.73
1495619049733090077,10,3,-263,1495619049.73
1495619049782709585,10,5,202,1495619049.78
1495619049783482239,10,3,202,1495619049.78
1495619049832658535,10,5,-263,1495619049.83
1495619049833646998,10,3,-263,1495619049.83
1495619049882932735,10,5,202,1495619049.88
1495619049883732767,10,3,202,1495619049.88
1495619049933007888,10,5,71,1495619049.93
1495619049933572205,10,3,-263,1495619049.93
1495619049982937282,10,5,190,1495619049.98
1495619049983326298,10,3,202,1495619049.98
1495619050032684949,10,5,-263,1495619050.03
1495619050033233342,10,3,-263,1495619050.03
1495619050082824914,10,5,202,1495619050.08
1495619050083725797,10,3,202,1495619050.08
1495619050132604638,10,5,-263,1495619050.13
1495619050133106308,10,3,-216,1495619050.13
1495619050182784413,10,5,202,1495619050.18
1495619050183570058,10,3,202,1495619050.18
1495619050232800061,10,5,-263,1495619050.23
1495619050233670633,10,3,-263,1495619050.23
1495619050282854192,10,5,202,1495619050.28
1495619050283756541,10,3,202,1495619050.28
1495619050333048843,10,5,-263,1495619050.33
1495619050333145224,10,3,-143,1495619050.33
1495619050382645094,10,5,202,1495619050.38
1495619050383654021,10,3,202,1495619050.38
1495619050432645586,10,5,-263,1495619050.43
1495619050432741408,10,3,-263,1495619050.43
1495619050482970491,10,5,202,1495619050.48
1495619050483528034,10,3,202,1495619050.48
1495619050532562063,10,5,-222,1495619050.53
1495619050533011631,10,3,-263,1495619050.53
1495619050583200067,10,5,202,1495619050.58
1495619050583689165,10,3,202,1495619050.58
1495619050632581137,10,5,-263,1495619050.63
1495619050633653270,10,3,-263,1495619050.63
1495619050682904645,10,5,202,1495619050.68
1495619050684229394,10,3,202,1495619050.68
1495619050732621233,10,5,-96,1495619050.73
1495619050732723969,10,3,-263,1495619050.73
1495619050782801357,10,5,202,1495619050.78
1495619050782901160,10,3,202,1495619050.78
1495619050832718249,10,5,-263,1495619050.83
1495619050832957665,10,3,-230,1495619050.83
1495619050882785440,10,5,202,1495619050.88
1495619050882858703,10,3,202,1495619050.88
1495619050932455723,10,5,-263,1495619050.93
1495619050933476243,10,3,-243,1495619050.93
1495619050982777904,10,5,202,1495619050.98
1495619050982869047,10,3,202,1495619050.98
1495619051033041628,10,5,-263,1495619051.03
1495619051033121527,10,3,-168,1495619051.03
1495619051082645562,10,5,202,1495619051.08
1495619051083478070,10,3,202,1495619051.08
1495619051132680346,10,5,-263,1495619051.13
1495619051133610213,10,3,-263,1495619051.13
1495619051182969493,10,5,202,1495619051.18
1495619051183070274,10,3,202,1495619051.18
1495619051232520766,10,5,-263,1495619051.23
1495619051232601293,10,3,-263,1495619051.23
1495619051282760604,10,5,202,1495619051.28
1495619051282861315,10,3,202,1495619051.28
1495619051332508760,10,5,-263,1495619051.33
1495619051332604093,10,3,-263,1495619051.33
1495619051382832338,10,5,202,1495619051.38
1495619051382934865,10,3,202,1495619051.38
1495619051432669193,10,5,-147,1495619051.43
1495619051433806698,10,3,-130,1495619051.43
1495619051482657114,10,5,202,1495619051.48
1495619051483860619,10,3,202,1495619051.48
1495619051532977828,10,5,-263,1495619051.53
1495619051533460711,10,3,-263,1495619051.53
1495619051582965749,10,5,202,1495619051.58
1495619051583063527,10,3,202,1495619051.58
1495619051633077708,10,5,-263,1495619051.63
1495619051633159702,10,3,-263,1495619051.63
1495619051682910023,10,5,202,1495619051.68
1495619051683017369,10,3,202,1495619051.68
1495619051732773207,10,5,-263,1495619051.73
1495619051732995023,10,3,-263,1495619051.73
1495619051783093363,10,5,202,1495619051.78
1495619051783200220,10,3,202,1495619051.78
1495619051832994681,10,5,-235,1495619051.83
1495619051833087919,10,3,-263,1495619051.83
1495619051882995522,10,5,202,1495619051.88
1495619051883093161,10,3,202,1495619051.88
1495619051932736904,10,5,-236,1495619051.93
1495619051932944961,10,3,-263,1495619051.93
1495619051982836291,10,5,202,1495619051.98
1495619051982937771,10,3,202,1495619051.98
1495619052032737190,10,5,-240,1495619052.03
1495619052032956352,10,3,-124,1495619052.03
1495619052082821422,10,5,202,1495619052.08
1495619052082920527,10,3,202,1495619052.08
1495619052132764435,10,5,-245,1495619052.13
1495619052133043940,10,3,-263,1495619052.13
1495619052182852508,10,5,202,1495619052.18
1495619052182949658,10,3,202,1495619052.18
1495619052233198226,10,5,-147,1495619052.23
1495619052233298588,10,3,-263,1495619052.23
1495619052283020065,10,5,202,1495619052.28
1495619052283120636,10,3,202,1495619052.28
1495619052332721497,10,5,-263,1495619052.33
1495619052332820043,10,3,-263,1495619052.33
1495619052383144459,10,5,202,1495619052.38
1495619052383244332,10,3,202,1495619052.38
1495619052436989435,10,5,-263,1495619052.43
1495619052437080647,10,3,-263,1495619052.43
1495619052482889336,10,5,202,1495619052.48
1495619052482996472,10,3,202,1495619052.48
1495619052533074000,10,5,-263,1495619052.53
1495619052533158787,10,3,-263,1495619052.53
1495619052583190079,10,5,202,1495619052.58
1495619052583301337,10,3,202,1495619052.58
