%time,field.DevID,field.MsgID,field.Data,field.Time
1495619586938440785,10,5,202,1495619586.94
1495619586938567896,10,3,202,1495619586.94
1495619586987940516,10,5,202,1495619586.99
1495619586987993455,10,3,202,1495619586.99
1495619587038070075,10,5,202,1495619587.04
1495619587038128043,10,3,202,1495619587.04
1495619587087818440,10,5,202,1495619587.09
1495619587087868516,10,3,202,1495619587.09
1495619587137947650,10,5,202,1495619587.14
1495619587138006386,10,3,202,1495619587.14
1495619587187987533,10,5,202,1495619587.19
1495619587188048365,10,3,202,1495619587.19
1495619587238127149,10,5,202,1495619587.24
1495619587238181346,10,3,202,1495619587.24
1495619587287779902,10,5,202,1495619587.29
1495619587288702714,10,3,202,1495619587.29
1495619587337868604,10,5,202,1495619587.34
1495619587339007156,10,3,202,1495619587.34
1495619587387557534,10,5,202,1495619587.39
1495619587388533426,10,3,202,1495619587.39
1495619587437945226,10,5,202,1495619587.44
1495619587438793030,10,3,202,1495619587.44
1495619587488340043,10,5,202,1495619587.49
1495619587489593973,10,3,202,1495619587.49
1495619587537498878,10,5,202,1495619587.54
1495619587538274814,10,3,202,1495619587.54
1495619587588193802,10,5,202,1495619587.59
1495619587589170463,10,3,202,1495619587.59
1495619587638599723,10,5,202,1495619587.64
1495619587639520999,10,3,202,1495619587.64
1495619587687945034,10,5,202,1495619587.69
1495619587689065009,10,3,202,1495619587.69
1495619587738021025,10,5,202,1495619587.74
1495619587739055584,10,3,202,1495619587.74
1495619587788303327,10,5,202,1495619587.79
1495619587789671867,10,3,202,1495619587.79
1495619587837981223,10,5,202,1495619587.84
1495619587839265953,10,3,202,1495619587.84
1495619587887951264,10,5,202,1495619587.89
1495619587889209664,10,3,202,1495619587.89
1495619587938155274,10,5,202,1495619587.94
1495619587939111401,10,3,202,1495619587.94
1495619587988551347,10,5,202,1495619587.99
1495619587989565792,10,3,202,1495619587.99
1495619588038431433,10,5,202,1495619588.04
1495619588038493453,10,3,202,1495619588.04
1495619588087740008,10,5,202,1495619588.09
1495619588087793507,10,3,202,1495619588.09
1495619588138061072,10,5,202,1495619588.14
1495619588138118202,10,3,202,1495619588.14
1495619588187674504,10,5,202,1495619588.19
1495619588187730028,10,3,202,1495619588.19
1495619588239238603,10,5,202,1495619588.24
1495619588239308864,10,3,202,1495619588.24
1495619588288013311,10,5,202,1495619588.29
1495619588288092511,10,3,202,1495619588.29
1495619588338155442,10,5,202,1495619588.34
1495619588338233524,10,3,202,1495619588.34
1495619588387238010,10,5,202,1495619588.39
1495619588387299750,10,3,202,1495619588.39
1495619588437988319,10,5,202,1495619588.44
1495619588438083023,10,3,202,1495619588.44
1495619588487279154,10,5,202,1495619588.49
1495619588487341941,10,3,202,1495619588.49
1495619588538324053,10,5,202,1495619588.54
1495619588538412541,10,3,202,1495619588.54
1495619588588476729,10,5,202,1495619588.59
1495619588588571574,10,3,202,1495619588.59
1495619588638551463,10,5,202,1495619588.64
1495619588638656364,10,3,202,1495619588.64
1495619588688544971,10,5,202,1495619588.69
1495619588688648685,10,3,202,1495619588.69
1495619588738263793,10,5,202,1495619588.74
1495619588738367159,10,3,202,1495619588.74
1495619588788084724,10,5,202,1495619588.79
1495619588789157765,10,3,202,1495619588.79
1495619588838209953,10,5,202,1495619588.84
1495619588839134512,10,3,202,1495619588.84
1495619588888044083,10,5,202,1495619588.89
1495619588888773506,10,3,202,1495619588.89
1495619588938473122,10,5,202,1495619588.94
1495619588939288309,10,3,202,1495619588.94
1495619588988107506,10,5,202,1495619588.99
1495619588988676782,10,3,202,1495619588.99
1495619589037538932,10,5,202,1495619589.04
1495619589037850075,10,3,202,1495619589.04
1495619589088047240,10,5,202,1495619589.09
1495619589089012726,10,3,202,1495619589.09
1495619589138390723,10,5,202,1495619589.14
1495619589138905872,10,3,202,1495619589.14
1495619589188024549,10,5,202,1495619589.19
1495619589189054987,10,3,202,1495619589.19
1495619589238878711,10,5,202,1495619589.24
1495619589238977327,10,3,202,1495619589.24
1495619589288539426,10,5,-121,1495619589.29
1495619589288640137,10,3,-121,1495619589.29
1495619589338370064,10,5,-252,1495619589.34
1495619589338471124,10,3,-252,1495619589.34
1495619589387878315,10,5,-195,1495619589.39
1495619589388183731,10,3,-195,1495619589.39
1495619589438163131,10,5,-197,1495619589.44
1495619589438951570,10,3,-197,1495619589.44
1495619589488207414,10,5,-184,1495619589.49
1495619589489023090,10,3,-184,1495619589.49
1495619589538429024,10,5,-174,1495619589.54
1495619589538821392,10,3,-174,1495619589.54
1495619589588318050,10,5,-166,1495619589.59
1495619589588426094,10,3,-166,1495619589.59
1495619589638553139,10,5,-158,1495619589.64
1495619589639440123,10,3,-158,1495619589.64
1495619589688180609,10,5,-151,1495619589.69
1495619589688567879,10,3,-151,1495619589.69
1495619589738269590,10,5,-144,1495619589.74
1495619589738656930,10,3,-144,1495619589.74
1495619589788089962,10,5,-139,1495619589.79
1495619589788474788,10,3,-139,1495619589.79
1495619589838161343,10,5,-133,1495619589.84
1495619589838554061,10,3,-133,1495619589.84
1495619589888108896,10,5,-129,1495619589.89
1495619589888502591,10,3,-129,1495619589.89
1495619589938617274,10,5,-123,1495619589.94
1495619589939392303,10,3,-123,1495619589.94
1495619589988067138,10,5,-121,1495619589.99
1495619589989058535,10,3,-121,1495619589.99
1495619590038223935,10,5,-116,1495619590.04
1495619590038617700,10,3,-116,1495619590.04
1495619590088196351,10,5,-113,1495619590.09
1495619590088593958,10,3,-113,1495619590.09
1495619590138312291,10,5,-110,1495619590.14
1495619590138821853,10,3,-110,1495619590.14
1495619590188133780,10,5,-107,1495619590.19
1495619590188530758,10,3,-107,1495619590.19
1495619590238194825,10,5,-105,1495619590.24
1495619590238984521,10,3,-105,1495619590.24
1495619590288359584,10,5,-102,1495619590.29
1495619590289443940,10,3,-102,1495619590.29
1495619590338598096,10,5,-101,1495619590.34
1495619590339113105,10,3,-101,1495619590.34
1495619590388472595,10,5,-98,1495619590.39
1495619590388975522,10,3,-98,1495619590.39
1495619590438290731,10,5,-97,1495619590.44
1495619590439171989,10,3,-97,1495619590.44
1495619590488674233,10,5,-95,1495619590.49
1495619590488782068,10,3,-95,1495619590.49
1495619590538241989,10,5,-94,1495619590.54
1495619590538643367,10,3,-94,1495619590.54
1495619590588740939,10,5,-92,1495619590.59
1495619590589331237,10,3,-92,1495619590.59
1495619590638402980,10,5,-92,1495619590.64
1495619590638505507,10,3,-92,1495619590.64
1495619590688151555,10,5,71,1495619590.69
1495619590688249542,10,3,71,1495619590.69
1495619590738517597,10,5,72,1495619590.74
1495619590738623057,10,3,72,1495619590.74
1495619590788179568,10,5,72,1495619590.79
1495619590788278464,10,3,72,1495619590.79
1495619590838426321,10,5,74,1495619590.84
1495619590838523401,10,3,74,1495619590.84
1495619590888774903,10,5,74,1495619590.89
1495619590888962287,10,3,74,1495619590.89
1495619590938452588,10,5,74,1495619590.94
1495619590938559096,10,3,74,1495619590.94
1495619590988568249,10,5,75,1495619590.99
1495619590988735240,10,3,75,1495619590.99
1495619591038223027,10,5,75,1495619591.04
1495619591039090177,10,3,75,1495619591.04
1495619591088387926,10,5,76,1495619591.09
1495619591088490523,10,3,76,1495619591.09
1495619591138252856,10,5,76,1495619591.14
1495619591139023345,10,3,76,1495619591.14
1495619591188408396,10,5,76,1495619591.19
1495619591188512669,10,3,76,1495619591.19
1495619591238674565,10,5,77,1495619591.24
1495619591238780444,10,3,77,1495619591.24
1495619591288492492,10,5,77,1495619591.29
1495619591288589572,10,3,77,1495619591.29
1495619591338337308,10,5,77,1495619591.34
1495619591338437880,10,3,77,1495619591.34
1495619591388284233,10,5,77,1495619591.39
1495619591388384804,10,3,77,1495619591.39
1495619591438395703,10,5,78,1495619591.44
1495619591438497392,10,3,78,1495619591.44
1495619591488265173,10,5,77,1495619591.49
1495619591488369935,10,3,77,1495619591.49
1495619591538531062,10,5,78,1495619591.54
1495619591538653564,10,3,78,1495619591.54
1495619591588263783,10,5,78,1495619591.59
1495619591588373574,10,3,78,1495619591.59
1495619591638339983,10,5,79,1495619591.64
1495619591638447329,10,3,79,1495619591.64
1495619591688334400,10,5,78,1495619591.69
1495619591688437625,10,3,78,1495619591.69
1495619591738388251,10,5,78,1495619591.74
1495619591738493781,10,3,78,1495619591.74
1495619591788231600,10,5,79,1495619591.79
1495619591789171664,10,3,79,1495619591.79
1495619591838133686,10,5,78,1495619591.84
1495619591839386918,10,3,78,1495619591.84
1495619591888297048,10,5,79,1495619591.89
1495619591889434484,10,3,79,1495619591.89
1495619591939104417,10,5,78,1495619591.94
1495619591939200379,10,3,78,1495619591.94
1495619591988379748,10,5,79,1495619591.99
1495619591988491773,10,3,79,1495619591.99
1495619592038414392,10,5,79,1495619592.04
1495619592038512799,10,3,79,1495619592.04
1495619592088277018,10,5,79,1495619592.09
1495619592088377729,10,3,79,1495619592.09
1495619592138463777,10,5,79,1495619592.14
1495619592138566583,10,3,79,1495619592.14
1495619592188277723,10,5,79,1495619592.19
1495619592188377317,10,3,79,1495619592.19
1495619592238420971,10,5,79,1495619592.24
1495619592238536209,10,3,79,1495619592.24
1495619592288294772,10,5,79,1495619592.29
1495619592288438715,10,3,79,1495619592.29
1495619592338488166,10,5,79,1495619592.34
1495619592338590064,10,3,79,1495619592.34
1495619592388363572,10,5,80,1495619592.39
1495619592388463306,10,3,80,1495619592.39
1495619592438357081,10,5,79,1495619592.44
1495619592438534477,10,3,79,1495619592.44
1495619592488359808,10,5,79,1495619592.49
1495619592488458075,10,3,79,1495619592.49
1495619592538606770,10,5,79,1495619592.54
1495619592538702243,10,3,79,1495619592.54
1495619592588468209,10,5,80,1495619592.59
1495619592588593155,10,3,80,1495619592.59
1495619592638543222,10,5,79,1495619592.64
1495619592638659577,10,3,79,1495619592.64
1495619592688465073,10,5,79,1495619592.69
1495619592688572698,10,3,79,1495619592.69
1495619592738571305,10,5,79,1495619592.74
1495619592738674740,10,3,79,1495619592.74
1495619592788636330,10,5,80,1495619592.79
1495619592788762254,10,3,80,1495619592.79
1495619592838364372,10,5,79,1495619592.84
1495619592839611318,10,3,79,1495619592.84
1495619592888201575,10,5,79,1495619592.89
1495619592889477157,10,3,79,1495619592.89
1495619592938532277,10,5,80,1495619592.94
1495619592938636760,10,3,80,1495619592.94
1495619592988627475,10,5,79,1495619592.99
1495619592988729443,10,3,79,1495619592.99
1495619593038510075,10,5,80,1495619593.04
1495619593038607923,10,3,80,1495619593.04
1495619593088233297,10,5,79,1495619593.09
1495619593088335126,10,3,79,1495619593.09
1495619593138628114,10,5,79,1495619593.14
1495619593138767726,10,3,79,1495619593.14
1495619593188506593,10,5,80,1495619593.19
1495619593189533190,10,3,80,1495619593.19
1495619593238617086,10,5,79,1495619593.24
1495619593238721149,10,3,79,1495619593.24
1495619593288494588,10,5,80,1495619593.29
1495619593288594600,10,3,80,1495619593.29
1495619593338570648,10,5,79,1495619593.34
1495619593338672826,10,3,79,1495619593.34
1495619593388255807,10,5,80,1495619593.39
1495619593388364061,10,3,80,1495619593.39
1495619593438495366,10,5,79,1495619593.44
1495619593438597684,10,3,79,1495619593.44
1495619593488506963,10,5,79,1495619593.49
1495619593488627649,10,3,79,1495619593.49
1495619593538467297,10,5,80,1495619593.54
1495619593538574783,10,3,80,1495619593.54
1495619593588268602,10,5,79,1495619593.59
1495619593588376716,10,3,79,1495619593.59
1495619593638544339,10,5,80,1495619593.64
1495619593638643793,10,3,80,1495619593.64
1495619593688387549,10,5,79,1495619593.69
1495619593688501460,10,3,79,1495619593.69
1495619593738205476,10,5,80,1495619593.74
1495619593738614257,10,3,80,1495619593.74
1495619593788073899,10,5,79,1495619593.79
1495619593788463473,10,3,79,1495619593.79
1495619593838308639,10,5,80,1495619593.84
1495619593838716302,10,3,80,1495619593.84
1495619593888094439,10,5,79,1495619593.89
1495619593888577880,10,3,79,1495619593.89
1495619593938524525,10,5,80,1495619593.94
1495619593938957401,10,3,80,1495619593.94
1495619593988075729,10,5,79,1495619593.99
1495619593989082211,10,3,79,1495619593.99
1495619594037940799,10,5,79,1495619594.04
1495619594038337008,10,3,79,1495619594.04
1495619594088107164,10,5,80,1495619594.09
1495619594088538993,10,3,80,1495619594.09
1495619594138291688,10,5,79,1495619594.14
1495619594139079288,10,3,79,1495619594.14
1495619594188058422,10,5,80,1495619594.19
1495619594189243349,10,3,80,1495619594.19
1495619594238213543,10,5,79,1495619594.24
1495619594238605702,10,3,79,1495619594.24
1495619594288092092,10,5,80,1495619594.29
1495619594288734702,10,3,80,1495619594.29
1495619594338384801,10,5,79,1495619594.34
1495619594339282261,10,3,79,1495619594.34
1495619594388288563,10,5,80,1495619594.39
1495619594388798195,10,3,80,1495619594.39
1495619594438365112,10,5,79,1495619594.44
1495619594439242179,10,3,79,1495619594.44
1495619594488032322,10,5,80,1495619594.49
1495619594488516951,10,3,80,1495619594.49
1495619594538208465,10,5,79,1495619594.54
1495619594539082110,10,3,79,1495619594.54
1495619594588065853,10,5,80,1495619594.59
1495619594589053758,10,3,80,1495619594.59
1495619594638399907,10,5,79,1495619594.64
1495619594639288219,10,3,79,1495619594.64
1495619594688057200,10,5,80,1495619594.69
1495619594688474711,10,3,80,1495619594.69
1495619594738254225,10,5,79,1495619594.74
1495619594739063057,10,3,79,1495619594.74
1495619594788055461,10,5,80,1495619594.79
1495619594788478838,10,3,80,1495619594.79
1495619594838193889,10,5,79,1495619594.84
1495619594838992804,10,3,79,1495619594.84
1495619594888077049,10,5,80,1495619594.89
1495619594889059506,10,3,80,1495619594.89
1495619594938392455,10,5,79,1495619594.94
1495619594939186620,10,3,79,1495619594.94
1495619594988114211,10,5,80,1495619594.99
1495619594989012789,10,3,80,1495619594.99
1495619595038425427,10,5,79,1495619595.04
1495619595039233421,10,3,79,1495619595.04
1495619595088099412,10,5,80,1495619595.09
1495619595088584669,10,3,80,1495619595.09
1495619595138237841,10,5,79,1495619595.14
1495619595138657587,10,3,79,1495619595.14
1495619595188048504,10,5,80,1495619595.19
1495619595188466295,10,3,80,1495619595.19
1495619595238172267,10,5,79,1495619595.24
1495619595238593759,10,3,79,1495619595.24
1495619595288037686,10,5,80,1495619595.29
1495619595288533629,10,3,80,1495619595.29
1495619595338598515,10,5,79,1495619595.34
1495619595338997448,10,3,79,1495619595.34
1495619595388121363,10,5,80,1495619595.39
1495619595388539014,10,3,80,1495619595.39
1495619595438208877,10,5,79,1495619595.44
1495619595438693366,10,3,79,1495619595.44
1495619595488055370,10,5,80,1495619595.49
1495619595489027141,10,3,80,1495619595.49
1495619595538217265,10,5,79,1495619595.54
1495619595539095380,10,3,79,1495619595.54
1495619595588132901,10,5,80,1495619595.59
1495619595589041885,10,3,80,1495619595.59
1495619595638265044,10,5,79,1495619595.64
1495619595638642257,10,3,79,1495619595.64
1495619595688233898,10,5,79,1495619595.69
1495619595689135060,10,3,79,1495619595.69
1495619595738185152,10,5,80,1495619595.74
1495619595738552727,10,3,80,1495619595.74
1495619595788004267,10,5,80,1495619595.79
1495619595788101765,10,3,80,1495619595.79
1495619595838091153,10,5,79,1495619595.84
1495619595838892093,10,3,79,1495619595.84
1495619595888397550,10,5,79,1495619595.89
1495619595889610693,10,3,79,1495619595.89
1495619595938241947,10,5,80,1495619595.94
1495619595938742430,10,3,80,1495619595.94
1495619595988356281,10,5,79,1495619595.99
1495619595988456852,10,3,79,1495619595.99
1495619596038271218,10,5,80,1495619596.04
1495619596038671059,10,3,80,1495619596.04
1495619596088123158,10,5,79,1495619596.09
1495619596088510637,10,3,79,1495619596.09
1495619596138225339,10,5,80,1495619596.14
1495619596138730850,10,3,80,1495619596.14
1495619596188110314,10,5,79,1495619596.19
1495619596188497793,10,3,79,1495619596.19
1495619596238361327,10,5,80,1495619596.24
1495619596238771645,10,3,80,1495619596.24
1495619596288096981,10,5,79,1495619596.29
1495619596288486626,10,3,79,1495619596.29
1495619596338478528,10,5,80,1495619596.34
1495619596338858604,10,3,80,1495619596.34
1495619596388399611,10,5,79,1495619596.39
1495619596389025947,10,3,79,1495619596.39
1495619596438713690,10,5,80,1495619596.44
1495619596439127011,10,3,80,1495619596.44
1495619596488378316,10,5,79,1495619596.49
1495619596488793941,10,3,79,1495619596.49
1495619596538701196,10,5,80,1495619596.54
1495619596538796110,10,3,80,1495619596.54
1495619596588450748,10,5,79,1495619596.59
1495619596588553136,10,3,79,1495619596.59
1495619596638452707,10,5,202,1495619596.64
1495619596638554326,10,3,-263,1495619596.64
1495619596688530724,10,5,202,1495619596.69
1495619596688631993,10,3,-263,1495619596.69
1495619596738736549,10,5,202,1495619596.74
1495619596738842848,10,3,-217,1495619596.74
1495619596788278604,10,5,202,1495619596.79
1495619596788379035,10,3,-205,1495619596.79
1495619596838692975,10,5,169,1495619596.84
1495619596838793617,10,3,-191,1495619596.84
1495619596888276515,10,5,152,1495619596.89
1495619596888383931,10,3,-177,1495619596.89
1495619596938423255,10,5,145,1495619596.94
1495619596938523757,10,3,-165,1495619596.94
1495619596988257665,10,5,136,1495619596.99
1495619596988358027,10,3,-154,1495619596.99
1495619597038459929,10,5,129,1495619597.04
1495619597038558615,10,3,-143,1495619597.04
1495619597088182523,10,5,121,1495619597.09
1495619597089288809,10,3,-134,1495619597.09
1495619597138373682,10,5,114,1495619597.14
1495619597138472857,10,3,-126,1495619597.14
1495619597188377597,10,5,108,1495619597.19
1495619597188468949,10,3,-117,1495619597.19
1495619597238745594,10,5,103,1495619597.24
1495619597238841556,10,3,-110,1495619597.24
1495619597288309299,10,5,97,1495619597.29
1495619597288405470,10,3,-103,1495619597.29
1495619597338459461,10,5,93,1495619597.34
1495619597338952191,10,3,-98,1495619597.34
1495619597388173395,10,5,88,1495619597.39
1495619597389029300,10,3,70,1495619597.39
1495619597438239678,10,5,85,1495619597.44
1495619597438632744,10,3,74,1495619597.44
1495619597488298348,10,5,81,1495619597.49
1495619597488399548,10,3,78,1495619597.49
1495619597538376294,10,5,78,1495619597.54
1495619597538757558,10,3,81,1495619597.54
1495619597588254145,10,5,76,1495619597.59
1495619597588757421,10,3,83,1495619597.59
1495619597638475545,10,5,72,1495619597.64
1495619597638864422,10,3,86,1495619597.64
1495619597688159028,10,5,71,1495619597.69
1495619597688545390,10,3,89,1495619597.69
1495619597738238930,10,5,-92,1495619597.74
1495619597738739343,10,3,89,1495619597.74
1495619597788195492,10,5,-96,1495619597.79
1495619597788588489,10,3,92,1495619597.79
1495619597838489807,10,5,-98,1495619597.84
1495619597838879033,10,3,94,1495619597.84
1495619597888153036,10,5,-99,1495619597.89
1495619597888535487,10,3,94,1495619597.89
1495619597938226024,10,5,-100,1495619597.94
1495619597938606449,10,3,95,1495619597.94
1495619597988207170,10,5,-102,1495619597.99
1495619597988607919,10,3,97,1495619597.99
1495619598038252500,10,5,-103,1495619598.04
1495619598038642075,10,3,96,1495619598.04
1495619598088469501,10,5,-102,1495619598.09
1495619598088569583,10,3,98,1495619598.09
1495619598138556247,10,5,-104,1495619598.14
1495619598138642780,10,3,98,1495619598.14
1495619598188076930,10,5,-104,1495619598.19
1495619598189500156,10,3,98,1495619598.19
1495619598238135740,10,5,-104,1495619598.24
1495619598239433251,10,3,98,1495619598.24
1495619598288255381,10,5,-104,1495619598.29
1495619598288358258,10,3,99,1495619598.29
1495619598338427194,10,5,-104,1495619598.34
1495619598338527975,10,3,98,1495619598.34
1495619598388224868,10,5,-104,1495619598.39
1495619598388322715,10,3,98,1495619598.39
1495619598438389417,10,5,-104,1495619598.44
1495619598438492154,10,3,98,1495619598.44
1495619598488338856,10,5,-103,1495619598.49
1495619598488772361,10,3,98,1495619598.49
1495619598538383488,10,5,-103,1495619598.54
1495619598538482662,10,3,97,1495619598.54
1495619598588502431,10,5,-103,1495619598.59
1495619598588609288,10,3,97,1495619598.59
1495619598638538403,10,5,-102,1495619598.64
1495619598638873641,10,3,97,1495619598.64
1495619598688298571,10,5,-101,1495619598.69
1495619598688400051,10,3,96,1495619598.69
1495619598738375400,10,5,-101,1495619598.74
1495619598738478835,10,3,96,1495619598.74
1495619598788375124,10,5,-100,1495619598.79
1495619598788496439,10,3,95,1495619598.79
1495619598838418150,10,5,-99,1495619598.84
1495619598838523960,10,3,94,1495619598.84
1495619598888237055,10,5,-99,1495619598.89
1495619598888343493,10,3,95,1495619598.89
1495619598938365357,10,5,-98,1495619598.94
1495619598938467325,10,3,93,1495619598.94
1495619598988243976,10,5,-97,1495619598.99
1495619598988347760,10,3,94,1495619598.99
1495619599037274303,10,5,-97,1495619599.04
1495619599037333389,10,3,92,1495619599.04
1495619599088329259,10,5,-96,1495619599.09
1495619599088451831,10,3,92,1495619599.09
1495619599138053809,10,5,-95,1495619599.14
1495619599138365161,10,3,91,1495619599.14
1495619599188220384,10,5,-94,1495619599.19
1495619599188331222,10,3,91,1495619599.19
1495619599238685111,10,5,-94,1495619599.24
1495619599238785403,10,3,91,1495619599.24
1495619599288312092,10,5,-93,1495619599.29
1495619599288417972,10,3,90,1495619599.29
1495619599338856788,10,5,-93,1495619599.34
1495619599338973772,10,3,89,1495619599.34
1495619599388392906,10,5,70,1495619599.39
1495619599388501858,10,3,89,1495619599.39
1495619599438349189,10,5,70,1495619599.44
1495619599438448922,10,3,88,1495619599.44
1495619599488295484,10,5,72,1495619599.49
1495619599488453535,10,3,88,1495619599.49
1495619599538409748,10,5,71,1495619599.54
1495619599538513881,10,3,87,1495619599.54
1495619599587729009,10,5,73,1495619599.59
1495619599587807650,10,3,87,1495619599.59
1495619599638511514,10,5,72,1495619599.64
1495619599638613761,10,3,87,1495619599.64
1495619599688628013,10,5,73,1495619599.69
1495619599688732844,10,3,85,1495619599.69
1495619599738598962,10,5,73,1495619599.74
1495619599738790676,10,3,86,1495619599.74
1495619599788462566,10,5,74,1495619599.79
1495619599788575220,10,3,85,1495619599.79
1495619599838374918,10,5,75,1495619599.84
1495619599838479471,10,3,85,1495619599.84
1495619599888283569,10,5,74,1495619599.89
1495619599888390357,10,3,85,1495619599.89
1495619599938433243,10,5,75,1495619599.94
1495619599938536817,10,3,84,1495619599.94
1495619599988265278,10,5,75,1495619599.99
1495619599988451475,10,3,83,1495619599.99
1495619600038305370,10,5,76,1495619600.04
1495619600038384989,10,3,84,1495619600.04
1495619600088003310,10,5,75,1495619600.09
1495619600088477812,10,3,83,1495619600.09
1495619600138546679,10,5,77,1495619600.14
1495619600138646831,10,3,83,1495619600.14
1495619600188513857,10,5,76,1495619600.19
1495619600188615127,10,3,83,1495619600.19
1495619600238458616,10,5,76,1495619600.24
1495619600238558000,10,3,82,1495619600.24
1495619600288448632,10,5,78,1495619600.29
1495619600288547877,10,3,82,1495619600.29
1495619600338732680,10,5,76,1495619600.34
1495619600338835137,10,3,82,1495619600.34
1495619600388270125,10,5,78,1495619600.39
1495619600388378588,10,3,82,1495619600.39
1495619600438386135,10,5,77,1495619600.44
1495619600438490338,10,3,81,1495619600.44
1495619600487957592,10,5,78,1495619600.49
1495619600488016957,10,3,81,1495619600.49
1495619600538317767,10,5,78,1495619600.54
1495619600539556752,10,3,81,1495619600.54
1495619600588425047,10,5,78,1495619600.59
1495619600588526387,10,3,81,1495619600.59
1495619600638505019,10,5,79,1495619600.64
1495619600638605800,10,3,81,1495619600.64
1495619600688268749,10,5,78,1495619600.69
1495619600688376235,10,3,81,1495619600.69
1495619600738656581,10,5,78,1495619600.74
1495619600738775730,10,3,80,1495619600.74
1495619600788423734,10,5,79,1495619600.79
1495619600788527727,10,3,80,1495619600.79
1495619600838604696,10,5,79,1495619600.84
1495619600838707782,10,3,81,1495619600.84
1495619600888117347,10,5,78,1495619600.89
1495619600888515233,10,3,80,1495619600.89
1495619600938340424,10,5,80,1495619600.94
1495619600938730976,10,3,80,1495619600.94
1495619600988161075,10,5,78,1495619600.99
1495619600988558053,10,3,80,1495619600.99
1495619601038254805,10,5,80,1495619601.04
1495619601038643123,10,3,80,1495619601.04
1495619601088383875,10,5,79,1495619601.09
1495619601088478441,10,3,79,1495619601.09
1495619601138425155,10,5,79,1495619601.14
1495619601138525168,10,3,80,1495619601.14
1495619601188400505,10,5,79,1495619601.19
1495619601188505267,10,3,80,1495619601.19
1495619601238666115,10,5,80,1495619601.24
1495619601238783797,10,3,79,1495619601.24
1495619601288280245,10,5,79,1495619601.29
1495619601288587197,10,3,80,1495619601.29
1495619601338365804,10,5,80,1495619601.34
1495619601338472172,10,3,79,1495619601.34
1495619601388520715,10,5,79,1495619601.39
1495619601388627782,10,3,80,1495619601.39
1495619601438597544,10,5,80,1495619601.44
1495619601438697836,10,3,79,1495619601.44
1495619601488288011,10,5,79,1495619601.49
1495619601488385719,10,3,80,1495619601.49
1495619601538730599,10,5,80,1495619601.54
1495619601538831310,10,3,79,1495619601.54
1495619601588360583,10,5,80,1495619601.59
1495619601588463250,10,3,80,1495619601.59
1495619601638389222,10,5,79,1495619601.64
1495619601638493565,10,3,79,1495619601.64
1495619601688120197,10,5,80,1495619601.69
1495619601689052997,10,3,79,1495619601.69
1495619601738365064,10,5,80,1495619601.74
1495619601738743603,10,3,79,1495619601.74
1495619601788388674,10,5,79,1495619601.79
1495619601789280337,10,3,80,1495619601.79
1495619601838306753,10,5,80,1495619601.84
1495619601838800252,10,3,79,1495619601.84
1495619601888416687,10,5,80,1495619601.89
1495619601888802909,10,3,79,1495619601.89
1495619601938298589,10,5,80,1495619601.94
1495619601938686906,10,3,79,1495619601.94
1495619601988385545,10,5,79,1495619601.99
1495619601988760592,10,3,80,1495619601.99
1495619602038611834,10,5,80,1495619602.04
1495619602038707028,10,3,79,1495619602.04
1495619602088198377,10,5,80,1495619602.09
1495619602089443228,10,3,79,1495619602.09
1495619602138794266,10,5,80,1495619602.14
1495619602138892812,10,3,79,1495619602.14
1495619602188035374,10,5,79,1495619602.19
1495619602188125889,10,3,79,1495619602.19
1495619602238215499,10,5,80,1495619602.24
1495619602238615340,10,3,80,1495619602.24
1495619602288288137,10,5,80,1495619602.29
1495619602288389477,10,3,79,1495619602.29
1495619602338338566,10,5,79,1495619602.34
1495619602338434388,10,3,79,1495619602.34
1495619602388325788,10,5,80,1495619602.39
1495619602388964417,10,3,79,1495619602.39
1495619602438179684,10,5,80,1495619602.44
1495619602438688198,10,3,80,1495619602.44
1495619602488092107,10,5,80,1495619602.49
1495619602488490900,10,3,79,1495619602.49
1495619602538367774,10,5,79,1495619602.54
1495619602538766428,10,3,79,1495619602.54
1495619602588215453,10,5,80,1495619602.59
1495619602589048241,10,3,79,1495619602.59
1495619602638514028,10,5,80,1495619602.64
1495619602638924485,10,3,80,1495619602.64
1495619602688136959,10,5,80,1495619602.69
1495619602689035676,10,3,79,1495619602.69
1495619602738947470,10,5,79,1495619602.74
1495619602739048531,10,3,79,1495619602.74
1495619602788504889,10,5,80,1495619602.79
1495619602788614191,10,3,80,1495619602.79
1495619602838869115,10,5,80,1495619602.84
1495619602838979884,10,3,79,1495619602.84
1495619602888539677,10,5,79,1495619602.89
1495619602888646884,10,3,79,1495619602.89
1495619602938846703,10,5,80,1495619602.94
1495619602938946925,10,3,80,1495619602.94
1495619602988336097,10,5,80,1495619602.99
1495619602988960618,10,3,79,1495619602.99
1495619603038257739,10,5,79,1495619603.04
1495619603039272183,10,3,79,1495619603.04
1495619603088079228,10,5,80,1495619603.09
1495619603088499393,10,3,79,1495619603.09
1495619603138212977,10,5,80,1495619603.14
1495619603139085504,10,3,80,1495619603.14
1495619603188101374,10,5,79,1495619603.19
1495619603188522657,10,3,79,1495619603.19
1495619603238440178,10,5,80,1495619603.24
1495619603238544451,10,3,80,1495619603.24
1495619603288033496,10,5,79,1495619603.29
1495619603288441648,10,3,79,1495619603.29
1495619603338413575,10,5,80,1495619603.34
1495619603339061703,10,3,79,1495619603.34
1495619603388173115,10,5,80,1495619603.39
1495619603388589020,10,3,80,1495619603.39
1495619603438373144,10,5,79,1495619603.44
1495619603438791005,10,3,79,1495619603.44
1495619603488107960,10,5,80,1495619603.49
1495619603489191338,10,3,79,1495619603.49
1495619603538428745,10,5,79,1495619603.54
1495619603538912955,10,3,80,1495619603.54
1495619603588087015,10,5,80,1495619603.59
1495619603588602095,10,3,79,1495619603.59
1495619603638205469,10,5,79,1495619603.64
1495619603638616485,10,3,80,1495619603.64
1495619603688308698,10,5,80,1495619603.69
1495619603688708121,10,3,79,1495619603.69
1495619603738340340,10,5,80,1495619603.74
1495619603738771191,10,3,80,1495619603.74
1495619603788268197,10,5,79,1495619603.79
1495619603788677118,10,3,79,1495619603.79
1495619603838336156,10,5,80,1495619603.84
1495619603838691998,10,3,79,1495619603.84
1495619603888306687,10,5,79,1495619603.89
1495619603888422973,10,3,80,1495619603.89
1495619603938361516,10,5,80,1495619603.94
1495619603938477802,10,3,79,1495619603.94
1495619603988241811,10,5,79,1495619603.99
1495619603988343500,10,3,80,1495619603.99
1495619604037504989,10,5,80,1495619604.04
1495619604037575319,10,3,79,1495619604.04
1495619604089409425,10,5,79,1495619604.09
1495619604089709393,10,3,80,1495619604.09
1495619604138307752,10,5,80,1495619604.14
1495619604138407974,10,3,79,1495619604.14
1495619604188465178,10,5,79,1495619604.19
1495619604188565819,10,3,79,1495619604.19
1495619604238124426,10,5,80,1495619604.24
1495619604239165829,10,3,80,1495619604.24
1495619604288282829,10,5,79,1495619604.29
1495619604288392550,10,3,79,1495619604.29
1495619604338479576,10,5,80,1495619604.34
1495619604338584407,10,3,80,1495619604.34
1495619604388277668,10,5,79,1495619604.39
1495619604388379496,10,3,79,1495619604.39
1495619604438377684,10,5,80,1495619604.44
1495619604438482725,10,3,80,1495619604.44
1495619604488257142,10,5,79,1495619604.49
1495619604488366234,10,3,79,1495619604.49
1495619604538254351,10,5,80,1495619604.54
1495619604538353037,10,3,80,1495619604.54
1495619604592937562,10,5,80,1495619604.59
1495619604593089327,10,3,79,1495619604.59
1495619604638477431,10,5,79,1495619604.64
1495619604638576955,10,3,80,1495619604.64
1495619604688324692,10,5,79,1495619604.69
1495619604688425054,10,3,79,1495619604.69
1495619604738095686,10,5,80,1495619604.74
1495619604738195629,10,3,80,1495619604.74
1495619604788488128,10,5,79,1495619604.79
1495619604788623480,10,3,79,1495619604.79
1495619604838275185,10,5,80,1495619604.84
1495619604838375128,10,3,80,1495619604.84
1495619604888497633,10,5,80,1495619604.89
1495619604888601208,10,3,79,1495619604.89
1495619604938251865,10,5,79,1495619604.94
1495619604938350970,10,3,80,1495619604.94
1495619604988494008,10,5,79,1495619604.99
1495619604988595278,10,3,79,1495619604.99
1495619605038384361,10,5,80,1495619605.04
1495619605038499529,10,3,80,1495619605.04
1495619605088460491,10,5,79,1495619605.09
1495619605088565114,10,3,79,1495619605.09
1495619605138606882,10,5,80,1495619605.14
1495619605138707104,10,3,80,1495619605.14
1495619605188679870,10,5,79,1495619605.19
1495619605188796225,10,3,79,1495619605.19
1495619605239047448,10,5,80,1495619605.24
1495619605239298877,10,3,80,1495619605.24
1495619605288298962,10,5,79,1495619605.29
1495619605288402816,10,3,79,1495619605.29
1495619605339262077,10,5,80,1495619605.34
1495619605339345049,10,3,79,1495619605.34
1495619605388478392,10,5,79,1495619605.39
1495619605388585808,10,3,80,1495619605.39
1495619605438605367,10,5,80,1495619605.44
1495619605438713411,10,3,79,1495619605.44
1495619605488497465,10,5,79,1495619605.49
1495619605488601180,10,3,80,1495619605.49
1495619605538366307,10,5,80,1495619605.54
1495619605538467647,10,3,80,1495619605.54
1495619605588442926,10,5,79,1495619605.59
1495619605588547409,10,3,79,1495619605.59
1495619605638315819,10,5,80,1495619605.64
1495619605638424841,10,3,79,1495619605.64
1495619605688172298,10,5,79,1495619605.69
1495619605689487619,10,3,80,1495619605.69
1495619605738227197,10,5,80,1495619605.74
1495619605739280753,10,3,79,1495619605.74
1495619605788601480,10,5,79,1495619605.79
1495619605788708617,10,3,80,1495619605.79
1495619605838609026,10,5,80,1495619605.84
1495619605838708480,10,3,79,1495619605.84
1495619605888509785,10,5,79,1495619605.89
1495619605888609798,10,3,80,1495619605.89
1495619605938405516,10,5,80,1495619605.94
1495619605938512163,10,3,80,1495619605.94
1495619605988518173,10,5,79,1495619605.99
1495619605988620421,10,3,79,1495619605.99
1495619606038390996,10,5,80,1495619606.04
1495619606038490101,10,3,79,1495619606.04
1495619606088305374,10,5,79,1495619606.09
1495619606088407063,10,3,80,1495619606.09
1495619606138207111,10,5,80,1495619606.14
1495619606138301257,10,3,79,1495619606.14
1495619606187764530,10,5,79,1495619606.19
1495619606187848549,10,3,80,1495619606.19
1495619606238379835,10,5,80,1495619606.24
1495619606238474400,10,3,79,1495619606.24
1495619606288320823,10,5,79,1495619606.29
1495619606288427470,10,3,80,1495619606.29
1495619606338340382,10,5,80,1495619606.34
1495619606338415810,10,3,79,1495619606.34
1495619606388344157,10,5,79,1495619606.39
1495619606388444309,10,3,80,1495619606.39
1495619606438466452,10,5,80,1495619606.44
1495619606438565837,10,3,79,1495619606.44
1495619606488409884,10,5,79,1495619606.49
1495619606488507313,10,3,80,1495619606.49
1495619606538659501,10,5,79,1495619606.54
1495619606538763564,10,3,79,1495619606.54
1495619606588139187,10,5,80,1495619606.59
1495619606588968692,10,3,80,1495619606.59
1495619606638403958,10,5,79,1495619606.64
1495619606638505298,10,3,80,1495619606.64
1495619606688572838,10,5,80,1495619606.69
1495619606688676203,10,3,79,1495619606.69
1495619606738646245,10,5,79,1495619606.74
1495619606738750378,10,3,79,1495619606.74
1495619606788524096,10,5,80,1495619606.79
1495619606788626623,10,3,80,1495619606.79
1495619606838044499,10,5,79,1495619606.84
1495619606838896004,10,3,79,1495619606.84
1495619606888143817,10,5,80,1495619606.89
1495619606888776439,10,3,80,1495619606.89
1495619606938389313,10,5,79,1495619606.94
1495619606938495402,10,3,79,1495619606.94
1495619606988288256,10,5,80,1495619606.99
1495619606988389735,10,3,80,1495619606.99
1495619607038521669,10,5,79,1495619607.04
1495619607038622590,10,3,79,1495619607.04
1495619607088350003,10,5,80,1495619607.09
1495619607088450295,10,3,80,1495619607.09
1495619607138449530,10,5,79,1495619607.14
1495619607138548146,10,3,79,1495619607.14
1495619607188146911,10,5,80,1495619607.19
1495619607188520911,10,3,80,1495619607.19
1495619607236718590,10,5,79,1495619607.24
1495619607236969391,10,3,79,1495619607.24
1495619607288596836,10,5,80,1495619607.29
1495619607288713261,10,3,80,1495619607.29
1495619607338751049,10,5,79,1495619607.34
1495619607338850084,10,3,79,1495619607.34
1495619607388299249,10,5,80,1495619607.39
1495619607388402963,10,3,80,1495619607.39
1495619607438546979,10,5,79,1495619607.44
1495619607438652789,10,3,79,1495619607.44
1495619607489539707,10,5,80,1495619607.49
1495619607490052202,10,3,80,1495619607.49
