%time,field.DevID,field.MsgID,field.Data,field.Time
1495533197575615565,10,5,202,1495533197.57
1495533197577850972,10,3,-263,1495533197.57
1495533197626533002,10,5,202,1495533197.62
1495533197627286451,10,3,-263,1495533197.62
1495533197679627043,10,5,202,1495533197.67
1495533197679706453,10,3,-263,1495533197.67
1495533197725464579,10,5,202,1495533197.72
1495533197725559214,10,3,-263,1495533197.72
1495533197775772999,10,5,202,1495533197.77
1495533197775859603,10,3,-263,1495533197.77
1495533197825644703,10,5,202,1495533197.82
1495533197825736056,10,3,-263,1495533197.82
1495533197878789242,10,5,202,1495533197.87
1495533197878909159,10,3,-263,1495533197.87
1495533197925479187,10,5,202,1495533197.92
1495533197926489651,10,3,-263,1495533197.92
1495533197975747873,10,5,202,1495533197.97
1495533197975841809,10,3,-263,1495533197.97
1495533198025655054,10,5,202,1495533198.02
1495533198030516078,10,3,-263,1495533198.02
1495533198075666094,10,5,202,1495533198.07
1495533198076285656,10,3,-263,1495533198.07
1495533198126315481,10,5,202,1495533198.12
1495533198126728592,10,3,-263,1495533198.12
1495533198175803691,10,5,202,1495533198.17
1495533198175898465,10,3,-263,1495533198.17
1495533198226729995,10,5,202,1495533198.22
1495533198227736687,10,3,-263,1495533198.22
1495533198279918955,10,5,202,1495533198.27
1495533198280197202,10,3,-259,1495533198.27
1495533198325162346,10,5,202,1495533198.32
1495533198325412028,10,3,-251,1495533198.32
1495533198375346103,10,5,202,1495533198.37
1495533198375659062,10,3,-217,1495533198.37
1495533198427791391,10,5,202,1495533198.42
1495533198427909702,10,3,-185,1495533198.42
1495533198477939736,10,5,202,1495533198.47
1495533198478044987,10,3,-167,1495533198.47
1495533198526141115,10,5,202,1495533198.52
1495533198526245877,10,3,-182,1495533198.52
1495533198578442878,10,5,202,1495533198.57
1495533198578533462,10,3,-159,1495533198.57
1495533198625537204,10,5,202,1495533198.62
1495533198626298264,10,3,-157,1495533198.62
1495533198677495770,10,5,202,1495533198.67
1495533198678114634,10,3,-153,1495533198.67
1495533198725591409,10,5,202,1495533198.72
1495533198727898754,10,3,-162,1495533198.72
1495533198775986576,10,5,202,1495533198.77
1495533198776801065,10,3,-176,1495533198.77
1495533198826781864,10,5,202,1495533198.82
1495533198828100327,10,3,-176,1495533198.82
1495533198875160288,10,5,202,1495533198.87
1495533198878315790,10,3,-185,1495533198.87
1495533198925814842,10,5,202,1495533198.92
1495533198925914645,10,3,-191,1495533198.92
1495533198980048206,10,5,202,1495533198.97
1495533198980306129,10,3,-195,1495533198.97
1495533199028542362,10,5,202,1495533199.02
1495533199029368725,10,3,-194,1495533199.02
1495533199079604935,10,5,202,1495533199.07
1495533199080580197,10,3,-189,1495533199.07
1495533199125514260,10,5,202,1495533199.12
1495533199125608685,10,3,-192,1495533199.12
1495533199177513963,10,5,202,1495533199.17
1495533199177621448,10,3,-182,1495533199.17
1495533199226159324,10,5,202,1495533199.22
1495533199226260035,10,3,-183,1495533199.22
1495533199275586001,10,5,202,1495533199.27
1495533199276321918,10,3,-178,1495533199.27
1495533199325561908,10,5,202,1495533199.32
1495533199328064180,10,3,-181,1495533199.32
1495533199376102972,10,5,202,1495533199.37
1495533199380397650,10,3,-180,1495533199.37
1495533199428893761,10,5,202,1495533199.42
1495533199432139147,10,3,-179,1495533199.42
1495533199474698959,10,5,202,1495533199.47
1495533199474920146,10,3,-176,1495533199.47
1495533199526176734,10,5,202,1495533199.52
1495533199526619248,10,3,-176,1495533199.52
1495533199575774172,10,5,202,1495533199.57
1495533199575865175,10,3,-173,1495533199.57
1495533199625729891,10,5,202,1495533199.62
1495533199626011980,10,3,-171,1495533199.62
1495533199675787800,10,5,202,1495533199.67
1495533199678708629,10,3,-159,1495533199.67
1495533199725859113,10,5,202,1495533199.72
1495533199725955285,10,3,-156,1495533199.72
1495533199776751687,10,5,202,1495533199.77
1495533199777106341,10,3,-140,1495533199.77
1495533199828959999,10,5,202,1495533199.82
1495533199829500850,10,3,-141,1495533199.82
1495533199875551258,10,5,202,1495533199.87
1495533199875933429,10,3,-120,1495533199.87
1495533199925568932,10,5,202,1495533199.92
1495533199926389707,10,3,-121,1495533199.92
1495533199976195694,10,5,202,1495533199.97
1495533199977607674,10,3,-110,1495533199.97
1495533200026611742,10,5,202,1495533200.02
1495533200030836300,10,3,-116,1495533200.02
1495533200075540731,10,5,202,1495533200.07
1495533200076283073,10,3,-112,1495533200.07
1495533200124782670,10,5,202,1495533200.12
1495533200124832187,10,3,-110,1495533200.12
1495533200174537117,10,5,202,1495533200.17
1495533200174583980,10,3,-105,1495533200.17
1495533200225573844,10,5,202,1495533200.22
1495533200226355159,10,3,-112,1495533200.22
1495533200276648637,10,5,202,1495533200.27
1495533200277530243,10,3,-123,1495533200.27
1495533200324778848,10,5,202,1495533200.32
1495533200325034467,10,3,-138,1495533200.32
1495533200379695816,10,5,202,1495533200.37
1495533200380565061,10,3,-159,1495533200.37
1495533200425814254,10,5,202,1495533200.42
1495533200425910984,10,3,-173,1495533200.42
1495533200475819002,10,5,202,1495533200.47
1495533200475908678,10,3,-165,1495533200.47
1495533200525511635,10,5,202,1495533200.52
1495533200526454144,10,3,-179,1495533200.52
1495533200576106267,10,5,202,1495533200.57
1495533200576871169,10,3,-170,1495533200.57
1495533200625704825,10,5,202,1495533200.62
1495533200626081269,10,3,-168,1495533200.62
1495533200675507738,10,5,202,1495533200.67
1495533200675886906,10,3,-157,1495533200.67
1495533200725876990,10,5,202,1495533200.72
1495533200726698115,10,3,-134,1495533200.72
1495533200775982099,10,5,202,1495533200.77
1495533200776081344,10,3,-127,1495533200.77
1495533200826639453,10,5,202,1495533200.82
1495533200827040202,10,3,-130,1495533200.82
1495533200875089747,10,5,202,1495533200.87
1495533200875194928,10,3,-125,1495533200.87
1495533200925866806,10,5,202,1495533200.92
1495533200925989378,10,3,-108,1495533200.92
1495533200975773431,10,5,202,1495533200.97
1495533200976734378,10,3,-104,1495533200.97
1495533201025798299,10,5,202,1495533201.02
1495533201025878197,10,3,-110,1495533201.02
1495533201075908095,10,5,202,1495533201.07
1495533201079552065,10,3,-108,1495533201.07
1495533201125857743,10,5,202,1495533201.12
1495533201126227064,10,3,-100,1495533201.12
1495533201175832599,10,5,202,1495533201.17
1495533201176173286,10,3,71,1495533201.17
1495533201226758422,10,5,202,1495533201.22
1495533201226858854,10,3,-108,1495533201.22
1495533201276502526,10,5,202,1495533201.27
1495533201277436305,10,3,-97,1495533201.27
1495533201325089851,10,5,202,1495533201.32
1495533201325610728,10,3,-92,1495533201.32
1495533201377314859,10,5,202,1495533201.37
1495533201377361933,10,3,-96,1495533201.37
1495533201429970227,10,5,202,1495533201.42
1495533201430582107,10,3,-121,1495533201.42
1495533201476342956,10,5,202,1495533201.47
1495533201476451140,10,3,-115,1495533201.47
1495533201526277726,10,5,202,1495533201.52
1495533201529666354,10,3,-139,1495533201.52
1495533201575667178,10,5,202,1495533201.57
1495533201576511907,10,3,-140,1495533201.57
1495533201625662430,10,5,202,1495533201.62
1495533201626481529,10,3,-141,1495533201.62
1495533201675823556,10,5,202,1495533201.67
1495533201677060586,10,3,-136,1495533201.67
1495533201725872101,10,5,202,1495533201.72
1495533201725964431,10,3,-110,1495533201.72
1495533201775749395,10,5,202,1495533201.77
1495533201776117039,10,3,-107,1495533201.77
1495533201826407581,10,5,202,1495533201.82
1495533201827200628,10,3,-113,1495533201.82
1495533201874947344,10,5,202,1495533201.87
1495533201875871414,10,3,-106,1495533201.87
1495533201925919049,10,5,202,1495533201.92
1495533201926007817,10,3,-94,1495533201.92
1495533201975797317,10,5,202,1495533201.97
1495533201976903184,10,3,81,1495533201.97
1495533202025761003,10,5,202,1495533202.02
1495533202026062019,10,3,-94,1495533202.02
1495533202076119713,10,5,202,1495533202.07
1495533202076736341,10,3,70,1495533202.07
1495533202125794117,10,5,202,1495533202.12
1495533202125882676,10,3,-117,1495533202.12
1495533202175756268,10,5,202,1495533202.17
1495533202176903689,10,3,-117,1495533202.17
1495533202225800617,10,5,202,1495533202.22
1495533202225895950,10,3,-119,1495533202.22
1495533202275981857,10,5,202,1495533202.27
1495533202276085781,10,3,-129,1495533202.27
1495533202325147956,10,5,202,1495533202.32
1495533202325259283,10,3,-130,1495533202.32
1495533202375178691,10,5,202,1495533202.37
1495533202379188838,10,3,-126,1495533202.37
1495533202425712069,10,5,202,1495533202.42
1495533202425781701,10,3,-151,1495533202.42
1495533202474739880,10,5,202,1495533202.47
1495533202475349175,10,3,-153,1495533202.47
1495533202525539292,10,5,202,1495533202.52
1495533202526371171,10,3,-156,1495533202.52
1495533202575550538,10,5,202,1495533202.57
1495533202576019593,10,3,-117,1495533202.57
1495533202625480145,10,5,202,1495533202.62
1495533202625552850,10,3,-120,1495533202.62
1495533202675526805,10,5,202,1495533202.67
1495533202676427827,10,3,-117,1495533202.67
1495533202725485113,10,5,202,1495533202.72
1495533202726398707,10,3,-95,1495533202.72
1495533202775540215,10,5,202,1495533202.77
1495533202775959124,10,3,-110,1495533202.77
1495533202824808146,10,5,202,1495533202.82
1495533202825308000,10,3,-115,1495533202.82
1495533202878072881,10,5,202,1495533202.87
1495533202878167376,10,3,85,1495533202.87
1495533202926131784,10,5,202,1495533202.92
1495533202926234730,10,3,103,1495533202.92
1495533202975343770,10,5,202,1495533202.97
1495533202975498049,10,3,89,1495533202.97
1495533203025425627,10,5,202,1495533203.02
1495533203025491417,10,3,75,1495533203.02
1495533203075864093,10,5,202,1495533203.07
1495533203076295433,10,3,91,1495533203.07
1495533203124680844,10,5,202,1495533203.12
1495533203125236781,10,3,81,1495533203.12
1495533203175507843,10,5,202,1495533203.17
1495533203176600089,10,3,-118,1495533203.17
1495533203225737760,10,5,202,1495533203.22
1495533203226022293,10,3,-120,1495533203.22
1495533203274736450,10,5,-263,1495533203.27
1495533203274782824,10,3,202,1495533203.27
1495533203326069375,10,5,-263,1495533203.32
1495533203326371160,10,3,202,1495533203.32
1495533203375336744,10,5,202,1495533203.37
1495533203375486134,10,3,-263,1495533203.37
1495533203424707755,10,5,202,1495533203.42
1495533203425546479,10,3,-263,1495533203.42
1495533203475700134,10,5,-185,1495533203.47
1495533203475803429,10,3,202,1495533203.47
1495533203525815166,10,5,-174,1495533203.52
1495533203527100455,10,3,202,1495533203.52
1495533203576075188,10,5,151,1495533203.57
1495533203576173036,10,3,202,1495533203.57
1495533203625527147,10,5,129,1495533203.62
1495533203626329553,10,3,202,1495533203.62
1495533203674492176,10,5,202,1495533203.67
1495533203674542252,10,3,147,1495533203.67
1495533203724424293,10,5,202,1495533203.72
1495533203724471924,10,3,158,1495533203.72
1495533203775790670,10,5,202,1495533203.77
1495533203776904709,10,3,175,1495533203.77
1495533203825390413,10,5,184,1495533203.82
1495533203825466260,10,3,157,1495533203.82
1495533203875565578,10,5,173,1495533203.87
1495533203876422951,10,3,168,1495533203.87
1495533203925631862,10,5,158,1495533203.92
1495533203926484206,10,3,159,1495533203.92
1495533203975561885,10,5,143,1495533203.97
1495533203976602100,10,3,174,1495533203.97
1495533204025194731,10,5,122,1495533204.02
1495533204025716027,10,3,161,1495533204.02
1495533204075692773,10,5,86,1495533204.07
1495533204076446081,10,3,197,1495533204.07
1495533204125114211,10,5,90,1495533204.12
1495533204125448961,10,3,202,1495533204.12
1495533204175528794,10,5,-202,1495533204.17
1495533204176119860,10,3,202,1495533204.17
1495533204230146772,10,5,-215,1495533204.22
1495533204230543192,10,3,202,1495533204.22
1495533204275892952,10,5,-206,1495533204.27
1495533204277083466,10,3,202,1495533204.27
1495533204326173649,10,5,-214,1495533204.32
1495533204326776379,10,3,202,1495533204.32
1495533204375877456,10,5,-96,1495533204.37
1495533204375948415,10,3,202,1495533204.37
1495533204427237966,10,5,-114,1495533204.42
1495533204429792761,10,3,202,1495533204.42
1495533204474544191,10,5,100,1495533204.47
1495533204474605582,10,3,175,1495533204.47
1495533204524727529,10,5,111,1495533204.52
1495533204525326977,10,3,195,1495533204.52
1495533204577849576,10,5,102,1495533204.57
1495533204578071182,10,3,202,1495533204.57
1495533204624889007,10,5,82,1495533204.62
1495533204624938036,10,3,192,1495533204.62
1495533204675764260,10,5,-108,1495533204.67
1495533204676925512,10,3,202,1495533204.67
1495533204728736781,10,5,-114,1495533204.72
1495533204728813956,10,3,202,1495533204.72
1495533204775865124,10,5,-131,1495533204.77
1495533204776651187,10,3,202,1495533204.77
1495533204825607341,10,5,-149,1495533204.82
1495533204827011988,10,3,202,1495533204.82
1495533204874698010,10,5,-201,1495533204.87
1495533204874921502,10,3,202,1495533204.87
1495533204924891195,10,5,-178,1495533204.92
1495533204925351798,10,3,202,1495533204.92
1495533204975616082,10,5,-199,1495533204.97
1495533204975767078,10,3,202,1495533204.97
1495533205025671329,10,5,-207,1495533205.02
1495533205026200307,10,3,202,1495533205.02
1495533205076284120,10,5,-176,1495533205.07
1495533205076394539,10,3,202,1495533205.07
1495533205124848605,10,5,-163,1495533205.12
1495533205124907063,10,3,202,1495533205.12
1495533205175632857,10,5,-263,1495533205.17
1495533205175735175,10,3,202,1495533205.17
1495533205227624107,10,5,-263,1495533205.22
1495533205227735434,10,3,202,1495533205.22
1495533205275641805,10,5,-263,1495533205.27
1495533205276936242,10,3,202,1495533205.27
1495533205325510437,10,5,-263,1495533205.32
1495533205325731415,10,3,202,1495533205.32
1495533205376348884,10,5,-263,1495533205.37
1495533205379198614,10,3,202,1495533205.37
1495533205425397719,10,5,-263,1495533205.42
1495533205425834786,10,3,202,1495533205.42
1495533205477224489,10,5,-263,1495533205.47
1495533205477330858,10,3,202,1495533205.47
1495533205526761933,10,5,-263,1495533205.52
1495533205526830937,10,3,202,1495533205.52
1495533205576083221,10,5,-263,1495533205.57
1495533205576187425,10,3,202,1495533205.57
1495533205625615220,10,5,-263,1495533205.62
1495533205628114910,10,3,202,1495533205.62
1495533205675617598,10,5,-261,1495533205.67
1495533205680038059,10,3,202,1495533205.67
1495533205725848425,10,5,-250,1495533205.72
1495533205726115778,10,3,202,1495533205.72
1495533205776227945,10,5,-263,1495533205.77
1495533205776599012,10,3,202,1495533205.77
1495533205825609577,10,5,-256,1495533205.82
1495533205825974637,10,3,202,1495533205.82
1495533205875811002,10,5,-254,1495533205.87
1495533205876640925,10,3,202,1495533205.87
1495533205925166857,10,5,-245,1495533205.92
1495533205925718184,10,3,202,1495533205.92
1495533205975463126,10,5,-256,1495533205.97
1495533205977011159,10,3,202,1495533205.97
1495533206025351662,10,5,-246,1495533206.02
1495533206028732052,10,3,202,1495533206.02
1495533206078226336,10,5,202,1495533206.07
1495533206078481536,10,3,-263,1495533206.07
1495533206125511468,10,5,202,1495533206.12
1495533206125579982,10,3,-263,1495533206.12
1495533206175584948,10,5,202,1495533206.17
1495533206176444414,10,3,-263,1495533206.17
1495533206227611952,10,5,202,1495533206.22
1495533206227676695,10,3,-263,1495533206.22
1495533206275596194,10,5,-228,1495533206.27
1495533206275697813,10,3,202,1495533206.27
1495533206324955336,10,5,-219,1495533206.32
1495533206325451279,10,3,202,1495533206.32
1495533206376783298,10,5,-174,1495533206.37
1495533206377597157,10,3,202,1495533206.37
1495533206426671903,10,5,-167,1495533206.42
1495533206427035705,10,3,202,1495533206.42
1495533206475742246,10,5,-121,1495533206.47
1495533206476595289,10,3,202,1495533206.47
1495533206525029030,10,5,-112,1495533206.52
1495533206525061716,10,3,202,1495533206.52
1495533206578180834,10,5,-141,1495533206.57
1495533206578281336,10,3,202,1495533206.57
1495533206625447250,10,5,-144,1495533206.62
1495533206625492158,10,3,202,1495533206.62
1495533206674922817,10,5,-214,1495533206.67
1495533206675981122,10,3,202,1495533206.67
1495533206728307396,10,5,-208,1495533206.72
1495533206728513148,10,3,202,1495533206.72
1495533206779509089,10,5,202,1495533206.77
1495533206779619089,10,3,-263,1495533206.77
1495533206825431199,10,5,202,1495533206.82
1495533206825689333,10,3,-263,1495533206.82
1495533206875642750,10,5,202,1495533206.87
1495533206876399970,10,3,-263,1495533206.87
1495533206927760343,10,5,202,1495533206.92
1495533206927810140,10,3,-263,1495533206.92
1495533206975714348,10,5,-185,1495533206.97
1495533206976561732,10,3,202,1495533206.97
1495533207028673107,10,5,-177,1495533207.02
1495533207028727513,10,3,202,1495533207.02
1495533207078527212,10,5,-162,1495533207.07
1495533207078637351,10,3,202,1495533207.07
1495533207126150306,10,5,81,1495533207.12
1495533207127965482,10,3,202,1495533207.12
1495533207176000643,10,5,80,1495533207.17
1495533207176086617,10,3,202,1495533207.17
1495533207228081567,10,5,104,1495533207.22
1495533207228266088,10,3,202,1495533207.22
1495533207275367469,10,5,101,1495533207.27
1495533207275490389,10,3,202,1495533207.27
1495533207325186582,10,5,83,1495533207.32
1495533207325401833,10,3,202,1495533207.32
1495533207377434218,10,5,202,1495533207.37
1495533207378238510,10,3,-263,1495533207.37
1495533207426344345,10,5,202,1495533207.42
1495533207432047308,10,3,-263,1495533207.42
1495533207475966368,10,5,202,1495533207.47
1495533207476066870,10,3,-263,1495533207.47
1495533207528297604,10,5,202,1495533207.52
1495533207528410048,10,3,-263,1495533207.52
1495533207575789047,10,5,202,1495533207.57
1495533207575867898,10,3,-263,1495533207.57
1495533207634357110,10,5,202,1495533207.62
1495533207634464106,10,3,-263,1495533207.62
1495533207674964928,10,5,202,1495533207.67
1495533207675223201,10,3,-263,1495533207.67
1495533207730456622,10,5,202,1495533207.72
1495533207731326983,10,3,-263,1495533207.72
1495533207776028620,10,5,86,1495533207.77
1495533207776124582,10,3,202,1495533207.77
1495533207825687725,10,5,91,1495533207.82
1495533207826823414,10,3,202,1495533207.82
1495533207875120902,10,5,104,1495533207.87
1495533207875192140,10,3,202,1495533207.87
1495533207925464102,10,5,112,1495533207.92
1495533207925553569,10,3,202,1495533207.92
1495533207975583048,10,5,115,1495533207.97
1495533207975654286,10,3,202,1495533207.97
1495533208025506224,10,5,202,1495533208.02
1495533208030554280,10,3,-263,1495533208.02
1495533208077898151,10,5,202,1495533208.07
1495533208078005497,10,3,-263,1495533208.07
1495533208130092010,10,5,202,1495533208.12
1495533208130187553,10,3,-263,1495533208.12
1495533208175380096,10,5,202,1495533208.17
1495533208175690331,10,3,-263,1495533208.17
1495533208226554206,10,5,202,1495533208.22
1495533208228846326,10,3,-263,1495533208.22
1495533208275175402,10,5,202,1495533208.27
1495533208275588024,10,3,-263,1495533208.27
1495533208325382625,10,5,202,1495533208.32
1495533208325658079,10,3,-263,1495533208.32
1495533208376709265,10,5,202,1495533208.37
1495533208377016496,10,3,-263,1495533208.37
1495533208429607962,10,5,202,1495533208.42
1495533208429716426,10,3,-263,1495533208.42
1495533208475515055,10,5,202,1495533208.47
1495533208475612064,10,3,-263,1495533208.47
1495533208527002610,10,5,202,1495533208.52
1495533208527106115,10,3,-263,1495533208.52
1495533208575922376,10,5,202,1495533208.57
1495533208576429563,10,3,-263,1495533208.57
1495533208629506984,10,5,202,1495533208.62
1495533208629608114,10,3,-263,1495533208.62
1495533208675483294,10,5,202,1495533208.67
1495533208676452341,10,3,-263,1495533208.67
1495533208728784343,10,5,202,1495533208.72
1495533208731198546,10,3,-263,1495533208.72
1495533208775452010,10,5,202,1495533208.77
1495533208775541407,10,3,-263,1495533208.77
1495533208827912449,10,5,202,1495533208.82
1495533208828213954,10,3,-263,1495533208.82
1495533208874729160,10,5,202,1495533208.87
1495533208874793484,10,3,-263,1495533208.87
1495533208925671181,10,5,202,1495533208.92
1495533208925747727,10,3,-263,1495533208.92
1495533208975932322,10,5,202,1495533208.97
1495533208976036316,10,3,-263,1495533208.97
1495533209029942331,10,5,202,1495533209.02
1495533209030022439,10,3,-263,1495533209.02
1495533209075972277,10,5,202,1495533209.07
1495533209076504957,10,3,-263,1495533209.07
1495533209127772161,10,5,202,1495533209.12
1495533209127846542,10,3,-263,1495533209.12
1495533209175545973,10,5,202,1495533209.17
1495533209175953008,10,3,-263,1495533209.17
1495533209225194742,10,5,202,1495533209.22
1495533209225248939,10,3,-263,1495533209.22
1495533209275470765,10,5,202,1495533209.27
1495533209275843088,10,3,-263,1495533209.27
1495533209326318916,10,5,202,1495533209.32
1495533209327671951,10,3,-263,1495533209.32
1495533209377015169,10,5,202,1495533209.37
1495533209377379950,10,3,-263,1495533209.37
1495533209428970865,10,5,202,1495533209.42
1495533209429475119,10,3,-263,1495533209.42
1495533209475764041,10,5,202,1495533209.47
1495533209475857768,10,3,-263,1495533209.47
1495533209526494652,10,5,202,1495533209.52
1495533209527865776,10,3,-263,1495533209.52
1495533209576665836,10,5,202,1495533209.57
1495533209577142013,10,3,-263,1495533209.57
1495533209626152718,10,5,202,1495533209.62
1495533209626245398,10,3,-263,1495533209.62
1495533209675363516,10,5,202,1495533209.67
1495533209675539935,10,3,-263,1495533209.67
1495533209726216976,10,5,202,1495533209.72
1495533209727020709,10,3,-263,1495533209.72
1495533209775595743,10,5,202,1495533209.77
1495533209775690099,10,3,-263,1495533209.77
1495533209825994610,10,5,202,1495533209.82
1495533209826079817,10,3,-263,1495533209.82
1495533209874560982,10,5,202,1495533209.87
1495533209875024170,10,3,-263,1495533209.87
1495533209927761878,10,5,202,1495533209.92
1495533209931624802,10,3,-263,1495533209.92
1495533209975926873,10,5,202,1495533209.97
1495533209976014105,10,3,-263,1495533209.97
1495533210025678730,10,5,202,1495533210.02
1495533210028742529,10,3,-263,1495533210.02
1495533210075025790,10,5,202,1495533210.07
1495533210075106248,10,3,-263,1495533210.07
1495533210130078669,10,5,202,1495533210.12
1495533210131336021,10,3,-263,1495533210.12
1495533210176125725,10,5,202,1495533210.17
1495533210176222455,10,3,-263,1495533210.17
1495533210229096778,10,5,202,1495533210.22
1495533210229346950,10,3,-263,1495533210.22
1495533210276715820,10,5,202,1495533210.27
1495533210279665917,10,3,-263,1495533210.27
1495533210326351113,10,5,202,1495533210.32
1495533210326445748,10,3,-263,1495533210.32
1495533210377665181,10,5,202,1495533210.37
1495533210377734114,10,3,-263,1495533210.37
1495533210425658158,10,5,202,1495533210.42
1495533210426685384,10,3,-263,1495533210.42
1495533210474525616,10,5,202,1495533210.47
1495533210474576670,10,3,-263,1495533210.47
1495533210525395771,10,5,202,1495533210.52
1495533210525489637,10,3,-263,1495533210.52
1495533210575879422,10,5,202,1495533210.57
1495533210578684739,10,3,-263,1495533210.57
1495533210626153976,10,5,202,1495533210.62
1495533210626255944,10,3,-263,1495533210.62
1495533210674906122,10,5,202,1495533210.67
1495533210675139880,10,3,-263,1495533210.67
1495533210725629052,10,5,202,1495533210.72
1495533210725970086,10,3,-263,1495533210.72
1495533210775515632,10,5,202,1495533210.77
1495533210777957982,10,3,-263,1495533210.77
1495533210828854610,10,5,202,1495533210.82
1495533210829678178,10,3,-263,1495533210.82
1495533210876503406,10,5,202,1495533210.87
1495533210876601952,10,3,-263,1495533210.87
1495533210925475069,10,5,202,1495533210.92
1495533210926504600,10,3,-263,1495533210.92
1495533210978386196,10,5,202,1495533210.97
1495533210978482088,10,3,-263,1495533210.97
1495533211027580717,10,5,202,1495533211.02
1495533211027941378,10,3,-263,1495533211.02
1495533211074523558,10,5,202,1495533211.07
1495533211074587253,10,3,-263,1495533211.07
1495533211127907444,10,5,202,1495533211.12
1495533211128012695,10,3,-263,1495533211.12
1495533211176349916,10,5,202,1495533211.17
1495533211176680545,10,3,-263,1495533211.17
1495533211225636560,10,5,202,1495533211.22
1495533211226353969,10,3,-263,1495533211.22
1495533211275178824,10,5,202,1495533211.27
1495533211275317110,10,3,-263,1495533211.27
1495533211326076220,10,5,202,1495533211.32
1495533211326165896,10,3,-263,1495533211.32
1495533211375501223,10,5,202,1495533211.37
1495533211375600188,10,3,-263,1495533211.37
1495533211425572810,10,5,202,1495533211.42
1495533211426444358,10,3,-263,1495533211.42
1495533211474523727,10,5,202,1495533211.47
1495533211474571220,10,3,-263,1495533211.47
1495533211525996543,10,5,202,1495533211.52
1495533211526372148,10,3,-263,1495533211.52
1495533211575792405,10,5,202,1495533211.57
1495533211576189383,10,3,-263,1495533211.57
1495533211625541815,10,5,202,1495533211.62
1495533211625612913,10,3,-263,1495533211.62
1495533211674572980,10,5,202,1495533211.67
1495533211674794307,10,3,-263,1495533211.67
1495533211725626744,10,5,202,1495533211.72
1495533211725713138,10,3,-263,1495533211.72
1495533211774613145,10,5,202,1495533211.77
1495533211775085272,10,3,-263,1495533211.77
1495533211826643784,10,5,202,1495533211.82
1495533211826737441,10,3,-263,1495533211.82
1495533211874460269,10,5,202,1495533211.87
1495533211874918986,10,3,-263,1495533211.87
1495533211925519207,10,5,202,1495533211.92
1495533211927707403,10,3,-263,1495533211.92
1495533211975601764,10,5,202,1495533211.97
1495533211975970107,10,3,-263,1495533211.97
1495533212025462155,10,5,202,1495533212.02
1495533212025882879,10,3,-263,1495533212.02
1495533212074551637,10,5,202,1495533212.07
1495533212075003021,10,3,-263,1495533212.07
1495533212131560978,10,5,202,1495533212.12
1495533212131622369,10,3,-263,1495533212.12
1495533212174898962,10,5,202,1495533212.17
1495533212177189757,10,3,-263,1495533212.17
1495533212229464352,10,5,202,1495533212.22
1495533212232292715,10,3,-263,1495533212.22
1495533212274626034,10,5,202,1495533212.27
1495533212276004212,10,3,-263,1495533212.27
1495533212325166886,10,5,202,1495533212.32
1495533212325730504,10,3,-263,1495533212.32
1495533212377192077,10,5,202,1495533212.37
1495533212377287969,10,3,-263,1495533212.37
1495533212425611850,10,5,202,1495533212.42
1495533212426535641,10,3,-263,1495533212.42
1495533212474683035,10,5,202,1495533212.47
1495533212474736883,10,3,-263,1495533212.47
1495533212525716132,10,5,202,1495533212.52
1495533212525817612,10,3,-263,1495533212.52
1495533212576032237,10,5,202,1495533212.57
1495533212576124707,10,3,-263,1495533212.57
1495533212626784082,10,5,202,1495533212.62
1495533212626882070,10,3,-263,1495533212.62
1495533212675720124,10,5,202,1495533212.67
1495533212675815109,10,3,-263,1495533212.67
1495533212729528499,10,5,202,1495533212.72
1495533212729617966,10,3,-263,1495533212.72
1495533212775547484,10,5,202,1495533212.77
1495533212775645122,10,3,-263,1495533212.77
1495533212825523881,10,5,202,1495533212.82
1495533212826182903,10,3,-263,1495533212.82
1495533212875078782,10,5,202,1495533212.87
1495533212875458928,10,3,-263,1495533212.87
1495533212925736205,10,5,202,1495533212.92
1495533212926631571,10,3,-263,1495533212.92
1495533212975674257,10,5,202,1495533212.97
1495533212976721598,10,3,-263,1495533212.97
1495533213025885042,10,5,202,1495533213.02
1495533213025984427,10,3,-263,1495533213.02
1495533213074684473,10,5,202,1495533213.07
1495533213075262619,10,3,-263,1495533213.07
1495533213125434225,10,5,202,1495533213.12
1495533213125752283,10,3,-238,1495533213.12
1495533213175892107,10,5,202,1495533213.17
1495533213175991002,10,3,-225,1495533213.17
1495533213225465312,10,5,202,1495533213.22
1495533213225891344,10,3,-228,1495533213.22
1495533213274500176,10,5,202,1495533213.27
1495533213274714449,10,3,-221,1495533213.27
1495533213324664380,10,5,202,1495533213.32
1495533213325230023,10,3,-220,1495533213.32
1495533213375603119,10,5,202,1495533213.37
1495533213376008268,10,3,-211,1495533213.37
1495533213425558075,10,5,202,1495533213.42
1495533213425649567,10,3,-211,1495533213.42
1495533213474908415,10,5,202,1495533213.47
1495533213475964904,10,3,-223,1495533213.47
1495533213525516945,10,5,202,1495533213.52
1495533213525603618,10,3,-221,1495533213.52
1495533213575605788,10,5,202,1495533213.57
1495533213575938442,10,3,-211,1495533213.57
1495533213625468693,10,5,202,1495533213.62
1495533213625559836,10,3,-169,1495533213.62
1495533213674581639,10,5,202,1495533213.67
1495533213675110267,10,3,-166,1495533213.67
1495533213726306377,10,5,202,1495533213.72
1495533213726410440,10,3,-132,1495533213.72
1495533213779046878,10,5,202,1495533213.77
1495533213779516560,10,3,-132,1495533213.77
1495533213828424037,10,5,202,1495533213.82
1495533213828537389,10,3,-156,1495533213.82
1495533213874682645,10,5,202,1495533213.87
1495533213874927159,10,3,-183,1495533213.87
1495533213925547704,10,5,202,1495533213.92
1495533213925918422,10,3,-203,1495533213.92
1495533213974655135,10,5,202,1495533213.97
1495533213974860748,10,3,-195,1495533213.97
1495533214025562096,10,5,202,1495533214.02
1495533214025833150,10,3,-243,1495533214.02
1495533214075066856,10,5,202,1495533214.07
1495533214075747598,10,3,-248,1495533214.07
1495533214125544364,10,5,202,1495533214.12
1495533214125634319,10,3,-263,1495533214.12
1495533214174681691,10,5,202,1495533214.17
1495533214175201939,10,3,-263,1495533214.17
1495533214225532079,10,5,202,1495533214.22
1495533214225625945,10,3,-263,1495533214.22
1495533214274698943,10,5,202,1495533214.27
1495533214274758797,10,3,-263,1495533214.27
1495533214325101235,10,5,202,1495533214.32
1495533214325489413,10,3,-172,1495533214.32
1495533214375259708,10,5,202,1495533214.37
1495533214375786242,10,3,-145,1495533214.37
1495533214425799656,10,5,202,1495533214.42
1495533214425900437,10,3,202,1495533214.42
1495533214474496136,10,5,202,1495533214.47
1495533214474860917,10,3,-263,1495533214.47
1495533214525567436,10,5,202,1495533214.52
1495533214525660116,10,3,202,1495533214.52
1495533214574716638,10,5,202,1495533214.57
1495533214574789413,10,3,202,1495533214.57
1495533214626076729,10,5,202,1495533214.62
1495533214626603751,10,3,-263,1495533214.62
1495533214674945028,10,5,202,1495533214.67
1495533214675013821,10,3,-263,1495533214.67
1495533214726026450,10,5,202,1495533214.72
1495533214726118011,10,3,-263,1495533214.72
1495533214774774342,10,5,202,1495533214.77
1495533214774832590,10,3,-263,1495533214.77
1495533214825679136,10,5,202,1495533214.82
1495533214825995028,10,3,-263,1495533214.82
1495533214874622580,10,5,202,1495533214.87
1495533214874798999,10,3,-263,1495533214.87
1495533214925620199,10,5,202,1495533214.92
1495533214926886492,10,3,-263,1495533214.92
1495533214975791870,10,5,202,1495533214.97
1495533214976321128,10,3,-263,1495533214.97
1495533215025596668,10,5,202,1495533215.02
1495533215026045957,10,3,202,1495533215.02
1495533215075969067,10,5,202,1495533215.07
1495533215076241169,10,3,202,1495533215.07
1495533215124963145,10,5,202,1495533215.12
1495533215125191177,10,3,202,1495533215.12
1495533215175021953,10,5,202,1495533215.17
1495533215175236366,10,3,202,1495533215.17
1495533215226641649,10,5,202,1495533215.22
1495533215227979598,10,3,202,1495533215.22
1495533215275835683,10,5,202,1495533215.27
1495533215276048559,10,3,202,1495533215.27
1495533215325717025,10,5,202,1495533215.32
1495533215325803419,10,3,-263,1495533215.32
1495533215374781365,10,5,202,1495533215.37
1495533215375438640,10,3,-263,1495533215.37
1495533215425426842,10,5,202,1495533215.42
1495533215425515541,10,3,-263,1495533215.42
1495533215474431399,10,5,202,1495533215.47
1495533215474482802,10,3,-263,1495533215.47
1495533215525573376,10,5,202,1495533215.52
1495533215529135770,10,3,-263,1495533215.52
1495533215574926929,10,5,202,1495533215.57
1495533215575144625,10,3,-263,1495533215.57
1495533215625756575,10,5,202,1495533215.62
1495533215626157744,10,3,-263,1495533215.62
1495533215675073671,10,5,202,1495533215.67
1495533215675848839,10,3,-263,1495533215.67
1495533215725782493,10,5,202,1495533215.72
1495533215726177375,10,3,-263,1495533215.72
1495533215776299812,10,5,202,1495533215.77
1495533215778724563,10,3,-263,1495533215.77
1495533215828232185,10,5,202,1495533215.82
1495533215828601157,10,3,-263,1495533215.82
1495533215875905914,10,5,202,1495533215.87
1495533215876003203,10,3,-263,1495533215.87
1495533215926041759,10,5,202,1495533215.92
1495533215926119353,10,3,-263,1495533215.92
1495533215974635089,10,5,202,1495533215.97
1495533215974854879,10,3,-263,1495533215.97
1495533216027870284,10,5,202,1495533216.02
1495533216027957935,10,3,-263,1495533216.02
1495533216074816405,10,5,202,1495533216.07
1495533216074861173,10,3,-263,1495533216.07
1495533216125457761,10,5,202,1495533216.12
1495533216125842168,10,3,-263,1495533216.12
1495533216174938844,10,5,202,1495533216.17
1495533216174997790,10,3,-263,1495533216.17
1495533216225670017,10,5,202,1495533216.22
1495533216226584170,10,3,-263,1495533216.22
1495533216275093547,10,5,202,1495533216.27
1495533216275853770,10,3,-263,1495533216.27
1495533216326773168,10,5,202,1495533216.32
1495533216328455364,10,3,-263,1495533216.32
1495533216376588299,10,5,202,1495533216.37
1495533216376645080,10,3,-263,1495533216.37
1495533216426730847,10,5,202,1495533216.42
1495533216426822339,10,3,-263,1495533216.42
1495533216475008215,10,5,202,1495533216.47
1495533216476757599,10,3,-263,1495533216.47
1495533216525493616,10,5,202,1495533216.52
1495533216526545844,10,3,-263,1495533216.52
1495533216575086024,10,5,202,1495533216.57
1495533216575292126,10,3,-263,1495533216.57
1495533216625501165,10,5,202,1495533216.62
1495533216625933134,10,3,-263,1495533216.62
1495533216677342187,10,5,202,1495533216.67
1495533216677410072,10,3,-263,1495533216.67
1495533216725638344,10,5,202,1495533216.72
1495533216726100344,10,3,-263,1495533216.72
1495533216774593451,10,5,202,1495533216.77
1495533216774767914,10,3,-263,1495533216.77
1495533216827615419,10,5,202,1495533216.82
1495533216827721229,10,3,-263,1495533216.82
1495533216875219724,10,5,202,1495533216.87
1495533216875267636,10,3,-263,1495533216.87
1495533216925545325,10,5,202,1495533216.92
1495533216926294234,10,3,-263,1495533216.92
1495533216976487422,10,5,202,1495533216.97
1495533216976539594,10,3,-263,1495533216.97
1495533217028886054,10,5,202,1495533217.02
1495533217028984530,10,3,-263,1495533217.02
1495533217074536972,10,5,202,1495533217.07
1495533217074750896,10,3,-263,1495533217.07
1495533217125508745,10,5,202,1495533217.12
1495533217125995609,10,3,-263,1495533217.12
1495533217175171067,10,5,202,1495533217.17
1495533217175217581,10,3,-263,1495533217.17
1495533217225772401,10,5,202,1495533217.22
1495533217225877233,10,3,-263,1495533217.22
1495533217276551417,10,5,202,1495533217.27
1495533217276614344,10,3,-263,1495533217.27
1495533217325568264,10,5,202,1495533217.32
1495533217325666391,10,3,-263,1495533217.32
1495533217374953384,10,5,202,1495533217.37
1495533217374991447,10,3,-263,1495533217.37
1495533217426098714,10,5,202,1495533217.42
1495533217430026450,10,3,-263,1495533217.42
1495533217476869208,10,5,202,1495533217.47
1495533217476935418,10,3,-263,1495533217.47
1495533217525513312,10,5,202,1495533217.52
1495533217526508061,10,3,-263,1495533217.52
1495533217578656241,10,5,202,1495533217.57
1495533217579986925,10,3,-263,1495533217.57
1495533217626437458,10,5,202,1495533217.62
1495533217626798747,10,3,-263,1495533217.62
1495533217675522822,10,5,202,1495533217.67
1495533217676326137,10,3,-263,1495533217.67
1495533217725919452,10,5,202,1495533217.72
1495533217726254620,10,3,-263,1495533217.72
1495533217775103014,10,5,202,1495533217.77
1495533217775580728,10,3,-263,1495533217.77
1495533217825645962,10,5,202,1495533217.82
1495533217825741435,10,3,-263,1495533217.82
1495533217876245695,10,5,202,1495533217.87
1495533217876296050,10,3,-263,1495533217.87
1495533217928542357,10,5,202,1495533217.92
1495533217929879190,10,3,-263,1495533217.92
1495533217975166791,10,5,202,1495533217.97
1495533217975455655,10,3,-263,1495533217.97
1495533218025946922,10,5,202,1495533218.02
1495533218026040858,10,3,-263,1495533218.02
1495533218075890077,10,5,202,1495533218.07
1495533218076266800,10,3,-263,1495533218.07
1495533218125687121,10,5,202,1495533218.12
1495533218126057001,10,3,-263,1495533218.12
1495533218176689764,10,5,202,1495533218.17
1495533218176746195,10,3,-263,1495533218.17
1495533218231598560,10,5,202,1495533218.22
1495533218231706535,10,3,-263,1495533218.22
1495533218275504915,10,5,202,1495533218.27
1495533218275975715,10,3,-263,1495533218.27
1495533218333439027,10,5,202,1495533218.32
1495533218333544976,10,3,-263,1495533218.32
1495533218374470921,10,5,202,1495533218.37
1495533218374674298,10,3,-263,1495533218.37
1495533218425600815,10,5,202,1495533218.42
1495533218426156752,10,3,-263,1495533218.42
1495533218474995783,10,5,202,1495533218.47
1495533218475224723,10,3,-263,1495533218.47
1495533218525868737,10,5,202,1495533218.52
1495533218526317747,10,3,-263,1495533218.52
1495533218578973322,10,5,202,1495533218.57
1495533218579070401,10,3,-263,1495533218.57
1495533218625640431,10,5,202,1495533218.62
1495533218625742330,10,3,-263,1495533218.62
1495533218677264945,10,5,202,1495533218.67
1495533218677368100,10,3,-263,1495533218.67
1495533218725955703,10,5,202,1495533218.72
1495533218726468617,10,3,-263,1495533218.72
1495533218781762168,10,5,202,1495533218.77
1495533218781884041,10,3,-263,1495533218.77
1495533218825901232,10,5,202,1495533218.82
1495533218826262172,10,3,-263,1495533218.82
1495533218880319047,10,5,202,1495533218.87
1495533218880439244,10,3,-263,1495533218.87
1495533218926094210,10,5,202,1495533218.92
1495533218926510744,10,3,-263,1495533218.92
1495533218975749686,10,5,202,1495533218.97
1495533218976777749,10,3,-263,1495533218.97
1495533219025808289,10,5,202,1495533219.02
1495533219032154974,10,3,-263,1495533219.02
1495533219076150092,10,5,202,1495533219.07
1495533219076496156,10,3,-263,1495533219.07
1495533219125999519,10,5,202,1495533219.12
1495533219127654128,10,3,-263,1495533219.12
1495533219176068528,10,5,202,1495533219.17
1495533219176413823,10,3,-263,1495533219.17
1495533219225935623,10,5,202,1495533219.22
1495533219226339096,10,3,-263,1495533219.22
1495533219276189709,10,5,202,1495533219.27
1495533219276532280,10,3,-263,1495533219.27
1495533219324999057,10,5,202,1495533219.32
1495533219325068479,10,3,-263,1495533219.32
1495533219375568827,10,5,202,1495533219.37
1495533219376227779,10,3,-263,1495533219.37
1495533219425847703,10,5,202,1495533219.42
1495533219426147182,10,3,-263,1495533219.42
1495533219475909378,10,5,202,1495533219.47
1495533219476273182,10,3,-263,1495533219.47
1495533219525844220,10,5,202,1495533219.52
1495533219526219127,10,3,-263,1495533219.52
1495533219575871603,10,5,202,1495533219.57
1495533219576641464,10,3,-263,1495533219.57
1495533219626058153,10,5,202,1495533219.62
1495533219626460578,10,3,-263,1495533219.62
1495533219676000112,10,5,202,1495533219.67
1495533219676531885,10,3,-263,1495533219.67
1495533219725747437,10,5,202,1495533219.72
1495533219725845145,10,3,-263,1495533219.72
1495533219775864422,10,5,202,1495533219.77
1495533219776228156,10,3,-263,1495533219.77
1495533219825779500,10,5,202,1495533219.82
1495533219826655030,10,3,-263,1495533219.82
1495533219875341316,10,5,202,1495533219.87
1495533219877182054,10,3,-263,1495533219.87
1495533219926204071,10,5,202,1495533219.92
1495533219926628077,10,3,-263,1495533219.92
1495533219978223743,10,5,202,1495533219.97
1495533219978289254,10,3,-263,1495533219.97
1495533220025600718,10,5,202,1495533220.02
1495533220026497550,10,3,-263,1495533220.02
1495533220079076584,10,5,202,1495533220.07
1495533220079189518,10,3,-263,1495533220.07
1495533220124695165,10,5,202,1495533220.12
1495533220125252289,10,3,-263,1495533220.12
1495533220175892246,10,5,202,1495533220.17
1495533220176240824,10,3,-263,1495533220.17
1495533220225916696,10,5,202,1495533220.22
1495533220226328550,10,3,-263,1495533220.22
1495533220274772278,10,5,202,1495533220.27
1495533220276290418,10,3,-263,1495533220.27
1495533220324855605,10,5,202,1495533220.32
1495533220325118697,10,3,-251,1495533220.32
1495533220375130360,10,5,202,1495533220.37
1495533220375363070,10,3,-250,1495533220.37
1495533220426268428,10,5,202,1495533220.42
1495533220426631464,10,3,-227,1495533220.42
1495533220475474199,10,5,202,1495533220.47
1495533220476519094,10,3,-200,1495533220.47
1495533220525522112,10,5,202,1495533220.52
1495533220525612207,10,3,-213,1495533220.52
1495533220575697630,10,5,202,1495533220.57
1495533220576260759,10,3,-221,1495533220.57
1495533220625968685,10,5,202,1495533220.62
1495533220626347923,10,3,-210,1495533220.62
1495533220675054813,10,5,202,1495533220.67
1495533220675302819,10,3,-246,1495533220.67
1495533220725824118,10,5,202,1495533220.72
1495533220725913864,10,3,-254,1495533220.72
1495533220776026874,10,5,202,1495533220.77
1495533220777120519,10,3,-232,1495533220.77
1495533220826567797,10,5,202,1495533220.82
1495533220827344571,10,3,-221,1495533220.82
1495533220875612300,10,5,202,1495533220.87
1495533220875721671,10,3,-227,1495533220.87
1495533220925897675,10,5,202,1495533220.92
1495533220926678291,10,3,-236,1495533220.92
1495533220976510888,10,5,202,1495533220.97
1495533220976604825,10,3,-209,1495533220.97
1495533221025906694,10,5,202,1495533221.02
1495533221026680395,10,3,-201,1495533221.02
1495533221078201265,10,5,202,1495533221.07
1495533221079114092,10,3,-175,1495533221.07
1495533221125926884,10,5,202,1495533221.12
1495533221127815882,10,3,-184,1495533221.12
1495533221176872609,10,5,202,1495533221.17
1495533221177164965,10,3,-110,1495533221.17
1495533221228757558,10,5,202,1495533221.22
1495533221228856174,10,3,-111,1495533221.22
1495533221274983969,10,5,202,1495533221.27
1495533221275333525,10,3,-133,1495533221.27
1495533221325684062,10,5,202,1495533221.32
1495533221326614558,10,3,-172,1495533221.32
1495533221378605872,10,5,202,1495533221.37
1495533221378701973,10,3,-155,1495533221.37
1495533221426959648,10,5,202,1495533221.42
1495533221431838062,10,3,-167,1495533221.42
1495533221476972011,10,5,202,1495533221.47
1495533221477075306,10,3,-207,1495533221.47
1495533221526123237,10,5,202,1495533221.52
1495533221526228906,10,3,-202,1495533221.52
1495533221576217455,10,5,202,1495533221.57
1495533221576626306,10,3,-263,1495533221.57
1495533221625844160,10,5,202,1495533221.62
1495533221625928738,10,3,-263,1495533221.62
1495533221675071788,10,5,202,1495533221.67
1495533221675127661,10,3,-263,1495533221.67
1495533221726635394,10,5,202,1495533221.72
1495533221726749934,10,3,-263,1495533221.72
1495533221775542456,10,5,202,1495533221.77
1495533221775639395,10,3,202,1495533221.77
1495533221826003131,10,5,202,1495533221.82
1495533221826089175,10,3,202,1495533221.82
1495533221875774268,10,5,202,1495533221.87
1495533221877278089,10,3,166,1495533221.87
1495533221929455950,10,5,202,1495533221.92
1495533221929581106,10,3,155,1495533221.92
1495533221976556633,10,5,202,1495533221.97
1495533221977559205,10,3,87,1495533221.97
1495533222025514746,10,5,202,1495533222.02
1495533222025634663,10,3,77,1495533222.02
1495533222077767828,10,5,202,1495533222.07
1495533222079252515,10,3,-142,1495533222.07
1495533222125653945,10,5,202,1495533222.12
1495533222126042611,10,3,-128,1495533222.12
1495533222176841111,10,5,202,1495533222.17
1495533222177273149,10,3,-263,1495533222.17
1495533222225535432,10,5,202,1495533222.22
1495533222226477869,10,3,-263,1495533222.22
1495533222277749683,10,5,202,1495533222.27
1495533222277846064,10,3,-263,1495533222.27
1495533222328851295,10,5,202,1495533222.32
1495533222331560716,10,3,202,1495533222.32
1495533222377226577,10,5,202,1495533222.37
1495533222377331828,10,3,202,1495533222.37
1495533222428132005,10,5,202,1495533222.42
1495533222437344489,10,3,202,1495533222.42
1495533222475521200,10,5,202,1495533222.47
1495533222476489550,10,3,202,1495533222.47
1495533222525815099,10,5,202,1495533222.52
1495533222525905753,10,3,202,1495533222.52
1495533222577141735,10,5,202,1495533222.57
1495533222577616796,10,3,202,1495533222.57
1495533222625816569,10,5,202,1495533222.62
1495533222625920283,10,3,190,1495533222.62
1495533222675594268,10,5,202,1495533222.67
1495533222675692675,10,3,191,1495533222.67
1495533222726108025,10,5,202,1495533222.72
1495533222726498647,10,3,193,1495533222.72
1495533222775690240,10,5,202,1495533222.77
1495533222777751534,10,3,-263,1495533222.77
1495533222825808066,10,5,202,1495533222.82
1495533222830989310,10,3,-263,1495533222.82
1495533222875669013,10,5,202,1495533222.87
1495533222876495305,10,3,-263,1495533222.87
1495533222928588733,10,5,202,1495533222.92
1495533222929223519,10,3,-263,1495533222.92
1495533222975568098,10,5,202,1495533222.97
1495533222976529185,10,3,-263,1495533222.97
1495533223026373511,10,5,202,1495533223.02
1495533223027083727,10,3,-263,1495533223.02
1495533223075981568,10,5,202,1495533223.07
1495533223080838397,10,3,-263,1495533223.07
1495533223125613437,10,5,202,1495533223.12
1495533223128552498,10,3,-263,1495533223.12
1495533223175476197,10,5,202,1495533223.17
1495533223175574045,10,3,-263,1495533223.17
1495533223226978699,10,5,202,1495533223.22
1495533223227074102,10,3,-263,1495533223.22
1495533223275992893,10,5,202,1495533223.27
1495533223277729848,10,3,-263,1495533223.27
1495533223326025725,10,5,202,1495533223.32
1495533223327250393,10,3,-263,1495533223.32
1495533223375567361,10,5,202,1495533223.37
1495533223375866840,10,3,-263,1495533223.37
1495533223432882332,10,5,202,1495533223.42
1495533223432976827,10,3,-263,1495533223.42
1495533223474655590,10,5,202,1495533223.47
1495533223475076314,10,3,-263,1495533223.47
1495533223525611299,10,5,202,1495533223.52
1495533223526018125,10,3,-263,1495533223.52
1495533223575863986,10,5,202,1495533223.57
1495533223577915644,10,3,-263,1495533223.57
1495533223625573594,10,5,202,1495533223.62
1495533223625669207,10,3,-263,1495533223.62
1495533223675479593,10,5,202,1495533223.67
1495533223675571574,10,3,-263,1495533223.67
1495533223725478129,10,5,202,1495533223.72
1495533223725564802,10,3,-263,1495533223.72
1495533223775536730,10,5,202,1495533223.77
1495533223775622983,10,3,-263,1495533223.77
1495533223825645893,10,5,202,1495533223.82
1495533223826812032,10,3,-263,1495533223.82
1495533223874535836,10,5,202,1495533223.87
1495533223874584306,10,3,-263,1495533223.87
1495533223925537366,10,5,202,1495533223.92
1495533223926509835,10,3,-263,1495533223.92
1495533223975790192,10,5,202,1495533223.97
1495533223976555164,10,3,-263,1495533223.97
1495533224026530096,10,5,202,1495533224.02
1495533224026620121,10,3,-263,1495533224.02
1495533224075942384,10,5,202,1495533224.07
1495533224076043444,10,3,-263,1495533224.07
1495533224125727001,10,5,202,1495533224.12
1495533224126718049,10,3,-263,1495533224.12
1495533224175331702,10,5,202,1495533224.17
1495533224176153665,10,3,-263,1495533224.17
1495533224227006710,10,5,202,1495533224.22
1495533224227452368,10,3,-263,1495533224.22
1495533224274526228,10,5,202,1495533224.27
1495533224275061562,10,3,-263,1495533224.27
1495533224325101794,10,5,202,1495533224.32
1495533224325151451,10,3,-263,1495533224.32
1495533224375304266,10,5,202,1495533224.37
1495533224375377599,10,3,-263,1495533224.37
1495533224425589155,10,5,202,1495533224.42
1495533224425681416,10,3,-263,1495533224.42
1495533224475378446,10,5,202,1495533224.47
1495533224476778206,10,3,-263,1495533224.47
1495533224525783530,10,5,202,1495533224.52
1495533224525919721,10,3,-263,1495533224.52
1495533224575603972,10,5,202,1495533224.57
1495533224575987331,10,3,-263,1495533224.57
1495533224628282876,10,5,202,1495533224.62
1495533224628366196,10,3,-263,1495533224.62
1495533224675475401,10,5,202,1495533224.67
1495533224675782842,10,3,-263,1495533224.67
1495533224725884114,10,5,202,1495533224.72
1495533224725993415,10,3,-263,1495533224.72
1495533224776273831,10,5,202,1495533224.77
1495533224776374263,10,3,-263,1495533224.77
1495533224825615719,10,5,202,1495533224.82
1495533224825706024,10,3,-263,1495533224.82
1495533224876119350,10,5,202,1495533224.87
1495533224876502639,10,3,-263,1495533224.87
1495533224925992800,10,5,202,1495533224.92
1495533224926097632,10,3,-263,1495533224.92
1495533224975820713,10,5,202,1495533224.97
1495533224976232567,10,3,-263,1495533224.97
1495533225025046808,10,5,202,1495533225.02
1495533225025091088,10,3,-263,1495533225.02
1495533225075894194,10,5,202,1495533225.07
1495533225076837750,10,3,-263,1495533225.07
1495533225124630701,10,5,202,1495533225.12
1495533225124682872,10,3,-263,1495533225.12
1495533225175803198,10,5,202,1495533225.17
1495533225176388887,10,3,-263,1495533225.17
1495533225225095850,10,5,202,1495533225.22
1495533225226172243,10,3,-263,1495533225.22
1495533225275976414,10,5,202,1495533225.27
1495533225276906698,10,3,-263,1495533225.27
1495533225325259355,10,5,202,1495533225.32
1495533225325389679,10,3,-263,1495533225.32
1495533225376430949,10,5,202,1495533225.37
1495533225376505260,10,3,-263,1495533225.37
1495533225426004570,10,5,202,1495533225.42
1495533225426363554,10,3,-263,1495533225.42
1495533225475715289,10,5,202,1495533225.47
1495533225475811531,10,3,-263,1495533225.47
1495533225525457858,10,5,202,1495533225.52
1495533225525767185,10,3,-263,1495533225.52
1495533225578960264,10,5,202,1495533225.57
1495533225579080531,10,3,-263,1495533225.57
1495533225626724785,10,5,202,1495533225.62
1495533225626986410,10,3,-263,1495533225.62
1495533225675562979,10,5,202,1495533225.67
1495533225680788017,10,3,-263,1495533225.67
1495533225725542590,10,5,202,1495533225.72
1495533225725883276,10,3,-263,1495533225.72
1495533225775553841,10,5,202,1495533225.77
1495533225776200151,10,3,-263,1495533225.77
1495533225826359394,10,5,202,1495533225.82
1495533225828259286,10,3,-263,1495533225.82
1495533225875860451,10,5,202,1495533225.87
1495533225877589650,10,3,-263,1495533225.87
1495533225924725740,10,5,202,1495533225.92
1495533225924804172,10,3,-263,1495533225.92
1495533225975775878,10,5,202,1495533225.97
1495533225976806317,10,3,-263,1495533225.97
1495533226025701920,10,5,202,1495533226.02
1495533226027565213,10,3,-263,1495533226.02
1495533226075975698,10,5,202,1495533226.07
1495533226079440525,10,3,-263,1495533226.07
1495533226125933173,10,5,202,1495533226.12
1495533226126190468,10,3,-263,1495533226.12
1495533226176082915,10,5,202,1495533226.17
1495533226176186978,10,3,-263,1495533226.17
1495533226224777723,10,5,202,1495533226.22
1495533226224834783,10,3,-263,1495533226.22
1495533226277154703,10,5,202,1495533226.27
1495533226277257300,10,3,-263,1495533226.27
1495533226324834371,10,5,202,1495533226.32
1495533226325331082,10,3,-263,1495533226.32
1495533226375454214,10,5,202,1495533226.37
1495533226378771327,10,3,-263,1495533226.37
1495533226425763756,10,5,202,1495533226.42
1495533226430275785,10,3,-261,1495533226.42
1495533226475845896,10,5,202,1495533226.47
1495533226479660205,10,3,-240,1495533226.47
1495533226524961357,10,5,202,1495533226.52
1495533226525484817,10,3,-256,1495533226.52
1495533226575580013,10,5,202,1495533226.57
1495533226576305175,10,3,-260,1495533226.57
1495533226626652082,10,5,202,1495533226.62
1495533226627056882,10,3,-246,1495533226.62
1495533226675464228,10,5,202,1495533226.67
1495533226675565568,10,3,-263,1495533226.67
1495533226724973316,10,5,202,1495533226.72
1495533226725037570,10,3,-263,1495533226.72
1495533226775496572,10,5,202,1495533226.77
1495533226775903396,10,3,-242,1495533226.77
1495533226825506629,10,5,202,1495533226.82
1495533226825764763,10,3,-230,1495533226.82
1495533226874676708,10,5,202,1495533226.87
1495533226874901807,10,3,-222,1495533226.87
1495533226925876447,10,5,202,1495533226.92
1495533226925982047,10,3,-235,1495533226.92
1495533226975782652,10,5,202,1495533226.97
1495533226976636323,10,3,-210,1495533226.97
1495533227026747795,10,5,202,1495533227.02
1495533227027149243,10,3,-203,1495533227.02
1495533227074502121,10,5,202,1495533227.07
1495533227074726800,10,3,-191,1495533227.07
1495533227124777296,10,5,202,1495533227.12
1495533227124832610,10,3,-199,1495533227.12
1495533227175863749,10,5,202,1495533227.17
1495533227175952797,10,3,-207,1495533227.17
1495533227232829308,10,5,202,1495533227.22
1495533227232934768,10,3,-199,1495533227.22
1495533227275820596,10,5,202,1495533227.27
1495533227276662952,10,3,-204,1495533227.27
1495533227326104018,10,5,202,1495533227.32
1495533227326302856,10,3,-210,1495533227.32
1495533227376465380,10,5,202,1495533227.37
1495533227377226928,10,3,-186,1495533227.37
1495533227424771313,10,5,202,1495533227.42
1495533227424821529,10,3,-172,1495533227.42
1495533227478427160,10,5,202,1495533227.47
1495533227478521864,10,3,-153,1495533227.47
1495533227525736876,10,5,202,1495533227.52
1495533227525989702,10,3,-149,1495533227.52
1495533227575620520,10,5,202,1495533227.57
1495533227575940394,10,3,-165,1495533227.57
1495533227625644483,10,5,202,1495533227.62
1495533227625701404,10,3,-162,1495533227.62
1495533227675734929,10,5,202,1495533227.67
1495533227676298898,10,3,-164,1495533227.67
1495533227728223656,10,5,202,1495533227.72
1495533227728532844,10,3,-160,1495533227.72
1495533227775589249,10,5,202,1495533227.77
1495533227776034557,10,3,-201,1495533227.77
1495533227825127249,10,5,202,1495533227.82
1495533227825183681,10,3,-197,1495533227.82
1495533227875548260,10,5,202,1495533227.87
1495533227876509275,10,3,-184,1495533227.87
1495533227925234742,10,5,202,1495533227.92
1495533227926261131,10,3,-181,1495533227.92
1495533227975609239,10,5,202,1495533227.97
1495533227975996019,10,3,-147,1495533227.97
1495533228028970911,10,5,202,1495533228.03
1495533228029032022,10,3,-142,1495533228.03
1495533228078739038,10,5,202,1495533228.07
1495533228079508130,10,3,-114,1495533228.07
1495533228125771417,10,5,202,1495533228.12
1495533228125834484,10,3,-109,1495533228.12
1495533228175589061,10,5,202,1495533228.17
1495533228175958173,10,3,77,1495533228.17
1495533228228243313,10,5,202,1495533228.22
1495533228228304284,10,3,81,1495533228.22
1495533228275574968,10,5,202,1495533228.27
1495533228276553165,10,3,107,1495533228.27
1495533228328018783,10,5,202,1495533228.32
1495533228329011787,10,3,111,1495533228.32
1495533228376712126,10,5,202,1495533228.37
1495533228377206393,10,3,113,1495533228.37
1495533228425266765,10,5,202,1495533228.42
1495533228425319356,10,3,157,1495533228.42
1495533228475347574,10,5,202,1495533228.47
1495533228475502412,10,3,167,1495533228.47
1495533228525109072,10,5,202,1495533228.52
1495533228525167529,10,3,172,1495533228.52
1495533228575535877,10,5,202,1495533228.57
1495533228575631629,10,3,202,1495533228.57
1495533228625075067,10,5,202,1495533228.62
1495533228625128495,10,3,202,1495533228.62
1495533228676530421,10,5,202,1495533228.67
1495533228677065406,10,3,202,1495533228.67
1495533228725479106,10,5,202,1495533228.72
1495533228725683601,10,3,202,1495533228.72
1495533228775872872,10,5,202,1495533228.77
1495533228775977424,10,3,202,1495533228.77
1495533228825613346,10,5,202,1495533228.82
1495533228825907028,10,3,202,1495533228.82
1495533228875777336,10,5,202,1495533228.87
1495533228876172358,10,3,202,1495533228.87
1495533228927063888,10,5,202,1495533228.92
1495533228927286961,10,3,202,1495533228.92
1495533228975596805,10,5,202,1495533228.97
1495533228975691230,10,3,188,1495533228.97
1495533229025824349,10,5,202,1495533229.02
1495533229025878685,10,3,180,1495533229.02
1495533229075467670,10,5,202,1495533229.07
1495533229079230299,10,3,168,1495533229.07
1495533229124820805,10,5,202,1495533229.12
1495533229124856005,10,3,161,1495533229.12
1495533229175488422,10,5,202,1495533229.17
1495533229175574048,10,3,-263,1495533229.17
1495533229226721127,10,5,202,1495533229.22
1495533229227086257,10,3,-263,1495533229.22
1495533229277569425,10,5,202,1495533229.27
1495533229277687317,10,3,-263,1495533229.27
1495533229324778989,10,5,202,1495533229.32
1495533229324827669,10,3,-263,1495533229.32
1495533229375755164,10,5,202,1495533229.37
1495533229376340434,10,3,202,1495533229.37
1495533229429002365,10,5,202,1495533229.42
1495533229429095534,10,3,202,1495533229.42
1495533229474578276,10,5,202,1495533229.47
1495533229474788778,10,3,191,1495533229.47
1495533229524669560,10,5,202,1495533229.52
1495533229524706018,10,3,162,1495533229.52
1495533229575800364,10,5,202,1495533229.57
1495533229576629310,10,3,-263,1495533229.57
1495533229629478281,10,5,202,1495533229.62
1495533229629639474,10,3,-263,1495533229.62
1495533229675194641,10,5,202,1495533229.67
1495533229675267974,10,3,-263,1495533229.67
1495533229728882051,10,5,202,1495533229.72
1495533229729326870,10,3,-263,1495533229.72
1495533229775793393,10,5,202,1495533229.77
1495533229776698467,10,3,-263,1495533229.77
1495533229829216180,10,5,202,1495533229.82
1495533229829527113,10,3,-263,1495533229.82
1495533229874820164,10,5,202,1495533229.87
1495533229875806602,10,3,-263,1495533229.87
1495533229926592596,10,5,202,1495533229.92
1495533229926687022,10,3,-263,1495533229.92
1495533229975856966,10,5,202,1495533229.97
1495533229976182635,10,3,-263,1495533229.97
1495533230026851017,10,5,202,1495533230.02
1495533230026953753,10,3,-263,1495533230.02
1495533230075757028,10,5,202,1495533230.07
1495533230076325117,10,3,-263,1495533230.07
1495533230125832111,10,5,202,1495533230.12
1495533230129765432,10,3,-263,1495533230.12
1495533230174867396,10,5,202,1495533230.17
1495533230175089701,10,3,-263,1495533230.17
1495533230224686161,10,5,202,1495533230.22
1495533230224912028,10,3,-263,1495533230.22
1495533230278643161,10,5,202,1495533230.27
1495533230279056621,10,3,-263,1495533230.27
1495533230326113587,10,5,202,1495533230.32
1495533230326460838,10,3,-263,1495533230.32
1495533230380006959,10,5,202,1495533230.37
1495533230381685037,10,3,-263,1495533230.37
1495533230426599616,10,5,202,1495533230.42
1495533230426698930,10,3,-263,1495533230.42
1495533230474922802,10,5,202,1495533230.47
1495533230475217951,10,3,-263,1495533230.47
1495533230525511916,10,5,202,1495533230.52
1495533230526181204,10,3,-263,1495533230.52
1495533230575780737,10,5,202,1495533230.57
1495533230577347977,10,3,-263,1495533230.57
1495533230630354298,10,5,202,1495533230.62
1495533230630458641,10,3,-263,1495533230.62
1495533230675503128,10,5,202,1495533230.67
1495533230675883344,10,3,-263,1495533230.67
1495533230726256087,10,5,202,1495533230.72
1495533230727295952,10,3,-263,1495533230.72
1495533230775534772,10,5,202,1495533230.77
1495533230775933147,10,3,-263,1495533230.77
1495533230826252673,10,5,202,1495533230.82
1495533230826655867,10,3,-263,1495533230.82
1495533230875490360,10,5,202,1495533230.87
1495533230875694715,10,3,-263,1495533230.87
1495533230925833772,10,5,202,1495533230.92
1495533230926216014,10,3,-263,1495533230.92
1495533230975746752,10,5,202,1495533230.97
1495533230976120333,10,3,-263,1495533230.97
1495533231025942175,10,5,202,1495533231.02
1495533231026044213,10,3,-263,1495533231.02
1495533231075132859,10,5,202,1495533231.07
1495533231075649754,10,3,-263,1495533231.07
1495533231126638007,10,5,202,1495533231.12
1495533231127752324,10,3,-263,1495533231.12
1495533231175798522,10,5,202,1495533231.17
1495533231176211214,10,3,-263,1495533231.17
1495533231225729522,10,5,202,1495533231.22
1495533231226400278,10,3,-263,1495533231.22
1495533231275085661,10,5,202,1495533231.27
1495533231275157248,10,3,-263,1495533231.27
1495533231325072879,10,5,202,1495533231.32
1495533231326013990,10,3,-263,1495533231.32
1495533231376055619,10,5,202,1495533231.37
1495533231376554426,10,3,-263,1495533231.37
1495533231425893799,10,5,202,1495533231.42
1495533231426294898,10,3,-263,1495533231.42
1495533231475903720,10,5,202,1495533231.47
1495533231475997657,10,3,-263,1495533231.47
1495533231525520018,10,5,202,1495533231.52
1495533231525608367,10,3,-263,1495533231.52
1495533231575575053,10,5,202,1495533231.57
1495533231575669898,10,3,-263,1495533231.57
1495533231626408266,10,5,202,1495533231.62
1495533231626507581,10,3,-263,1495533231.62
1495533231675007949,10,5,202,1495533231.67
1495533231675060679,10,3,-263,1495533231.67
1495533231725533720,10,5,202,1495533231.72
1495533231726494317,10,3,-263,1495533231.72
1495533231780641776,10,5,202,1495533231.77
1495533231780743395,10,3,-263,1495533231.77
1495533231827241695,10,5,202,1495533231.82
1495533231827336819,10,3,-263,1495533231.82
1495533231875994125,10,5,202,1495533231.87
1495533231876101192,10,3,-263,1495533231.87
1495533231925715812,10,5,202,1495533231.92
1495533231925811844,10,3,-263,1495533231.92
1495533231975930647,10,5,202,1495533231.97
1495533231976026539,10,3,-263,1495533231.97
1495533232025402508,10,5,202,1495533232.02
1495533232025457613,10,3,-263,1495533232.02
1495533232076200938,10,5,202,1495533232.07
1495533232080512660,10,3,-263,1495533232.07
1495533232126488619,10,5,202,1495533232.12
1495533232126598898,10,3,-263,1495533232.12
1495533232175837495,10,5,202,1495533232.17
1495533232176652053,10,3,-263,1495533232.17
1495533232226323521,10,5,202,1495533232.22
1495533232226416550,10,3,-263,1495533232.22
1495533232275845391,10,5,202,1495533232.27
1495533232275944007,10,3,-263,1495533232.27
1495533232326614698,10,5,202,1495533232.32
1495533232326716107,10,3,-263,1495533232.32
1495533232375186796,10,5,202,1495533232.37
1495533232376089774,10,3,-263,1495533232.37
1495533232426586697,10,5,202,1495533232.42
1495533232426922633,10,3,-263,1495533232.42
1495533232474769009,10,5,202,1495533232.47
1495533232475276684,10,3,-263,1495533232.47
1495533232526659965,10,5,202,1495533232.52
1495533232527020346,10,3,-263,1495533232.52
1495533232575825929,10,5,202,1495533232.57
1495533232575913440,10,3,-263,1495533232.57
1495533232626559333,10,5,202,1495533232.62
1495533232626962178,10,3,-263,1495533232.62
1495533232676175071,10,5,202,1495533232.67
1495533232676287376,10,3,-263,1495533232.67
1495533232725559910,10,5,202,1495533232.72
1495533232725658945,10,3,-263,1495533232.72
1495533232776031270,10,5,202,1495533232.77
1495533232776833817,10,3,-263,1495533232.77
1495533232826238916,10,5,202,1495533232.82
1495533232826336415,10,3,-263,1495533232.82
1495533232875546584,10,5,202,1495533232.87
1495533232876103637,10,3,-263,1495533232.87
1495533232925592193,10,5,202,1495533232.92
1495533232926413318,10,3,-263,1495533232.92
1495533232975819809,10,5,202,1495533232.97
1495533232976773072,10,3,-263,1495533232.97
1495533233026502788,10,5,202,1495533233.02
1495533233030892665,10,3,-263,1495533233.02
1495533233076474645,10,5,202,1495533233.07
1495533233076581363,10,3,-263,1495533233.07
1495533233125786224,10,5,202,1495533233.12
1495533233125890707,10,3,-263,1495533233.12
1495533233175860678,10,5,202,1495533233.17
1495533233176212119,10,3,-263,1495533233.17
1495533233226529974,10,5,202,1495533233.22
1495533233226707161,10,3,-263,1495533233.22
1495533233275834006,10,5,202,1495533233.27
1495533233276160515,10,3,-263,1495533233.27
1495533233325018476,10,5,202,1495533233.32
1495533233327648277,10,3,-263,1495533233.32
1495533233376704374,10,5,202,1495533233.37
1495533233376796285,10,3,-263,1495533233.37
1495533233427619860,10,5,202,1495533233.42
1495533233427731397,10,3,-263,1495533233.42
1495533233474674935,10,5,202,1495533233.47
1495533233474879919,10,3,-263,1495533233.47
1495533233525608017,10,5,202,1495533233.52
1495533233525981877,10,3,-263,1495533233.52
1495533233576028676,10,5,202,1495533233.57
1495533233576168149,10,3,-263,1495533233.57
1495533233631879630,10,5,202,1495533233.62
1495533233631935713,10,3,-263,1495533233.62
1495533233675869721,10,5,202,1495533233.67
1495533233675961423,10,3,-263,1495533233.67
1495533233726295758,10,5,202,1495533233.72
1495533233726640285,10,3,-263,1495533233.72
1495533233775775236,10,5,202,1495533233.77
1495533233776151401,10,3,-263,1495533233.77
1495533233825553492,10,5,202,1495533233.82
1495533233825653854,10,3,-263,1495533233.82
1495533233874763453,10,5,202,1495533233.87
1495533233874819186,10,3,-263,1495533233.87
1495533233928751670,10,5,202,1495533233.92
1495533233930037937,10,3,-263,1495533233.92
1495533233976258760,10,5,202,1495533233.97
1495533233976590646,10,3,-263,1495533233.97
1495533234029385628,10,5,202,1495533234.02
1495533234030061971,10,3,-263,1495533234.02
1495533234076145136,10,5,202,1495533234.07
1495533234076656793,10,3,-263,1495533234.07
1495533234127183819,10,5,202,1495533234.12
1495533234127283273,10,3,-263,1495533234.12
1495533234175907751,10,5,202,1495533234.17
1495533234176314577,10,3,-263,1495533234.17
1495533234225977108,10,5,202,1495533234.22
1495533234231108136,10,3,-263,1495533234.22
1495533234276215131,10,5,202,1495533234.27
1495533234276320871,10,3,-263,1495533234.27
1495533234327013418,10,5,202,1495533234.32
1495533234327113291,10,3,-263,1495533234.32
1495533234375170943,10,5,202,1495533234.37
1495533234375570086,10,3,-263,1495533234.37
1495533234426690899,10,5,202,1495533234.42
1495533234426795381,10,3,-249,1495533234.42
1495533234474701823,10,5,202,1495533234.47
1495533234475240299,10,3,-263,1495533234.47
1495533234525839331,10,5,202,1495533234.52
1495533234526217312,10,3,-257,1495533234.52
1495533234576141400,10,5,202,1495533234.57
1495533234576519102,10,3,-242,1495533234.57
1495533234625769078,10,5,202,1495533234.62
1495533234626144125,10,3,-233,1495533234.62
1495533234675126402,10,5,202,1495533234.67
1495533234675570174,10,3,-222,1495533234.67
1495533234725857016,10,5,202,1495533234.72
1495533234726356661,10,3,-200,1495533234.72
1495533234775946348,10,5,202,1495533234.77
1495533234776059631,10,3,-223,1495533234.77
1495533234826984123,10,5,202,1495533234.82
1495533234829960687,10,3,-189,1495533234.82
1495533234875872250,10,5,202,1495533234.87
1495533234875964581,10,3,-204,1495533234.87
1495533234925651838,10,5,202,1495533234.92
1495533234926140867,10,3,-184,1495533234.92
1495533234975842999,10,5,202,1495533234.97
1495533234976803385,10,3,-177,1495533234.97
1495533235028575122,10,5,202,1495533235.02
1495533235029099071,10,3,-202,1495533235.02
1495533235074387645,10,5,202,1495533235.07
1495533235074602547,10,3,-206,1495533235.07
1495533235125614694,10,5,202,1495533235.12
1495533235126349564,10,3,-248,1495533235.12
1495533235174478381,10,5,202,1495533235.17
1495533235174716960,10,3,-236,1495533235.17
1495533235227995937,10,5,202,1495533235.22
1495533235228088337,10,3,-212,1495533235.22
1495533235274570645,10,5,202,1495533235.27
1495533235274629801,10,3,-219,1495533235.27
1495533235325521051,10,5,202,1495533235.32
1495533235325612054,10,3,-148,1495533235.32
1495533235377371986,10,5,202,1495533235.37
1495533235377464665,10,3,-147,1495533235.37
1495533235425476010,10,5,202,1495533235.42
1495533235425566664,10,3,-117,1495533235.42
1495533235474524704,10,5,202,1495533235.47
1495533235474575549,10,3,-180,1495533235.47
1495533235525447872,10,5,202,1495533235.52
1495533235526212424,10,3,-163,1495533235.52
1495533235575287033,10,5,202,1495533235.57
1495533235575365814,10,3,-158,1495533235.57
1495533235626280107,10,5,202,1495533235.62
1495533235626377675,10,3,-263,1495533235.62
1495533235674531983,10,5,202,1495533235.67
1495533235674583387,10,3,-263,1495533235.67
