%time,field.header.seq,field.header.stamp,field.header.frame_id,field.x,field.y,field.phi,field.theta,field.psi,field.u,field.v,field.p,field.q,field.r
1495532169112899432,1115,0,,-14.165892601,-33.0118560791,-0.0192686468363,-0.000161229967489,5.45733118057,-0.237773656845,0.0232772156596,-0.219009056687,-0.00309485662729,0.224714368582
1495532169207769600,1116,0,,-14.1811599731,-32.9939498901,-0.0257798228413,-3.76966345357e-05,5.45759248734,-0.234481498599,0.01974898763,-0.0651117712259,0.00123533338774,0.451196312904
1495532169313725461,1117,0,,-14.1253890991,-33.0380439758,-0.0229695700109,6.32862929706e-06,5.44826745987,-0.227530047297,0.0212474092841,0.0281025357544,0.000440252624685,0.670442759991
1495532169322702023,1118,0,,-14.1404018402,-33.021194458,-0.0200899746269,-6.5008411184e-05,5.44353628159,-0.224623501301,0.0216392576694,0.0287959519774,-0.000713370449375,0.880529463291
1495532169400520157,1119,0,,-14.1554079056,-33.0047149658,-0.0202980209142,-0.000123550722492,5.4378490448,-0.221742153168,0.0224652569741,-0.00208045332693,-0.000585423025768,1.08426785469
1495532169408744946,1120,0,,-14.1704406738,-32.9886474609,-0.0216734930873,-0.000124094091007,5.43038654327,-0.218910112977,0.0223463419825,-0.0137547366321,-5.433775641e-06,1.28378176689
1495532169510196324,1121,0,,-14.1090526581,-33.0407752991,-0.0227485131472,-0.000106550141936,5.42399644852,-0.223412439227,0.0242536328733,-0.0107501922175,0.000175439505256,1.47914433479
1495532169608582091,1122,0,,-14.1245832443,-33.0249519348,-0.0228920429945,-9.38932207646e-05,5.41246080399,-0.22056274116,0.0227087624371,-0.00143529463094,0.000126569211716,1.66980981827
1495532169709638513,1123,0,,-14.0727567673,-33.0773048401,-0.0234718453139,-0.000102044032246,5.40596389771,-0.269476771355,0.0267348177731,-0.00579802040011,-8.15080784378e-05,1.85561835766
1495532169822068735,1124,0,,-14.092007637,-33.0588417053,-0.0233170501888,-7.79987094575e-05,5.40169858932,-0.265613734722,0.0242139063776,0.0015479408903,0.000240453155129,2.0368449688
1495532169908259237,1125,0,,-13.9956302643,-33.1100349426,-0.0241197329015,-7.92420178186e-05,5.39656448364,-0.237951219082,0.0230728313327,-0.00802683178335,-1.24330763356e-05,2.21345806122
1495532170022392045,1126,0,,-14.0130710602,-33.0941734314,-0.0252216942608,-9.13896074053e-05,5.38600301743,-0.234786912799,0.021181544289,-0.0110196024179,-0.000121475895867,2.38629794121
1495532170122519163,1127,0,,-13.9282436371,-33.1412124634,-0.0262908041477,-9.57000011113e-05,5.38344764709,-0.219618290663,0.0202769022435,-0.0106911091134,-4.31039370596e-05,2.5554420948
1495532170219890341,1128,0,,-13.9447135925,-33.1269836426,-0.0270378720015,-0.000101238845673,5.3786740303,-0.216850042343,0.0184287503362,-0.00747066596523,-5.53884237888e-05,2.72081017494
1495532170323620011,1129,0,,-13.869969368,-33.1700553894,-0.0278534386307,-0.000107135419967,5.37378406525,-0.170409053564,0.0158265568316,-0.0081556821242,-5.89656992815e-05,2.88236451149
1495532170353422685,1130,0,,-13.8830051422,-33.1592445374,-0.0289494916797,-0.000131591397803,5.36591720581,-0.168716713786,0.0147209027782,-0.0109605137259,-0.000244559865678,3.04038286209
1495532170421798633,1131,0,,-13.8942432404,-33.1504936218,-0.0180674251169,0.0021746463608,5.35898637772,-0.142243295908,0.00745080364868,0.108820647001,0.0230623781681,3.0785984993
1495532170430528024,1132,0,,-13.9034490585,-33.1431655884,-0.0155860381201,0.00303058256395,5.35398721695,-0.117466546595,0.00693205045536,0.0248138830066,0.0085593611002,3.10879731178
1495532170522137997,1133,0,,-13.8182287216,-33.1961021423,-0.0172737687826,0.00325382151641,5.34550762177,-0.0883569121361,0.00561579223722,-0.0168773084879,0.00223238952458,3.1317152977
1495532170622482392,1134,0,,-13.83685112,-33.1829986572,-0.00212445599027,-0.0116857867688,5.33560705185,-0.227617457509,-0.00648073107004,0.151493117213,-0.149396076798,2.96062541008
1495532170718010388,1135,0,,-13.7825584412,-33.2148971558,0.00578198907897,-0.018118230626,5.32453012466,-0.29392272234,-0.00732982577756,0.079064451158,-0.0643244534731,2.78962874413
1495532170823814698,1136,0,,-13.815237999,-33.1887626648,0.00274451007135,-0.0183708872646,5.31625986099,-0.418368756771,-0.00862525217235,-0.0303747914732,-0.0025265510194,2.63435721397
1495532170922978494,1137,0,,-13.7716274261,-33.2120018005,0.00186296191532,-0.00926066562533,5.30919885635,-0.360364437103,-0.0114925084636,-0.00881548039615,0.0911022052169,2.46332764626
1495532171022547019,1138,0,,-13.8020505905,-33.1859474182,-0.00106258457527,-0.00531979510561,5.30264091492,-0.400294929743,-0.0140698971227,-0.029255464673,0.0394087061286,2.30686426163
1495532171122545564,1139,0,,-13.7598485947,-33.2084655762,-0.00159624090884,-0.00479592010379,5.29648017883,-0.3451846838,-0.0150169515982,-0.00533656263724,0.00523875001818,2.15514326096
1495532171222711234,1140,0,,-13.7946338654,-33.1760559082,-0.00222909171134,-0.0136681860313,5.2883682251,-0.475140064955,-0.016738217324,-0.00632850732654,-0.0887226611376,2.01443839073
1495532171323105910,1141,0,,-13.7636270523,-33.1875648499,0.00344714219682,-0.0182553511113,5.28204345703,-0.4879347682,-0.0179204065353,0.0567623376846,-0.0458716377616,1.84206807613
1495532171350200279,1142,0,,-13.8065948486,-33.1429862976,0.00601172912866,-0.0189194269478,5.27334213257,-0.618879556656,-0.0187667850405,0.0256458707154,-0.0066407667473,1.67020893097
1495532171408338540,1143,0,,-13.8568601608,-33.0875854492,0.00485256966203,-0.0184297785163,5.26652669907,-0.747797429562,-0.0190190151334,-0.0115915983915,0.0048964926973,1.50466501713
1495532171430544993,1144,0,,-13.9139595032,-33.0213508606,0.0037860784214,-0.0180257912725,5.25778961182,-0.874277710915,-0.01998882927,-0.010664910078,0.00403987290338,1.34462201595
1495532171524020012,1145,0,,-13.8696346283,-33.0385513306,0.00276562804356,-0.00886218063533,5.25388860703,-0.690430045128,-0.0175195131451,-0.0102045033127,0.0916360989213,1.21476459503
1495532171622946622,1146,0,,-13.9105205536,-32.988155365,-0.0155667420477,0.0016293899389,5.25391101837,-0.648887217045,-0.008455760777,-0.183323711157,0.104915700853,1.27062988281
1495532171719190498,1147,0,,-13.8542814255,-33.0265350342,-0.0217311959714,0.00511889206246,5.24237203598,-0.462446808815,-0.00816859863698,-0.0616445317864,0.0348950214684,1.33195710182
1495532171824566192,1148,0,,-13.8810777664,-32.9940223694,-0.0156425964087,0.00526717305183,5.24226713181,-0.421211779118,-0.00948538351804,0.0608859881759,0.00148280779831,1.36814534664
1495532171922203817,1149,0,,-13.8230953217,-33.0392875671,0.0027823203709,-0.00238664215431,5.23009347916,-0.398611187935,-0.0132659366354,0.184249177575,-0.0765381529927,1.24450206757
1495532172020049708,1150,0,,-13.84445858,-33.0115203857,-0.00311525841244,0.00153572461568,5.21354866028,-0.350321859121,-0.00431926734746,-0.058975789696,0.0392236672342,1.25714552402
1495532172130538132,1151,0,,-13.7842178345,-33.0617179871,-0.0143280206248,0.00399486906826,5.21322584152,-0.268603086472,-0.00160451338161,-0.112127624452,0.0245914459229,1.3052482605
1495532172222776957,1152,0,,-13.7985448837,-33.0427970886,-0.0179720334709,0.00412135152146,5.21330881119,-0.237317427993,-0.00240275706165,-0.0364401340485,0.00126482115593,1.37122273445
1495532172335526974,1153,0,,-13.7410087585,-33.0944671631,-0.0197759810835,0.00279817753471,5.20136117935,-0.182360932231,-0.000741687021218,-0.0180394742638,-0.0132317384705,1.47268486023
1495532172348234598,1154,0,,-13.7507381439,-33.0815010071,-0.018946826458,0.00218055699952,5.18732500076,-0.162101149559,0.000390554225305,0.00829154718667,-0.00617620442063,1.57182335854
1495532172408683832,1155,0,,-13.7592840195,-33.0696029663,-0.0206389632076,0.00170166941825,5.19005298615,-0.146470934153,0.0031322746072,-0.0169213619083,-0.00478887651116,1.6924829483
1495532172428174509,1156,0,,-13.7669773102,-33.0589790344,-0.0213032923639,0.00160701363347,5.17394781113,-0.131108298898,0.00420338939875,-0.00664329668507,-0.000946558604483,1.81126797199
1495532172533935026,1157,0,,-13.7018098831,-33.1216812134,-0.0188971571624,0.00201779650524,5.17653799057,-0.102164320648,0.00301193911582,0.0240613631904,0.00410783011466,1.90412509441
1495532172633058943,1158,0,,-13.706451416,-33.1151809692,-0.0171807073057,0.00254538375884,5.15680217743,-0.0798046961427,0.00337598961778,0.0171645004302,0.00527587067336,1.98155975342
1495532172731352592,1159,0,,-13.6497173309,-33.1708145142,-0.0187173336744,0.00249857502058,5.16194391251,-0.0793730542064,0.00321870739572,-0.0153662767261,-0.000468086655019,2.06911182404
1495532172831917824,1160,0,,-13.6536455154,-33.1650085449,-0.0234403964132,0.00146442581899,5.14406681061,-0.0698970854282,0.00515583483502,-0.0472306236625,-0.0103414915502,2.18906259537
1495532172931542992,1161,0,,-13.6059875488,-33.2118721008,-0.026679046452,0.000863940047566,5.15539169312,-0.0542675517499,0.00512445531785,-0.0323865003884,-0.0060048578307,2.33031868935
1495532173029786071,1162,0,,-13.6085615158,-33.2079124451,-0.0268950480968,0.000764510710724,5.13254976273,-0.0469072684646,0.00534095568582,-0.00216001574881,-0.000994293484837,2.4688436985
1495532173132447311,1163,0,,-13.6200580597,-33.2495307922,-0.0248860847205,0.000989334192127,5.14112520218,-0.057559389621,0.00362366717309,0.0200896263123,0.00224823481403,2.5882768631
1495532173233363915,1164,0,,-13.6228055954,-33.2455291748,-0.0247796084732,0.00107978109736,5.12054681778,-0.0483059249818,0.00472011929378,0.00106475956272,0.000904469576199,2.70346260071
1495532173328906858,1165,0,,-13.6323060989,-33.2812385559,-0.0258943922818,0.00108620699029,5.13158321381,-0.0446580424905,0.00424976740032,-0.01114782691,6.4257903432e-05,2.82075071335
1495532173339149713,1166,0,,-13.6342983246,-33.2782478333,-0.0267895068973,0.00108321674634,5.10908222198,-0.0356481485069,0.0044837850146,-0.00895114243031,-2.99018229271e-05,2.93589282036
1495532173410193663,1167,0,,-13.6357002258,-33.2759208679,-0.0268446635455,0.00107978249434,5.11994075775,-0.0268316548318,0.00430648541078,-0.000551573757548,-3.43431856891e-05,3.04612898827
1495532173430922767,1168,0,,-13.6365852356,-33.2742729187,-0.0269310008734,0.00106819474604,5.09915113449,-0.0182092897594,0.00425473647192,-0.000863376597408,-0.000115876704513,3.15341544151
1495532173531697873,1169,0,,-13.6434020996,-33.3110847473,-0.0288765914738,0.000674526963849,5.11273527145,-0.0315506272018,0.00354891596362,-0.019455909729,-0.00393667817116,3.27404117584
1495532173631175114,1170,0,,-13.6451625824,-33.308506012,-0.0316381976008,0.000146015518112,5.09402322769,-0.0309036727995,0.00442989077419,-0.0276160612702,-0.00528511451557,3.40894961357
1495532173732066230,1171,0,,-13.6516056061,-33.3303642273,-0.0335066691041,-0.000198037014343,5.11329030991,-0.0545010603964,0.00291120284237,-0.0186846926808,-0.00344052538276,3.55426621437
1495532173831348689,1172,0,,-13.6550912857,-33.326335907,-0.0332942344248,-6.10625720583e-05,5.09100341797,-0.0531725212932,0.00299091683701,0.00212434725836,0.00136974453926,3.68852472305
1495532173928860455,1173,0,,-13.6610269547,-33.3443908691,-0.030633084476,0.000611921946984,5.10402011871,-0.0638462975621,0.000434639892774,0.0266114771366,0.00672984495759,3.79477834702
1495532174034288459,1174,0,,-13.6646995544,-33.3406524658,-0.0283258482814,0.00124139036052,5.08683013916,-0.0524192713201,0.000140382151585,0.0230723693967,0.0062946844846,3.87400174141
1495532174133671840,1175,0,,-13.6690301895,-33.356880188,-0.0273221693933,0.00158569193445,5.10328531265,-0.059819355607,-0.00190942396875,0.0100367963314,0.00344301573932,3.93792176247
1495532174229745229,1176,0,,-13.672829628,-33.3532218933,-0.0306810941547,0.00106261635665,5.09533548355,-0.052743922919,-0.000565956637729,-0.03358925879,-0.00523075647652,4.02433395386
1495532174278454144,1177,0,,-13.6770334244,-33.3664474487,-0.0363936536014,-0.000139214331284,5.11586236954,-0.0633677095175,-0.000205379357794,-0.0571255870163,-0.0120183061808,4.1532330513
1495532174333684703,1178,0,,-13.6816720963,-33.3623886108,-0.0362918525934,-0.000148472492583,5.11019659042,-0.0616350099444,-0.00132371054497,0.00101800635457,-9.25816057133e-05,4.2680606842
1495532174355028899,1179,0,,-13.6863145828,-33.3582305908,-0.0368903540075,-0.000198668742087,5.13392305374,-0.0623161830008,-0.000198902460397,-0.00598500762135,-0.000501962378621,4.39552545547
1495532174449182910,1180,0,,-13.6908607483,-33.3544998169,-0.035423990339,0.000172371859662,5.12892198563,-0.0588252879679,-0.000676399329677,0.01466361247,0.00371040590107,4.50188684464
1495532174531201303,1181,0,,-13.6929359436,-33.3614845276,-0.0358703844249,-6.16564866505e-05,5.15202665329,-0.0731870681047,-0.00103953969665,-0.0044639329426,-0.00234028347768,4.6113038063
1495532174654354184,1182,0,,-13.6980838776,-33.35779953,-0.0331771299243,0.000753569998778,5.14595413208,-0.0632429495454,-0.00264035630971,0.0269325394183,0.00815226510167,4.68338727951
1495532174751218242,1183,0,,-13.6986894608,-33.3649673462,-0.0298555791378,0.00168119021691,5.16303110123,-0.0796150639653,-0.00507931457832,0.0332155227661,0.00927620194852,4.72328519821
1495532174854876749,1184,0,,-13.7006931305,-33.3627319336,-0.0298856012523,0.00193956831936,5.17200708389,-0.0693981125951,-0.00512532470748,-0.000300213956507,0.00258378195576,4.75861501694
1495532174948073099,1185,0,,-13.7021350861,-33.3611907959,-0.032013617456,0.00172704213765,5.19355487823,-0.0626534223557,-0.00525433570147,-0.0212801638991,-0.00212526251562,4.80429506302
1495532175050762414,1186,0,,-13.7068166733,-33.3585853577,-0.0352135337889,0.00122644868679,5.21390914917,-0.0533342249691,-0.00505847623572,-0.0319991633296,-0.00500593427569,4.87307548523
1495532175153038339,1187,0,,-13.7071466446,-33.358089447,-0.0376437492669,0.000488632009365,5.24028635025,-0.07382915169,-0.00480391923338,-0.0243021454662,-0.00737816700712,4.95874929428
1495532175252293272,1188,0,,-13.7132854462,-33.3551025391,-0.0364287830889,0.000458756549051,5.26325082779,-0.0679921358824,-0.0059522963129,0.012149637565,-0.000298754312098,5.03044986725
1495532175279753266,1189,0,,-13.713391304,-33.3551750183,-0.034410264343,0.00109847728163,5.28816127777,-0.0803899019957,-0.00549239013344,0.0201852098107,0.00639720680192,5.08641672134
1495532175350145805,1190,0,,-13.7199020386,-33.352355957,-0.0352363660932,0.00117671955377,5.31830501556,-0.0707663521171,-0.00505656562746,-0.00826103705913,0.000782422896009,5.15018463135
1495532175361135680,1191,0,,-13.7258472443,-33.3501205444,-0.0365768484771,0.00093644548906,5.34529685974,-0.06329010427,-0.00530984764919,-0.0134048098698,-0.00240274053067,5.21686029434
1495532175444519048,1192,0,,-13.7310237885,-33.3485374451,-0.0366616807878,0.00101496709976,5.37905931473,-0.05377747491,-0.00612656259909,-0.000848337367643,0.000785215757787,5.27914142609
1495532175551869503,1193,0,,-13.7272405624,-33.3433685303,-0.0362283028662,0.00107577885501,5.4121427536,-0.0773530900478,-0.00388321955688,0.0043337806128,0.000608117494266,5.33501529694
1495532175649911718,1194,0,,-13.7339839935,-33.3415412903,-0.0362972691655,0.000906569708604,5.45662307739,-0.0697073340416,-0.00468582985923,-0.000689663516823,-0.0016920909984,5.39473772049
1495532175749611058,1195,0,,-13.7314414978,-33.3372612,-0.0367476195097,0.000821415858809,5.50407505035,-0.0772858187556,-0.00239013438113,-0.00450350204483,-0.000851538672578,5.45320940018
1495532175854904407,1196,0,,-13.7383127213,-33.3361053467,-0.0359142757952,0.000824067450594,5.55607223511,-0.0695473626256,-0.0043140957132,0.00833345483989,2.65160306299e-05,5.50347518921
1495532175948270190,1197,0,,-13.735042572,-33.3261108398,-0.0348279215395,0.00120159692597,5.61015605927,-0.0752119645476,-0.00146409124136,0.0108635267243,0.00377529487014,5.54055023193
1495532176056557072,1198,0,,-13.7412014008,-33.3258132935,-0.0329884886742,0.00155679520685,5.66567087173,-0.0615208931267,-0.00421252381057,0.0183943342417,0.0035519823432,5.56342935562
1495532176151097099,1199,0,,-13.7366476059,-33.3108596802,-0.0331346765161,0.00181606586557,5.72420740128,-0.0808836817741,0.00273412140086,-0.0014618972782,0.00259270705283,5.58389425278
1495532176255022607,1200,0,,-13.7433643341,-33.3109512329,-0.0329538434744,0.00171068171039,5.78437423706,-0.0671703964472,-0.000793660408817,0.00180833274499,-0.00105384155177,5.60965919495
1495532176279893572,1201,0,,-13.7393827438,-33.2984733582,-0.0341790728271,0.00142036296893,5.84899950027,-0.0624535046518,0.00200349092484,-0.0122522721067,-0.00290318741463,5.64059877396
1495532176356143635,1202,0,,-13.7444181442,-33.2992897034,-0.0343877747655,0.00132476061117,5.9848484993,-0.0509855374694,-0.00139404740185,-0.00208702334203,-0.000956024276093,5.67372131348
1495532176361734427,1203,0,,-13.7481536865,-33.3007087708,-0.0351413860917,0.00131301488727,5.98669242859,-0.039800055325,-0.00361023866571,-0.00753611139953,-0.000117456242151,5.70832824707
1495532176454611185,1204,0,,-13.7405462265,-33.2822380066,-0.03640248999,0.0013190319296,6.06222581863,-0.0514900907874,0.00689900713041,-0.0126110427082,6.01700448897e-05,5.74721813202
1495532176551319218,1205,0,,-13.7357082367,-33.2675895691,-0.0336604304612,0.00135490810499,6.14016246796,-0.0575664788485,0.0125740589574,0.027420591563,0.000358761957614,5.77587175369
1495532176647135805,1206,0,,-13.7397890091,-33.2688064575,-0.0296564679593,0.00172448717058,6.21680688858,-0.0421435534954,0.00617062207311,0.0400396324694,0.00369578995742,5.78761863708
1495532176755799417,1207,0,,-13.7338972092,-33.2558097839,-0.029942182824,0.0018375988584,0.0931120067835,-0.0538478419185,0.0214140303433,-0.00285716122016,0.00113111780956,5.79307603836
1495532176850702893,1208,0,,-13.7375392914,-33.257106781,-0.0279345642775,0.00206551142037,0.0858114808798,-0.0365604199469,0.0125638134778,0.0200761985034,0.00227912608534,5.79750156403
1495532176957542528,1209,0,,-13.7316532135,-33.2385253906,-0.0291080437601,0.00191633112263,0.158418819308,-0.0306274369359,0.0180078912526,-0.0117348060012,-0.00149180437438,5.8021697998
1495532177064304498,1210,0,,-13.7267198563,-33.2229499817,-0.0294462144375,0.00184119294863,0.22948692739,-0.0219544321299,0.0197873394936,-0.00338170304894,-0.000751381798182,5.812251091
1495532177158450477,1211,0,,-13.7394943237,-33.23462677,-0.0310095604509,-0.0131930829957,0.302057832479,-0.172650411725,0.01227068156,-0.0156334638596,-0.15034276247,5.82082128525
1495532177257954334,1212,0,,-13.7489128113,-33.2454872131,-0.0254703070968,-0.00420480407774,0.303011089563,-0.143681317568,0.00391949480399,0.0553925409913,0.0898827835917,5.81511735916
1495532177345955395,1213,0,,-13.7462654114,-33.2286529541,-0.0276061110198,0.00212134909816,0.369895488024,-0.0995857417583,0.022018192336,-0.0213580410928,0.0632615312934,5.79155874252
1495532177358088086,1214,0,,-13.7517175674,-33.2341804504,-0.0262132007629,0.00370638794266,0.4968354702,-0.0767140462995,0.0119346296415,0.0139291035011,0.0158503875136,5.76666641235
1495532177407595078,1215,0,,-13.7547445297,-33.2386245728,-0.0260949451476,0.0033633382991,0.557160556316,-0.0535040050745,0.00524589931592,0.0011825542897,-0.00343049666844,5.73727464676
1495532177467939974,1216,0,,-13.7450838089,-33.2155838013,-0.0269248802215,0.00314760045148,0.610265016556,-0.018887847662,0.0171428825706,-0.00829934421927,-0.00215737754479,5.70382499695
1495532177556489223,1217,0,,-13.7455177307,-33.2145614624,-0.0243165940046,0.00330529198982,0.65900272131,0.00776679348201,0.00792477093637,0.0260828528553,0.00157691538334,5.66754055023
1495532177658890232,1218,0,,-13.7354478836,-33.1830978394,-0.024039754644,0.00335638807155,0.705009222031,0.0305229872465,0.0159448347986,0.00276839872822,0.000510959827807,5.62171936035
1495532177759110866,1219,0,,-13.7315969467,-33.1690750122,-0.0244674421847,-0.0114646153525,0.745184242725,-0.0764733478427,0.0205692388117,-0.00427686749026,-0.148210033774,5.57029247284
1495532177859693285,1220,0,,-13.7268075943,-33.1459388733,-0.0172225050628,-0.00261180778034,0.784196555614,-0.0234355907887,0.0198537223041,0.0724493563175,0.0885280743241,5.51723003387
1495532177956701290,1221,0,,-13.7278699875,-33.1450195312,-0.018030481413,0.00341703067534,0.816989302635,0.00638544233516,0.0125136878341,-0.0080797681585,0.0602883845568,5.45419692993
1495532178061176655,1222,0,,-13.7277793884,-33.1416702271,-0.0232611130923,0.00448404205963,0.817359507084,0.0329168923199,0.00619860552251,-0.0523063093424,0.0106701133773,5.40589952469
1495532178153068577,1223,0,,-13.7201108932,-33.1120147705,-0.0250384490937,0.00404650717974,0.864383995533,0.0588257424533,0.0146457199007,-0.017773360014,-0.00437534973025,5.35580205917
1495532178263072370,1224,0,,-13.714012146,-33.0782661438,-0.0209739860147,0.0040616276674,0.884190499783,0.0840853974223,0.0196185074747,0.0406446233392,0.000151203785208,5.29709148407
1495532178351511553,1225,0,,-13.7090950012,-33.0474739075,-0.0171928312629,0.00407996447757,0.905258774757,0.103917077184,0.0242972709239,0.0378115624189,0.000183369818842,5.23180294037
1495532178362154522,1226,0,,-13.7085514069,-33.0340232849,-0.0157849658281,0.00406396249309,0.920509457588,0.133809357882,0.0145831014961,0.014078640379,-0.000160020208568,5.1664981842
1495532178407959300,1227,0,,-13.7070198059,-33.0177726746,-0.018278516829,0.0040352223441,0.937855899334,0.163057655096,0.00749316764995,-0.0249355081469,-0.000287398841465,5.1036233902
1495532178464913193,1228,0,,-13.7014122009,-32.9866218567,-0.0220755934715,0.003846116364,0.950739860535,0.155659645796,0.0119353113696,-0.0379707626998,-0.00189106131438,5.0550699234
1495532178557290443,1229,0,,-13.6995887756,-32.9682540894,-0.0215554181486,0.00399442901835,0.962550997734,0.184536233544,0.00374106247909,0.00520176021382,0.00148312817328,5.00807380676
1495532178664359991,1230,0,,-13.6947050095,-32.9347496033,-0.0218261089176,0.00403961213306,0.969746887684,0.173295453191,0.00868310686201,-0.00270691909827,0.000451829459053,4.96141719818
1495532178757661454,1231,0,,-13.6909036636,-32.9067878723,-0.0196523535997,0.00424803746864,0.972041428089,0.170093342662,0.0108784679323,0.0217375569046,0.00208425335586,4.90334653854
1495532178866270029,1232,0,,-13.6890201569,-32.8868179321,-0.0181150529534,0.00431126635522,0.970298528671,0.200522944331,0.00405275495723,0.0153730055317,0.000632290320937,4.84508228302
1495532178961795234,1233,0,,-13.6851654053,-32.8622703552,-0.018642809242,0.00447211274877,0.965040028095,0.193716347218,0.0113260848448,-0.00527755497023,0.00160846172366,4.78036737442
1495532179065260346,1234,0,,-13.6822376251,-32.8426208496,-0.00408444926143,-0.00306144217029,0.959043502808,0.126972973347,0.0106921829283,0.145583599806,-0.075335547328,4.56726789474
1495532179161131966,1235,0,,-13.6809568405,-32.8348045349,0.00491547957063,-0.00646907603368,0.954428792,0.0792012438178,0.0011781611247,0.0899992883205,-0.0340763367712,4.34405517578
1495532179266046142,1236,0,,-13.6797447205,-32.8278617859,0.00210178783163,-0.00677858293056,0.953484594822,0.0366331674159,0.00627138093114,-0.028136914596,-0.00309507106431,4.12744426727
1495532179333887592,1237,0,,-13.678647995,-32.8180809021,-0.0145791787654,0.00134357158095,0.945510208607,0.0697543993592,0.0140651091933,-0.166809663177,0.081221550703,4.07478427887
1495532179352209057,1238,0,,-13.677895546,-32.81615448,-0.00758707150817,-0.00236906576902,0.937308311462,0.0205030683428,-0.00279252184555,0.0699210688472,-0.0371263734996,3.887383461
1495532179401544102,1239,0,,-13.6775989532,-32.8187179565,-0.000534224498551,-0.00539638195187,0.922051489353,-0.0239626690745,-0.00954522844404,0.0705284699798,-0.0302731636912,3.69774603844
1495532179472036235,1240,0,,-13.6784296036,-32.8224029541,-5.59370855626e-05,-0.00633699866012,0.908699154854,-0.0380577221513,0.000477796187624,0.00478287413716,-0.0094061633572,3.5050637722
1495532179558087050,1241,0,,-13.6804199219,-32.8302955627,0.00052310153842,-0.00603064289317,0.908273220062,-0.0810850039124,-0.00677681900561,0.00579038634896,0.00306355580688,3.31689810753
1495532179662081772,1242,0,,-13.6830320358,-32.8305130005,4.34135199612e-06,-0.00611279392615,0.866181075573,-0.0823219418526,0.00274634454399,-0.00518760178238,-0.000821511028334,3.12671256065
1495532179759737557,1243,0,,-13.6877307892,-32.8427352905,0.00298279547133,-0.00635546585545,0.843845129013,-0.130833923817,-0.00580285489559,0.0297845415771,-0.00242671743035,2.93312764168
1495532179870167659,1244,0,,-13.6925191879,-32.8448295593,0.00334124732763,-0.00646566739306,0.821677863598,-0.123593308032,0.00382103282027,0.00358451879583,-0.00110201875214,2.74065041542
1495532179967095975,1245,0,,-13.7011833191,-32.8526992798,1.85850767593e-05,-0.0139833213761,0.799996376038,-0.187631890178,0.0116367246956,-0.0332266241312,-0.0751765444875,2.59352135658
1495532180061019234,1246,0,,-13.7126760483,-32.8583602905,0.00300848507322,-0.017323859036,0.79951518774,-0.243573188782,0.0109006687999,0.0298989992589,-0.0334053784609,2.4468972683
1495532180161367957,1247,0,,-13.726026535,-32.8680839539,0.00525396410376,-0.0176242534071,0.750096261501,-0.291043192148,0.0122139528394,0.022454790771,-0.0030039427802,2.30105042458
1495532180269828817,1248,0,,-13.700802803,-32.8796234131,0.00572485942394,-0.0172162093222,0.749249458313,-0.330214440823,0.0161421857774,0.00470895273611,0.00408045295626,2.15565800667
1495532180332992294,1249,0,,-13.7279024124,-32.9162750244,0.00563468178734,-0.0169640704989,0.701367557049,-0.455750852823,0.00784329045564,-0.00090177624952,0.00252138776705,2.02072715759
1495532180361630506,1250,0,,-13.7644424438,-32.9611320496,0.00429743248969,-0.016862699762,0.675485312939,-0.578553974628,0.00168173585553,-0.0133724948391,0.00101370958146,1.88764214516
1495532180404999775,1251,0,,-13.8102416992,-33.0138931274,0.00332306232303,-0.016789432615,0.652586579323,-0.698648512363,-0.00346370413899,-0.00974369980395,0.000732660060748,1.75457918644
1495532180469741248,1252,0,,-13.7920179367,-33.0180168152,0.00263794185594,-0.0167180188,0.627978146076,-0.600435376167,0.00730425305665,-0.00685120467097,0.000714140303899,1.62545883656
1495532180559028789,1253,0,,-13.8434991837,-33.0686569214,0.00538170384243,-0.0169139858335,0.605453670025,-0.722134828568,0.000435471331002,0.0274376198649,-0.00195967010222,1.49783229828
1495532180661075357,1254,0,,-13.8261566162,-33.0630226135,0.00566189642996,-0.0169926434755,0.582985460758,-0.626045644283,0.0136114219204,0.00280192797072,-0.000786584976595,1.37194788456
1495532180760639207,1255,0,,-13.8833122253,-33.1111335754,0.00848791375756,-0.0170088279992,0.563471496105,-0.747090041637,0.00574682839215,0.0282601676881,-0.000161838586791,1.24428772926
1495532180866219393,1256,0,,-13.8656797409,-33.0970687866,0.00866945832968,-0.0169811826199,0.543551504612,-0.650440335274,0.0131914615631,0.00181544816587,0.00027645812952,1.11404776573
1495532180961864445,1257,0,,-13.8501501083,-33.0813064575,0.0091088404879,-0.0169906318188,0.524278461933,-0.598700046539,0.0177405606955,0.00439382577315,-9.44886705838e-05,0.994050621986
1495532181067235041,1258,0,,-13.8374643326,-33.0593986511,0.00968706794083,-0.0166484713554,0.503583073616,-0.567543745041,0.0216587278992,0.00578226801008,0.00342160207219,0.885673463345
1495532181175358703,1259,0,,-13.8216533661,-33.034828186,0.0156154455617,-0.0087933531031,0.486720263958,-0.481663107872,0.022388920188,0.0592837780714,0.0785511806607,0.742254018784
1495532181262657587,1260,0,,-13.8047122955,-33.0093917847,0.0163375604898,-0.00573392491788,0.474955797195,-0.422259122133,0.0268374215811,0.00722114183009,0.0305942799896,0.598955094814
1495532181321645530,1261,0,,-13.8454685211,-33.0308074951,0.0156301949173,-0.00525492290035,0.463686525822,-0.460072159767,0.0175257772207,-0.0070736464113,0.00479002250358,0.469411075115
1495532181375766314,1262,0,,-13.8897619247,-33.0537185669,0.0143623752519,-0.00568707799539,0.454598516226,-0.498576670885,0.0100840572268,-0.012678200379,-0.00432155421004,0.338817477226
1495532181399677106,1263,0,,-13.9375982285,-33.0778808594,0.0130413817242,-0.00592699507251,0.441979557276,-0.535916090012,0.00434829248115,-0.0132099306211,-0.0023991712369,0.212704479694
1495532181470569427,1264,0,,-13.8990306854,-33.0363121033,0.0117379100993,-0.0057573216036,0.434727668762,-0.425032138824,0.0126193445176,-0.0130347143859,0.00169673783239,0.094082981348
1495532181570378909,1265,0,,-13.9412298203,-33.055141449,0.0129587296396,-0.00568270077929,0.427259594202,-0.462047159672,0.00625974684954,0.0122081926093,0.000746207952034,-0.0148509331048
1495532181663298684,1266,0,,-13.8970212936,-33.0119934082,0.012149698101,-0.00568893598393,0.42268332839,-0.375665009022,0.0129507491365,-0.00809031818062,-6.23515952611e-05,-0.11490444839
1495532181771235667,1267,0,,-13.9278888702,-33.0240631104,0.000117535513709,0.00171729992144,0.4190338552,-0.331123024225,0.0143220098689,-0.120321623981,0.0740623548627,-0.0675486400723
1495532181869028549,1268,0,,-13.8753423691,-32.9799346924,0.00683526368812,-0.0022193796467,0.417904227972,-0.282733500004,0.0148076619953,0.0671772807837,-0.0393667966127,-0.158172160387
1495532181970855255,1269,0,,-13.897813797,-32.9879074097,0.0028663307894,0.0022056857124,0.414757460356,-0.237919673324,0.015710959211,-0.0396893285215,0.044250652194,-0.110996522009
1495532182067963065,1270,0,,-13.8420715332,-32.9381256104,0.0106943678111,-0.00283226859756,0.416886985302,-0.217741191387,0.0244243498892,0.0782803744078,-0.0503795407712,-0.207120493054
1495532182171547813,1271,0,,-13.8592157364,-32.9427871704,0.00512773543596,0.00162779749371,0.421837329865,-0.176014736295,0.0241286344826,-0.0556663274765,0.044600661844,-0.153029978275
1495532182270959200,1272,0,,-13.7975330353,-32.8932113647,-0.00261734961532,0.00422883359715,0.423537641764,-0.113723509014,0.0493699871004,-0.0774508491158,0.0260103587061,-0.085130289197
1495532182330712329,1273,0,,-13.8063354492,-32.8930664062,0.000954521994572,0.00471393950284,0.42904651165,-0.0797133520246,0.0373662114143,0.035718716681,0.00485105905682,-0.0149315912277
1495532182571617753,1274,0,,-13.7443828583,-32.8459625244,0.00232401606627,0.00440801028162,0.435802131891,-0.0379435829818,0.042198356241,0.0136949401349,-0.00305928965099,0.0500474274158
1495532182670901048,1275,0,,-13.6906747818,-32.805519104,0.00332177733071,0.00438056979328,0.444599449635,-0.00577245373279,0.0496954470873,0.00997761450708,-0.000274406134849,0.107528045774
1495532182771332324,1276,0,,-13.6900863647,-32.8007507324,0.00454173982143,0.00421728007495,0.45107871294,0.0264766458422,0.04008609429,0.0121996253729,-0.00163289695047,0.163899242878
1495532182871729660,1277,0,,-13.6376447678,-32.7631034851,0.00233473116532,0.00411453237757,0.460446029902,0.042609591037,0.0435968637466,-0.0220700893551,-0.00102747778874,0.221315607429
1495532182973174544,1278,0,,-13.6329517365,-32.7566299438,0.00129079411272,0.00393206579611,0.470512211323,0.07181237638,0.0351092554629,-0.0104393698275,-0.00182466371916,0.282223552465
1495532183069872666,1279,0,,-13.5839548111,-32.7226753235,-0.000821724359412,0.00384145323187,0.482436239719,0.0753612741828,0.0387265868485,-0.0211251843721,-0.000906127097551,0.346850395203
1495532183171833817,1280,0,,-13.576508522,-32.7147941589,-0.000757688540034,0.00384931452572,0.482678592205,0.103904113173,0.0310499556363,0.00064035813557,7.86141026765e-05,0.410685122013
1495532183272531885,1281,0,,-13.5320663452,-32.6846618652,-0.00233772443607,0.00382884801365,0.506871163845,0.0994050726295,0.0402447804809,-0.0158003587276,-0.000204664902412,0.47740188241
1495532183334321935,1282,0,,-13.5231742859,-32.6752586365,-0.00158457562793,0.00365844252519,0.519879996777,0.125340908766,0.0322462134063,0.00753148784861,-0.0017040555831,0.5462692976
1495532183374460347,1283,0,,-13.5120458603,-32.6647338867,-0.00241276132874,0.00354963773862,0.536612570286,0.150775119662,0.0268903449178,-0.00828185677528,-0.00108804833144,0.610785603523
1495532183400403869,1284,0,,-13.4988679886,-32.6529045105,-0.0042940066196,0.00352279446088,0.547814846039,0.175661876798,0.0225124545395,-0.0188124552369,-0.00026843289379,0.674798846245
1495532183479306151,1285,0,,-13.4022483826,-32.6328773499,-0.00679863942787,0.00352141610347,0.562066018581,0.145520240068,0.0313779488206,-0.02504632622,-1.37837660077e-05,0.747637271881
1495532183572066555,1286,0,,-13.3902750015,-32.6207733154,-0.00567634636536,0.00337676820345,0.57611733675,0.168444365263,0.0249215848744,0.0112229296938,-0.00144647923298,0.820270717144
1495532183675970548,1287,0,,-13.3117704391,-32.6051597595,-0.00516776693985,0.00346099445596,0.589733958244,0.146124958992,0.039169549942,0.00508579425514,0.000842262466904,0.882159888744
1495532183768389072,1288,0,,-13.3004550934,-32.591960907,-0.00228679971769,0.00354762701318,0.604545772076,0.171089172363,0.0308523029089,0.0288096722215,0.000866326678079,0.939194142818
1495532183878667975,1289,0,,-13.2360706329,-32.5794181824,-0.00344871007837,0.00351987336762,0.620929300785,0.14992724359,0.0386973842978,-0.0116191022098,-0.00027753636823,0.995945036411
1495532183983864450,1290,0,,-13.225227356,-32.5656166077,-0.0041033886373,0.00334871816449,0.638253808022,0.17275545001,0.0310720223933,-0.00654678372666,-0.00171155203134,1.06026637554
1495532184079782932,1291,0,,-13.1723747253,-32.556186676,-0.0059826914221,0.00325786671601,0.652833998203,0.151585057378,0.0373009182513,-0.0187930315733,-0.000908515416086,1.12591469288
1495532184184260954,1292,0,,-13.1619234085,-32.5419120789,-0.00539378682151,0.00327796512283,0.66787225008,0.174452498555,0.0293955411762,0.00588904786855,0.000200983995455,1.19052278996
1495532184278928573,1293,0,,-13.1183986664,-32.535194397,-0.0059950100258,0.00326547492296,0.683589816093,0.156832128763,0.0418747141957,-0.00601223437116,-0.000124900368974,1.24859130383
1495532184335357750,1294,0,,-13.1082820892,-32.5197639465,-0.00356938876212,0.00347799807787,0.699805915356,0.181629300117,0.0324427634478,0.0242562163621,0.00212523061782,1.30148255825
1495532184391585850,1295,0,,-13.0965967178,-32.5028648376,-0.00474952952936,0.0033303599339,0.714543163776,0.203703358769,0.0267694406211,-0.0118014076725,-0.00147638167255,1.353084445
1495532184405922662,1296,0,,-13.0832881927,-32.4842910767,-0.00690077012405,0.00343105499633,0.729080975056,0.227487668395,0.021527742967,-0.0215124059469,0.0010069499258,1.40182423592
1495532184480254668,1297,0,,-13.0460262299,-32.4831848145,-0.0082374708727,0.00349879567511,0.742246985435,0.191688477993,0.0331947617233,-0.0133670112118,0.000677407311741,1.44617652893
1495532184581957753,1298,0,,-13.0342845917,-32.464679718,-0.00561133306473,0.0037332396023,0.756612539291,0.217720106244,0.0250093471259,0.0262613818049,0.00234443903901,1.48775780201
1495532184678259596,1299,0,,-13.0060806274,-32.4657058716,-0.00626412965357,0.00376473739743,0.768689036369,0.188622668386,0.0319916792214,-0.00652796775103,0.000314978504321,1.52907502651
1495532184782719665,1300,0,,-12.9953126907,-32.4472045898,-0.00654402561486,0.00359348859638,0.768910646439,0.212601497769,0.0250877477229,-0.00279896217398,-0.00171248824336,1.57572817802
1495532184878661051,1301,0,,-12.9736480713,-32.4504852295,-0.00755120115355,0.00349626853131,0.788374662399,0.187951087952,0.0335411764681,-0.0100717553869,-0.000972200417891,1.61714446545
1495532184979972332,1302,0,,-12.9634571075,-32.4317169189,-0.00596647895873,0.00351204536855,0.799623847008,0.212038055062,0.0254379622638,0.0158472228795,0.0001577680232,1.65522873402
1495532185079062169,1303,0,,-12.9471187592,-32.4363594055,-0.0068581700325,0.00348989409395,0.809600055218,0.186142995954,0.0298627372831,-0.00891691073775,-0.00022151232406,1.69161880016
1495532185183111576,1304,0,,-12.9372329712,-32.4174308777,-0.00672827428207,0.00370100839064,0.817724227905,0.21231508255,0.0228536278009,0.00129895750433,0.0021111422684,1.72667443752
1495532185277642799,1305,0,,-12.9248151779,-32.4235610962,-0.00795054156333,0.00358135229908,0.824257314205,0.193333253264,0.0347976461053,-0.0122226718813,-0.00119656010065,1.75982928276
1495532185334619388,1306,0,,-12.9150524139,-32.4035224915,-0.00503358384594,0.00391328008845,0.83087593317,0.221423760056,0.0255366787314,0.0291695762426,0.00331927835941,1.78306376934
1495532185390335064,1307,0,,-12.9035692215,-32.3813705444,-0.00560949649662,0.00401281705126,0.834378480911,0.24870030582,0.0202603209764,-0.00575912324712,0.000995370792225,1.80410146713
1495532185406251473,1308,0,,-12.8903856277,-32.3571395874,-0.00746262446046,0.0040094582364,0.839381635189,0.275421828032,0.0154378032312,-0.0185312833637,-3.35919103236e-05,1.82158219814
1495532185480120644,1309,0,,-12.8820514679,-32.3701896667,-0.00908066239208,0.00399115867913,0.840176463127,0.238199293613,0.0317707695067,-0.0161803811789,-0.000182995063369,1.83999979496
1495532185580908041,1310,0,,-12.8700895309,-32.3461875916,-0.00492222607136,0.00421939045191,0.841032624245,0.267262995243,0.0223369281739,0.0415843650699,0.00228231935762,1.84938025475
1495532185678263297,1311,0,,-12.8652153015,-32.3595352173,-0.00492042582482,0.00442946096882,0.841280639172,0.24103602767,0.0384505018592,1.80048773473e-05,0.00210070516914,1.85719001293
1495532185784582614,1312,0,,-12.8536672592,-32.334980011,-0.00231734081171,0.00435357028618,0.841666221619,0.269880264997,0.0281720738858,0.0260308496654,-0.000758906069677,1.85908949375
1495532185880462545,1313,0,,-12.7970695496,-32.3559341431,-0.0034970107954,0.00442148419097,0.841439962387,0.242233365774,0.0391121804714,-0.0117967007682,0.000679139338899,1.86115550995
1495532185983935969,1314,0,,-12.7855377197,-32.3312301636,-0.00263841846026,0.00432686507702,0.83724629879,0.271088182926,0.0288719572127,0.00858592521399,-0.000946192070842,1.86500108242
1495532186078173859,1315,0,,-12.7420215607,-32.3583030701,0.00931698922068,-0.00301180314273,0.829917311668,0.180698767304,0.0312630087137,0.119554072618,-0.0733866840601,1.72066628933
1495532186200750968,1316,0,,-12.7364530563,-32.3461952209,0.0172918103635,-0.00643357587978,0.821270406246,0.131695985794,0.0203396994621,0.0797482058406,-0.0342177264392,1.56514978409
1495532186300101313,1317,0,,-12.7060499191,-32.3807945251,0.0154086370021,-0.00696715945378,0.812708258629,0.0766275599599,0.0300924424082,-0.0188317224383,-0.00533583527431,1.40430665016
1495532186356074632,1318,0,,-12.7060270309,-32.3777160645,0.0148480366915,-0.00674784416333,0.804470181465,0.0249275434762,0.0180233381689,-0.00560600683093,0.00219315383583,1.24430453777
1495532186396620991,1319,0,,-12.7083625793,-32.3791847229,0.0129775824025,-0.00656146602705,0.804155409336,-0.0258805956692,0.00953262392431,-0.0187045391649,0.00186377810314,1.08892035484
1495532186418835753,1320,0,,-12.7132949829,-32.3849220276,0.0110283037648,-0.00648117857054,0.789987266064,-0.0756047740579,0.00282718567178,-0.019492790103,0.000802877766546,0.939047813416
1495532186503119169,1321,0,,-12.6932916641,-32.4397544861,0.00877698231488,-0.00607681367546,0.782516479492,-0.0760229378939,0.010449398309,-0.0225132107735,0.00404364708811,0.805583775043
1495532186603276809,1322,0,,-12.7016172409,-32.4487800598,0.0109188342467,-0.00607357919216,0.772611737251,-0.122733302414,0.00293313828297,0.0214185174555,3.23457788909e-05,0.670074045658
1495532186698551281,1323,0,,-12.6875123978,-32.495639801,0.01141288504,-0.00634225644171,0.760856509209,-0.109860256314,0.0200255587697,0.00494050513953,-0.00268677156419,0.535348713398
1495532186797982084,1324,0,,-12.6992635727,-32.5062103271,0.0154479919001,-0.00643377937376,0.747111737728,-0.157672956586,0.0107759693637,0.0403510704637,-0.000915231765248,0.398533910513
1495532186899808089,1325,0,,-12.6944522858,-32.550151825,0.0107512706891,-0.0141751794145,0.746796905994,-0.202956110239,0.0273434370756,-0.0469672083855,-0.0774139985442,0.298209607601
1495532186990283700,1326,0,,-12.7193603516,-32.5718421936,0.0132849216461,-0.0173950921744,0.718651413918,-0.329871326685,0.0167430397123,0.0253365077078,-0.0321991182864,0.204256668687
1495532187089594726,1327,0,,-12.7237958908,-32.6145591736,0.0141571154818,-0.0175871308893,0.703839242458,-0.330598592758,0.0301165282726,0.00872193463147,-0.00192039262038,0.103481739759
1495532187202654703,1328,0,,-12.7600193024,-32.6426544189,0.0167230125517,-0.0173339564353,0.690098643303,-0.457958549261,0.020287329331,0.0256589781493,0.00253173965029,0.000799525529146
1495532187300851825,1329,0,,-12.7692747116,-32.6878089905,0.0158233623952,-0.0171671696007,0.676419079304,-0.431145220995,0.0313543304801,-0.00899649877101,0.00166787393391,-0.102374598384
1495532187350050193,1330,0,,-12.814827919,-32.720199585,0.0173687171191,-0.0172953531146,0.660609304905,-0.558546841145,0.0212083812803,0.0154535332695,-0.00128184456844,-0.203616917133
1495532187404271404,1331,0,,-12.871049881,-32.7593803406,0.0172226522118,-0.0175329521298,0.64399266243,-0.685131311417,0.0143012031913,-0.00146063591819,-0.00237598293461,-0.310851931572
1495532187419098355,1332,0,,-12.9380340576,-32.8043632507,0.0157024376094,-0.0173649974167,0.62465596199,-0.806798636913,0.00895711686462,-0.0152021562681,0.00167954631615,-0.415523022413
1495532187494520238,1333,0,,-12.9440917969,-32.8382568359,0.0143177397549,-0.0173747949302,0.606012880802,-0.659009933472,0.0261966604739,-0.0138469785452,-9.79767646641e-05,-0.517459988594
1495532187594971633,1334,0,,-13.0121631622,-32.8774795532,0.0187254585326,-0.0176294632256,0.583425581455,-0.785458803177,0.0164581388235,0.0440771952271,-0.00254668504931,-0.623285531998
1495532187697708786,1335,0,,-13.0111703873,-32.8956718445,0.0192255862057,-0.0177443362772,0.582986652851,-0.666877448559,0.0284463763237,0.0050012646243,-0.001148731797,-0.728974342346
1495532187798896657,1336,0,,-13.0817222595,-32.9319458008,0.021308876574,-0.0177726745605,0.548387408257,-0.79305690527,0.0194062143564,0.0208329148591,-0.000283385685179,-0.836549222469
1495532187904060449,1337,0,,-13.0213594437,-32.9465789795,0.0205935500562,-0.0177359655499,0.531665682793,-0.683135032654,0.0312384627759,-0.00715326378122,0.000367095897673,-0.944301962852
1495532187997112287,1338,0,,-13.0956907272,-32.978061676,0.0210122969002,-0.0175516717136,0.515882849693,-0.80693256855,0.022284111008,0.00418746192008,0.00184293289203,-1.03429186344
1495532188101856895,1339,0,,-13.0384912491,-32.9832191467,0.0191938839853,-0.0172527190298,0.50027358532,-0.696576297283,0.0376357585192,-0.0181841291487,0.0029895293992,-1.11616778374
1495532188191538626,1340,0,,-13.115445137,-33.011138916,0.0215365234762,-0.0171627756208,0.485642373562,-0.818176865578,0.0269142594188,0.0234264004976,0.00089943385683,-1.19351565838
1495532188309645752,1341,0,,-13.0598640442,-33.0158996582,0.0212413985282,-0.0171591676772,0.472784698009,-0.709141254425,0.0406968556345,-0.00295124365948,3.60818448826e-05,-1.2724660635
1495532188349514092,1342,0,,-13.1392002106,-33.0406074524,0.023532692343,-0.0171886049211,0.461961269379,-0.830416142941,0.0298255309463,0.0229129195213,-0.000294373254292,-1.34956550598
1495532188410835575,1343,0,,-13.2302312851,-33.0682563782,0.023226743564,-0.0173671133816,0.441644012928,-0.951096594334,0.0225871000439,-0.00305947195739,-0.00178508693352,-1.43354773521
1495532188417498715,1344,0,,-13.3331480026,-33.0972328186,0.0211340710521,-0.0173750650138,0.441268414259,-1.06905639172,0.0168571211398,-0.0209267344326,-7.95030937297e-05,-1.51408815384
1495532188506151605,1345,0,,-13.2528562546,-33.0872344971,0.0201441124082,-0.017463857308,0.432696282864,-0.856452226639,0.0312078520656,-0.00989957991987,-0.000887938542292,-1.59897911549
1495532188608461407,1346,0,,-13.3478832245,-33.1106910706,0.0236873365939,-0.0175817608833,0.425949931145,-0.978540897369,0.0219528246671,0.0354322306812,-0.00117903051432,-1.68267226219
1495532188705223428,1347,0,,-13.2515420914,-33.0987472534,0.0255458746105,-0.00240940297954,0.419536948204,-0.692975223064,0.0420406237245,0.01858538948,0.151723578572,-1.76169884205
1495532188806532752,1348,0,,-13.3323974609,-33.1147727966,0.023528477177,-0.010956518352,0.413197308779,-0.823632955551,0.0327987335622,-0.0201739836484,-0.0854711532593,-1.84088230133
1495532188907296191,1349,0,,-13.2444248199,-33.1005134583,0.0239105653018,-0.016744017601,0.409042090178,-0.710858404636,0.0484980493784,0.00382089125924,-0.0578749850392,-1.90564393997
1495532189009231642,1350,0,,-13.3102331161,-33.1110343933,0.0303167253733,-0.00294927833602,0.408905535936,-0.665468335152,0.0358545780182,0.0640615969896,0.137947380543,-1.96724796295
1495532189107679357,1351,0,,-13.2165193558,-33.100643158,0.0233675464988,-0.011019856669,0.406185746193,-0.603515267372,0.0545612238348,-0.0694917961955,-0.0807057842612,-2.02773451805
1495532189209521916,1352,0,,-13.2721033096,-33.1078147888,0.0281181447208,-0.00153287686408,0.40099966526,-0.559048175812,0.0395658202469,0.0475059784949,0.0948697924614,-2.0720603466
1495532189280314650,1353,0,,-13.1772384644,-33.1022567749,0.0236634612083,-0.011133376509,0.400445580482,-0.525689840317,0.058342255652,-0.0445468276739,-0.0960049927235,-2.12298297882
1495532189306541376,1354,0,,-13.2415142059,-33.1097984314,0.0282140523195,-0.0166787672788,0.400511860847,-0.645719051361,0.0432402826846,0.0455059222877,-0.055453915149,-2.16803908348
1495532189349867765,1355,0,,-13.3172159195,-33.1199493408,0.0279145762324,-0.0176241118461,0.403255879879,-0.762978315353,0.0352452620864,-0.0029947750736,-0.00945344008505,-2.21048378944
1495532189407105217,1356,0,,-13.4041929245,-33.1327095032,0.0240189805627,-0.0170994680375,0.403242737055,-0.878615677357,0.0288103912026,-0.0389559529722,0.00524644041434,-2.24784851074
1495532189503582005,1357,0,,-13.2994155884,-33.1343917847,0.0212630070746,-0.0166370365769,0.409453123808,-0.72087687254,0.0469085536897,-0.0275597330183,0.00462430343032,-2.28381729126
1495532189609083133,1358,0,,-13.3739767075,-33.1441307068,0.0297475960106,-0.00865742284805,0.409443497658,-0.751212239265,0.0332579240203,0.0848459005356,0.0797961503267,-2.3531961441
1495532189708092021,1359,0,,-13.2008142471,-33.1470680237,0.0259603857994,0.00172626180574,0.4205044806,-0.529003381729,0.0574450269341,-0.0378721021116,0.103836841881,-2.38079166412
1495532189810455874,1360,0,,-13.2576808929,-33.1528205872,0.0285666976124,-0.0021208866965,0.426701366901,-0.569957077503,0.0428352467716,0.0260631032288,-0.0384714826941,-2.4469332695
1495532189910172329,1361,0,,-13.0986375809,-33.1531257629,0.0300885047764,-0.0054449387826,0.435623139143,-0.45808583498,0.0540600642562,0.0152180744335,-0.033240519464,-2.50970864296
1495532190006661691,1362,0,,-13.1479558945,-33.1577720642,0.0321610197425,-0.00614077923819,0.435666590929,-0.493573129177,0.0421018078923,0.0207251366228,-0.00695840409026,-2.56610441208
1495532190111286941,1363,0,,-12.9947414398,-33.1621398926,0.0160529147834,0.0016826337669,0.456737011671,-0.339811712503,0.0699596256018,-0.161081030965,0.078234128654,-2.468791008
1495532190209143238,1364,0,,-13.025185585,-33.1632728577,0.0121933678165,0.00513179879636,0.468200325966,-0.299543857574,0.0555497631431,-0.0385954678059,0.0344916507602,-2.36244821548
1495532190269092618,1365,0,,-12.8760881424,-33.1718635559,0.0126165812835,0.00532632041723,0.479018241167,-0.199924662709,0.0751221701503,0.0042321337387,0.00194521306548,-2.25956344604
1495532190308858990,1366,0,,-12.8932971954,-33.1701278687,0.0173969231546,0.00481956964359,0.494646519423,-0.161608159542,0.0616371370852,0.0478034205735,-0.00506750494242,-2.15258097649
1495532190331906128,1367,0,,-12.9067001343,-33.1685218811,0.0161723736674,0.00448485231027,0.508055746555,-0.123866401613,0.0536630526185,-0.012245496735,-0.00334717426449,-2.05022764206
1495532190409952364,1368,0,,-12.9168148041,-33.1668586731,0.0110435159877,0.00404765550047,0.523822724819,-0.0910476744175,0.0470890775323,-0.051288574934,-0.00437196763232,-1.93638157845
1495532190507067015,1369,0,,-12.7507457733,-33.1803588867,0.00772252958268,0.00393450213596,0.540060043335,-0.0410527847707,0.0680141374469,-0.0332098603249,-0.00113153515849,-1.82193386555
1495532190611716425,1370,0,,-12.7536659241,-33.1755752563,0.0118538131937,0.00395996589214,0.55500036478,-0.00996495876461,0.0551508255303,0.0413128323853,0.00025463628117,-1.70878529549
1495532190707570724,1371,0,,-12.6109752655,-33.1919250488,0.0118469214067,0.00408361060545,0.572152078152,0.0200110729784,0.0714658424258,-6.89107328071e-05,0.00123645039275,-1.60456359386
1495532190807202600,1372,0,,-12.6088600159,-33.184513092,0.0135462237522,0.00397060299292,0.588616549969,0.0496589429677,0.0589489713311,0.0169930160046,-0.00113007694017,-1.50182414055
1495532190908657961,1373,0,,-12.4863052368,-33.1967430115,0.0111103914678,0.0038524386473,0.608279526234,0.0662162974477,0.0808957070112,-0.0243583247066,-0.00118164462037,-1.39957475662
1495532191009253714,1374,0,,-12.4810914993,-33.186630249,0.0129441348836,0.00367771578021,0.626307368279,0.0929019898176,0.0656863152981,0.0183374341577,-0.0017472282052,-1.28908669949
1495532191110287649,1375,0,,-12.3763589859,-33.2031784058,0.0103505356237,0.00336435087956,0.644480526447,0.0964293703437,0.0781931057572,-0.0259359870106,-0.00313365040347,-1.17643845081
1495532191210075128,1376,0,,-12.3694791794,-33.1915969849,0.0103142140433,0.00311311450787,0.663343667984,0.118472464383,0.0641087442636,-0.000363222818123,-0.00251236301847,-1.05728805065
1495532191309077944,1377,0,,-12.2279472351,-33.2128868103,0.00758955162019,0.0030092659872,0.68032336235,0.11598341912,0.074659511447,-0.0272466186434,-0.00103848555591,-0.938531696796
1495532191321187723,1378,0,,-12.2200021744,-33.2001075745,0.00840411707759,0.00304414774291,0.696239888668,0.137623518705,0.0608887821436,0.00814565364271,0.000348818284692,-0.821732580662
1495532191373801327,1379,0,,-12.20997715,-33.1865196228,0.00667996797711,0.00321291154251,0.711233079433,0.160801455379,0.0515151843429,-0.0172414928675,0.00168763881084,-0.711593925953
1495532191409862336,1380,0,,-12.1980237961,-33.1719398499,0.0038514691405,0.00328217959031,0.725917577744,0.183405905962,0.0436069741845,-0.0282849874347,0.000692678324413,-0.606817424297
1495532191509784753,1381,0,,-12.0655021667,-33.1963500977,0.00152234302368,0.00328679033555,0.739572525024,0.164438486099,0.0593919865787,-0.0232912618667,4.61080235254e-05,-0.505046725273
1495532191608502399,1382,0,,-12.0542507172,-33.1806716919,0.00477094715461,0.0033147460781,0.754313230515,0.187000215054,0.0476640574634,0.0324860438704,0.000279558298644,-0.408463209867
1495532191709338199,1383,0,,-11.9469394684,-33.2088775635,0.00498929666355,0.00363243557513,0.769136250019,0.179456233978,0.0684890896082,0.00218349485658,0.0031768954359,-0.325326889753
1495532191811100581,1384,0,,-11.9355134964,-33.1909255981,0.00861113797873,0.00380959874019,0.784321844578,0.20566290617,0.0546812675893,0.0362184084952,0.00177163118497,-0.249565556645
1495532191911192989,1385,0,,-11.8474731445,-33.2147216797,0.00627004494891,0.0035782228224,0.798437058926,0.19042262435,0.0672008767724,-0.0234109275043,-0.00231375917792,-0.171311065555
1495532192010669537,1386,0,,-11.8361682892,-33.1957206726,0.00693753641099,0.00351716438308,0.812167227268,0.214472860098,0.053658425808,0.00667491694912,-0.000610585382674,-0.0956294238567
1495532192110022392,1387,0,,-11.7633581161,-33.2170066833,0.00497863907367,0.00366661883891,0.812444984913,0.20044106245,0.0643216744065,-0.0195889733732,0.00149454618804,-0.0231094565243
1495532192211927738,1388,0,,-11.7516012192,-33.1970176697,0.00622108997777,0.00378456618637,0.838355839252,0.226223513484,0.0511030443013,0.0124245071784,0.00117947277613,0.0459978058934
1495532192325304377,1389,0,,-11.6913385391,-33.2237319946,0.00396837247536,0.00356997107156,0.838792026043,0.209564000368,0.0623846575618,-0.0225271731615,-0.00214595114812,0.116369761527
1495532192341857113,1390,0,,-11.6798219681,-33.2028579712,0.0049410671927,0.00350971310399,0.85844874382,0.233192980289,0.0495110303164,0.0097269481048,-0.000602580141276,0.186025321484
1495532192401582584,1391,0,,-11.6666126251,-33.1802825928,0.00301349861547,0.00365398149006,0.867520153522,0.258332788944,0.0410256497562,-0.0192756857723,0.00144268269651,0.254738122225
1495532192412139164,1392,0,,-11.6518211365,-33.1561737061,-0.000236295061768,0.00354067771696,0.874148488045,0.280778467655,0.0339741073549,-0.0324979387224,-0.00113303761464,0.324933975935
1495532192525038925,1393,0,,-11.5992641449,-33.1899223328,-0.00162612297572,0.00385435437784,0.880959749222,0.251565992832,0.0523927621543,-0.0138982795179,0.00313676870428,0.386332064867
1495532192608521187,1394,0,,-11.585735321,-33.1652793884,0.00314737693407,0.00404287129641,0.886519193649,0.278218358755,0.0403310246766,0.0477349981666,0.00188516883645,0.438031822443
1495532192710707786,1395,0,,-11.4894638062,-33.2027282715,0.0029301000759,0.00417718244717,0.892683148384,0.257329285145,0.0589188151062,-0.00217276881449,0.00134311255533,0.48469299078
1495532192825737639,1396,0,,-11.4766235352,-33.1769943237,0.00478578126058,0.00407537352294,0.896451890469,0.283823549747,0.0463556647301,0.0185568090528,-0.00101809203625,0.533760070801
1495532192920778147,1397,0,,-11.3984479904,-33.210483551,0.00306490901858,0.00396232679486,0.89861869812,0.257681488991,0.0581376962364,-0.0172087214887,-0.00113046762999,0.578950822353
1495532193019172015,1398,0,,-11.3858709335,-33.1845932007,0.00440252944827,0.00398430693895,0.898208737373,0.284278124571,0.0452499985695,0.0133762061596,0.000219801702769,0.621533334255
1495532193110128971,1399,0,,-11.3216810226,-33.2230262756,0.00282967486419,0.00396042410284,0.898254692554,0.274394065142,0.0709880366921,-0.0157285463065,-0.000238826905843,0.660316288471
1495532193222045575,1400,0,,-11.3088321686,-33.1948699951,0.00785880349576,0.00438423920423,0.898790180683,0.304739922285,0.0539830699563,0.0502912886441,0.00423814915121,0.690902411938
1495532193322101315,1401,0,,-11.2555532455,-33.2360992432,0.00665346672758,0.00428635859862,0.897332847118,0.288046061993,0.0745569989085,-0.0120533704758,-0.000978806288913,0.717029094696
1495532193347839084,1402,0,,-11.2424764633,-33.2067680359,0.0089641129598,0.0042499601841,0.894994974136,0.315970391035,0.0574169978499,0.0231064651161,-0.000363984552678,0.743268847466
1495532193407612961,1403,0,,-11.2269363403,-33.1758155823,0.00655644759536,0.00418417388573,0.892297923565,0.343260198832,0.0461735278368,-0.0240766536444,-0.000657861004584,0.768219411373
1495532193418499470,1404,0,,-11.209104538,-33.1431922913,0.0024260985665,0.00417363084853,0.887574791908,0.369981318712,0.0366401858628,-0.0413034893572,-0.00010543026292,0.795505940914
1495532193521789280,1405,0,,-11.1660442352,-33.2015113831,0.0130385896191,-0.00305777741596,0.878508746624,0.261430978775,0.0487545393407,0.106124907732,-0.0723140835762,0.674546658993
1495532193620131671,1406,0,,-11.1563463211,-33.1827354431,0.0241071470082,-0.00662628468126,0.869163036346,0.208585977554,0.0340026654303,0.110685564578,-0.0356850735843,0.539490640163
1495532193726079992,1407,0,,-11.1340875626,-33.2567710876,0.0179679486901,-0.014815358445,0.857215881348,0.0976083502173,0.0677543655038,-0.0613919720054,-0.0818907395005,0.437156975269
1495532193821663515,1408,0,,-11.1398925781,-33.2563972473,0.0212068259716,-0.0175833459944,0.856929659843,-0.0335703194141,0.0475081466138,0.0323887728155,-0.0276798792183,0.340443491936
1495532193920756634,1409,0,,-11.128824234,-33.3349838257,0.024498840794,-0.00982249714434,0.83801728487,-0.0459400713444,0.0432874262333,0.0329201519489,0.0776084959507,0.208672136068
1495532194023003019,1410,0,,-11.1374721527,-33.339931488,0.0215281546116,-0.00605231383815,0.824500083923,-0.0943728163838,0.0319666750729,-0.0297068692744,0.0377018265426,0.0827440842986
1495532194121429851,1411,0,,-11.0771713257,-33.4097480774,0.0174419675022,-0.00556494342163,0.809791326523,-0.0730662643909,0.0586984157562,-0.0408618748188,0.00487370649353,-0.0363721251488
1495532194218971095,1412,0,,-11.0885543823,-33.4156684875,0.024128459394,-0.00606990745291,0.792242467403,-0.122026279569,0.0396349988878,0.0668649226427,-0.00504964077845,-0.16265001893
1495532194318199774,1413,0,,-11.043838501,-33.4868354797,0.0199454892427,-0.013985209167,0.777395188808,-0.158954173326,0.0699282437563,-0.0418297089636,-0.0791530162096,-0.253723740578
1495532194328441577,1414,0,,-11.0681886673,-33.5024261475,0.0247179809958,-0.017195276916,0.758691728115,-0.284762173891,0.0500556007028,0.0477249249816,-0.0321006812155,-0.33921957016
1495532194402476062,1415,0,,-11.1018304825,-33.5265960693,0.0238091312349,-0.0177670530975,0.745479881763,-0.412468254566,0.0384149588645,-0.00908849295229,-0.00571776181459,-0.427874565125
1495532194418798597,1416,0,,-11.144859314,-33.5586624146,0.0195604600012,-0.0172447264194,0.72638386488,-0.535844147205,0.0288407094777,-0.0424867235124,0.00522327795625,-0.512896120548
1495532194520439107,1417,0,,-11.1130332947,-33.6338233948,0.016376433894,-0.0168400034308,0.710880160332,-0.451196193695,0.0500788018107,-0.0318402610719,0.00404721545056,-0.595028758049
1495532194617677450,1418,0,,-11.1614160538,-33.6656837463,0.0221971292049,-0.0171167217195,0.692684412003,-0.578276097775,0.034628842026,0.0582069605589,-0.00276717822999,-0.687157869339
1495532194718553899,1419,0,,-11.13509655,-33.7310295105,0.0226436462253,-0.0173372682184,0.677134692669,-0.499973535538,0.0590334832668,0.00446516554803,-0.00220546289347,-0.780467391014
1495532194821525230,1420,0,,-11.1894979477,-33.7622451782,0.0264356527478,-0.0173689648509,0.661881089211,-0.6257340312,0.0432425290346,0.0379200726748,-0.000316960446071,-0.871826291084
1495532194922431704,1421,0,,-11.1663665771,-33.8195991516,0.0239513535053,-0.0171621646732,0.646170496941,-0.547675311565,0.0559160523117,-0.0248429942876,0.00206799549051,-0.954123079777
1495532195033128537,1422,0,,-11.2257261276,-33.8506011963,0.0243121925741,-0.0168540906161,0.629496395588,-0.668403565884,0.0414537750185,0.00360838952474,0.00308073381893,-1.02919483185
1495532195132292612,1423,0,,-11.2036714554,-33.8945274353,0.0219810791314,-0.0169194396585,0.612453699112,-0.583614587784,0.0598911941051,-0.0233111288399,-0.000653474475257,-1.0989048481
1495532195233177856,1424,0,,-11.2674674988,-33.924030304,0.0242472738028,-0.0166138522327,0.59741461277,-0.70147061348,0.0446247905493,0.0226619467139,0.00305585865863,-1.157356143
1495532195325207160,1425,0,,-11.2382574081,-33.9597625732,0.0280609875917,-0.00893836189061,0.583997428417,-0.544389426708,0.0737778097391,0.038137126714,0.076754912734,-1.25833451748
1495532195332969948,1426,0,,-11.293299675,-33.9800796509,0.0334822796285,-0.0057308645919,0.570774495602,-0.584127545357,0.0552096478641,0.0542129166424,0.0320749729872,-1.36150920391
1495532195380195856,1427,0,,-11.3516273499,-34.0016975403,0.0305853392929,-0.0053902012296,0.559119999409,-0.620513498783,0.0435752905905,-0.0289693921804,0.00340663408861,-1.45740711689
1495532195432002653,1428,0,,-11.4131813049,-34.0244522095,0.026351230219,-0.00567289069295,0.547304272652,-0.655441522598,0.0327434539795,-0.0423410944641,-0.00282689742744,-1.55116343498
1495532195530351265,1429,0,,-11.351184845,-34.0475845337,0.0237375572324,-0.00599976582453,0.537318050861,-0.494230598211,0.0431958250701,-0.0261367391795,-0.0032687515486,-1.64099740982
1495532195632769105,1430,0,,-11.4098806381,-34.0666770935,0.0211905706674,-0.0136851752177,0.528319060802,-0.616318702698,0.0334650315344,-0.0254698619246,-0.0768540874124,-1.68585717678
1495532195730457718,1431,0,,-11.294260025,-34.0882797241,0.026225682348,-0.00936738587916,0.519474506378,-0.47752147913,0.0550356060266,0.0503511168063,0.0431778840721,-1.77004277706
1495532195833799067,1432,0,,-11.3443527222,-34.101234436,0.0315956547856,-0.00622443063185,0.510962665081,-0.51572728157,0.0416799746454,0.0536997281015,0.0314295552671,-1.85740017891
1495532195931268443,1433,0,,-11.2423763275,-34.1149024963,0.0241880007088,-0.0132824508473,0.503872156143,-0.477019637823,0.0628085657954,-0.0740765407681,-0.0705801993608,-1.90205335617
1495532196030603424,1434,0,,-11.2924861908,-34.126083374,0.0315535850823,-0.00898726005107,0.4983535707,-0.511520445347,0.0441815443337,0.0736558437347,0.0429519079626,-1.98155927658
1495532196132336752,1435,0,,-11.1940364838,-34.1399040222,0.0309060309082,-0.00634564459324,0.494260251522,-0.416205108166,0.0753914564848,-0.00647553335875,0.0264161583036,-2.06437849998
1495532196233106412,1436,0,,-11.2392311096,-34.146987915,0.0345169603825,-0.00545695330948,0.490267604589,-0.453904747963,0.057017840445,0.0361092835665,0.00888691283762,-2.13800168037
1495532196279706260,1437,0,,-11.145690918,-34.1617965698,0.0319675952196,-0.00553178554401,0.488182932138,-0.371837407351,0.0674689263105,-0.0254936367273,-0.000748323567677,-2.20408582687
1495532196335906773,1438,0,,-11.1866292953,-34.1674194336,0.0323520153761,-0.00567952496931,0.488072633743,-0.410003215075,0.0515487082303,0.00384417222813,-0.00147739658132,-2.26655268669
1495532196361370348,1439,0,,-11.2307367325,-34.1747283936,0.0300504788756,-0.00556251453236,0.487161934376,-0.445228308439,0.0407389104366,-0.0230153407902,0.0011701072799,-2.32613325119
1495532196427133667,1440,0,,-11.2780227661,-34.1834487915,0.0268377140164,-0.00545717030764,0.48775473237,-0.479768902063,0.0319685563445,-0.0321276634932,0.00105344329495,-2.38191652298
1495532196531172803,1441,0,,-11.1669969559,-34.2023963928,0.0247348826379,-0.00577491242439,0.489382326603,-0.374908596277,0.0677669718862,-0.0210282988846,-0.00317742512561,-2.43657779694
1495532196633787393,1442,0,,-11.2084941864,-34.2073898315,0.0329459644854,-0.00592754874378,0.490978509188,-0.414947271347,0.0501472018659,0.0821108222008,-0.0015263594687,-2.49411582947
1495532196730295820,1443,0,,-11.1080303192,-34.2271156311,0.0339863933623,-0.00604234915227,0.492771208286,-0.336236894131,0.0598360300064,0.0104042636231,-0.00114800734445,-2.56171226501
1495532196832620499,1444,0,,-11.1456184387,-34.2311096191,0.0337603315711,-0.00587312271819,0.495609104633,-0.375071704388,0.0469688735902,-0.00226059718989,0.00169226434082,-2.62327647209
1495532196931296872,1445,0,,-11.0003080368,-34.2537574768,0.0308194551617,-0.00595717085525,0.499262630939,-0.312051653862,0.0760525465012,-0.0294087640941,-0.000840479915496,-2.68316674232
1495532197055555969,1446,0,,-11.0358495712,-34.2560043335,0.0353247709572,-0.00579935917631,0.502571821213,-0.351425260305,0.0576791353524,0.0450531505048,0.00157811515965,-2.73370862007
1495532197132888221,1447,0,,-10.907450676,-34.2807121277,0.0340275987983,-0.00578648317605,0.50695759058,-0.294366329908,0.084676168859,-0.0129717364907,0.000128759755171,-2.78315520287
1495532197258097299,1448,0,,-10.9414844513,-34.2817802429,0.0377432964742,-0.00576192652807,0.512960970402,-0.334192961454,0.0652330890298,0.0371570028365,0.000245570379775,-2.82887530327
1495532197309371556,1449,0,,-10.8269701004,-34.301815033,0.0355596989393,-0.00561709329486,0.517906486988,-0.279934346676,0.0845256820321,-0.021835969761,0.00144833093509,-2.8736987114
1495532197345403093,1450,0,,-10.8594350815,-34.3025741577,0.0376960970461,-0.00551606947556,0.525080919266,-0.31808128953,0.0654256343842,0.0213639736176,0.0010102376109,-2.91633415222
1495532197369670215,1451,0,,-10.8954496384,-34.3055458069,0.0353926606476,-0.00572103681043,0.530724525452,-0.357485920191,0.0528548061848,-0.0230343583971,-0.00204967497848,-2.95971155167
1495532197458545133,1452,0,,-10.7760829926,-34.3300437927,0.017850458622,0.00164854538161,0.538711428642,-0.227276816964,0.0874107629061,-0.175422027707,0.0736958235502,-2.84995412827
1495532197549549306,1453,0,,-10.6734266281,-34.3458061218,0.0166337490082,0.00521233212203,0.544807732105,-0.14081120491,0.103049494326,-0.0121671035886,0.0356378667057,-2.73438668251
1495532197649313945,1454,0,,-10.6855592728,-34.340763092,0.0252554602921,0.00550664355978,0.545024931431,-0.102533340454,0.0821648240089,0.0862171128392,0.00294311740436,-2.63128948212
1495532197747263131,1455,0,,-10.5917701721,-34.361618042,0.0378371588886,-0.00249945605174,0.556059956551,-0.108856543899,0.0886627659202,0.125816971064,-0.0800609961152,-2.67951774597
1495532197856564461,1456,0,,-10.6082868576,-34.3590354919,0.0446670427918,-0.00626999558881,0.564357221127,-0.151463896036,0.070735424757,0.0682988464832,-0.0377053953707,-2.74208259583
1495532197951699743,1457,0,,-10.5285453796,-34.3858718872,0.0386398918927,-0.00648189708591,0.573093175888,-0.141561031342,0.0817938372493,-0.0602715089917,-0.00211901287548,-2.79259729385
1495532198058359328,1458,0,,-10.4100122452,-34.4112319946,0.0224689375609,0.00136851193383,0.584022283554,-0.0727536156774,0.102974116802,-0.161709532142,0.0785040855408,-2.68688178062
1495532198154283749,1459,0,,-10.3068847656,-34.4297409058,0.0196696911007,0.00492966501042,0.589984536171,-0.0238690096885,0.112114720047,-0.0279924664646,0.0356115289032,-2.57286715508
1495532198256458609,1460,0,,-10.2163467407,-34.4490890503,0.0251173302531,0.00499067083001,0.596669495106,0.0153259551153,0.128567710519,0.0544763915241,0.000610059592873,-2.46142363548
1495532198333700207,1461,0,,-10.1359395981,-34.4629631042,0.0326493307948,0.0045807575807,0.604802250862,0.0484318397939,0.141252577305,0.0753199979663,-0.00409912969917,-2.36592721939
1495532198354009845,1462,0,,-10.1325836182,-34.4492759705,0.036482937634,0.0043394016102,0.611287355423,0.0816019773483,0.114917054772,0.0383360870183,-0.00241355993785,-2.27699875832
1495532198408699623,1463,0,,-10.1331129074,-34.4388160706,0.0245579816401,-0.0029074146878,0.620251834393,0.0355385690928,0.09851860255,-0.11924957484,-0.0724681615829,-2.14594459534
1495532198455297234,1464,0,,-10.0513954163,-34.4644012451,0.0221231151372,0.00149119354319,0.627789378166,0.0672256723046,0.105808027089,-0.0243486613035,0.043986082077,-2.05384993553
1495532198549190948,1465,0,,-9.98125648499,-34.4837913513,0.0234769862145,0.00428319955245,0.640781760216,0.0874588340521,0.111412040889,0.0135387051851,0.0279200598598,-1.96153020859
1495532198653884710,1466,0,,-9.97471141815,-34.4705314636,0.0250653345138,0.00458497833461,0.652071297169,0.116980358958,0.0904626622796,0.0158834848553,0.0030177901499,-1.86777055264
1495532198748045075,1467,0,,-9.90875530243,-34.488822937,0.0190550182015,0.00384691753425,0.664334952831,0.119279071689,0.0965442284942,-0.0601031556726,-0.00738061033189,-1.75714993477
1495532198854361040,1468,0,,-9.89981079102,-34.4749717712,0.0164598710835,0.00355391064659,0.673519432545,0.144959077239,0.0785716176033,-0.0259514823556,-0.00293006724678,-1.63616681099
1495532198947826343,1469,0,,-9.83999347687,-34.4991493225,0.0127649828792,0.00331262778491,0.682846069336,0.140156567097,0.0876507535577,-0.0369488820434,-0.00241282815114,-1.51353478432
1495532199051620272,1470,0,,-9.82969760895,-34.4846115112,0.0136992651969,0.0032905137632,0.692888438702,0.163304805756,0.0711837112904,0.0093428241089,-0.000221140217036,-1.39291632175
1495532199151629361,1471,0,,-9.77683353424,-34.5138778687,0.0118250427768,0.00325831305236,0.693170368671,0.159654021263,0.0926270782948,-0.0187422260642,-0.000322007923387,-1.28036737442
1495532199257146269,1472,0,,-9.76561355591,-34.4976844788,0.0147913908586,0.00329692149535,0.707658171654,0.182333916426,0.0746506601572,0.0296634864062,0.00038608306204,-1.16836249828
1495532199308776156,1473,0,,-9.67107105255,-34.5307235718,0.0133796939626,0.00362275959924,0.71653342247,0.171940222383,0.0828633978963,-0.0141169717535,0.0032583817374,-1.06945645809
1495532199361826270,1474,0,,-9.65900230408,-34.5138435364,0.0133594498038,0.00361461518332,0.722058296204,0.196242973208,0.0673983842134,-0.000202437324333,-8.14427112346e-05,-0.973061680794
1495532199378659348,1475,0,,-9.64461517334,-34.496257782,0.010296434164,0.00352180865593,0.731195747852,0.220090970397,0.0564025081694,-0.0306301638484,-0.000928065215703,-0.878356933594
1495532199456271938,1476,0,,-9.62794780731,-34.4776306152,0.00709002511576,0.00368102546781,0.737505733967,0.245529979467,0.0468572601676,-0.0320640876889,0.00159216718748,-0.788986265659
1495532199557492634,1477,0,,-9.54975223541,-34.5262565613,0.00171473238152,-0.0114529654384,0.745021522045,0.0994928926229,0.0734326988459,-0.0537529289722,-0.151339903474,-0.69531840086
1495532199664260398,1478,0,,-9.4862203598,-34.5683326721,0.0118257049471,-0.00286686117761,0.752605497837,0.128205254674,0.0933909863234,0.101109728217,0.0858610421419,-0.600449442863
1495532199755995319,1479,0,,-9.47948074341,-34.5526313782,0.0172583274543,0.00306788855232,0.759897649288,0.152767583728,0.0765926167369,0.0543262287974,0.0593474954367,-0.519283354282
1495532199862390345,1480,0,,-9.42337989807,-34.5878486633,0.0115689374506,0.00426149554551,0.765599906445,0.155015766621,0.0906830430031,-0.0568939074874,0.0119360685349,-0.432983458042
1495532199958741636,1481,0,,-9.41480827332,-34.5705413818,0.0113308988512,0.00396369490772,0.77183842659,0.179343625903,0.0716779232025,-0.00238038785756,-0.00297800544649,-0.348991155624
1495532200067956289,1482,0,,-9.36544895172,-34.6086769104,0.0098118269816,0.00377799151465,0.776267826557,0.175282403827,0.0803450345993,-0.0151907168329,-0.00185703358147,-0.275058090687
1495532200155821023,1483,0,,-9.33056545258,-34.64320755,0.00595137104392,-0.00357320113108,0.781307995319,0.112106859684,0.0869653150439,-0.0386045612395,-0.0735119283199,-0.163159415126
1495532200266459254,1484,0,,-9.29974079132,-34.6758651733,0.0143356844783,0.00107075169217,0.784907281399,0.146444648504,0.106200322509,0.0838431343436,0.0464395284653,-0.107077755034
1495532200321040425,1485,0,,-9.29291343689,-34.6572914124,0.0212181340903,0.00430612685159,0.789386510849,0.179021731019,0.0843491852283,0.0688244923949,0.0323537513614,-0.0668913275003
1495532200359698905,1486,0,,-9.28298854828,-34.6374549866,0.0164669845253,0.00491364533082,0.791657805443,0.21053032577,0.0698581710458,-0.0475114844739,0.00607518199831,-0.0284068398178
1495532200385658842,1487,0,,-9.27016925812,-34.6164207458,0.00940047577024,0.00454206299037,0.79317677021,0.239833012223,0.0561880171299,-0.0706650912762,-0.00371582014486,0.016321066767
1495532200457537604,1488,0,,-9.25445175171,-34.5939178467,0.00535661820322,0.00449583726004,0.793258786201,0.270895063877,0.0441571436822,-0.0404385738075,-0.000462257681647,0.0630754232407
1495532200556837663,1489,0,,-9.21889400482,-34.6364364624,0.00273125222884,0.00413196021691,0.794160485268,0.229525119066,0.0510853491724,-0.0262536611408,-0.00363877182826,0.11469091475
1495532200666810794,1490,0,,-9.14110088348,-34.677230835,0.00463532656431,0.00439146161079,0.792820632458,0.217217996716,0.0616433992982,0.0190407410264,0.00259501580149,0.162904053926
1495532200756641279,1491,0,,-9.07821464539,-34.7093429565,0.00820819009095,0.00454264366999,0.789018630981,0.211649671197,0.0693276301026,0.0357286371291,0.00151181744877,0.207189902663
1495532200865074624,1492,0,,-9.02600955963,-34.7411384583,0.0109929004684,0.00455242721364,0.784820854664,0.213645264506,0.0820136144757,0.0278471000493,9.78362077149e-05,0.243489414454
1495532200956552250,1493,0,,-9.018907547,-34.725643158,0.0269286576658,-0.00308586843312,0.780720353127,0.160497575998,0.057370364666,0.159357577562,-0.0763829573989,0.129241243005
1495532201061664288,1494,0,,-9.01424980164,-34.7147254944,0.0301681347191,-0.00673599168658,0.775801301003,0.109945468605,0.0447431728244,0.0323947705328,-0.0365012325346,0.00293323094957
1495532201160699435,1495,0,,-8.97604560852,-34.7633132935,0.0243183486164,-0.00687759276479,0.770372152328,0.0555557943881,0.0428477115929,-0.0584978610277,-0.00141601066571,-0.120578862727
1495532201265428258,1496,0,,-8.94779586792,-34.8128738403,0.0202839896083,-0.00645401049405,0.766461670399,0.0245302468538,0.0580616854131,-0.0403435863554,0.00423582317308,-0.235322207212
1495532201321339207,1497,0,,-8.95217227936,-34.8113327026,0.0233918447047,-0.00601732963696,0.760123193264,-0.0222353674471,0.0407311320305,0.0310785416514,0.00436680624261,-0.341582119465
1495532201355618776,1498,0,,-8.95929813385,-34.8135147095,0.022482637316,-0.00594650302082,0.755687475204,-0.068095497787,0.0302637293935,-0.00909206178039,0.000708265695721,-0.447110921144
1495532201400541529,1499,0,,-8.96933078766,-34.8191261292,0.0192687083036,-0.00594612490386,0.74803262949,-0.112869992852,0.0218204446137,-0.0321392901242,3.78329968953e-06,-0.547826707363
1495532201462714100,1500,0,,-8.94759654999,-34.8851165771,0.0164639241993,-0.00572831556201,0.747808992863,-0.0914803221822,0.043921418488,-0.0280478559434,0.00217809225433,-0.64017778635
1495532201556670949,1501,0,,-8.93069839478,-34.9364051819,0.02131857723,-0.00579039007425,0.731859266758,-0.0858134776354,0.0568366609514,0.0485465452075,-0.000620744365733,-0.732003509998
1495532201665276658,1502,0,,-8.91788864136,-34.9838409424,0.0274026524276,-0.00590348988771,0.722576320171,-0.086315587163,0.0671117678285,0.0608407333493,-0.00113099731971,-0.828578531742
1495532201756404239,1503,0,,-8.90833091736,-35.0229072571,0.0312271863222,-0.00596613809466,0.722318351269,-0.0897129029036,0.0750329941511,0.0382453538477,-0.000626484339591,-0.9306011796
1495532201859542009,1504,0,,-8.92271709442,-35.0261573792,0.0328964367509,-0.00615870999172,0.702137231827,-0.136044815183,0.0569820478559,0.016692481935,-0.00192571675871,-1.03257799149
1495532201958200224,1505,0,,-8.91538333893,-35.0636291504,0.0295384619385,-0.00622410187498,0.69086420536,-0.131639659405,0.0598741918802,-0.0335797332227,-0.000653919065371,-1.1376285553
1495532202070782139,1506,0,,-8.91616439819,-35.1048126221,0.0237746238708,-0.0138910645619,0.678617238998,-0.199942618608,0.0597358159721,-0.0576383844018,-0.0766696259379,-1.20046055317
1495532202158944048,1507,0,,-8.92252445221,-35.1430435181,0.0245439838618,-0.0171208828688,0.664344370365,-0.253611385822,0.0575749203563,0.00769359758124,-0.0322981886566,-1.25804042816
1495532202268179932,1508,0,,-8.89221286774,-35.1784744263,0.0271332412958,-0.0177132189274,0.653773725033,-0.297063291073,0.0716173648834,0.0258925892413,-0.00592335686088,-1.32768404484
1495532202278203556,1509,0,,-8.93190670013,-35.1946182251,0.0307854190469,-0.0174538623542,0.638903677464,-0.425032407045,0.0545505769551,0.0365217737854,0.00259356037714,-1.39815545082
1495532202321127728,1510,0,,-8.98264789581,-35.2169075012,0.0288571640849,-0.017417198047,0.626130282879,-0.552545726299,0.0427876748145,-0.0192825514823,0.000366654770914,-1.47769343853
1495532202360646652,1511,0,,-9.04449176788,-35.2446937561,0.0251538902521,-0.0173518061638,0.61300766468,-0.677209794521,0.0326494351029,-0.0370327420533,0.000653912196867,-1.5567510128
1495532202470454610,1512,0,,-9.01885032654,-35.2922477722,0.0218992754817,-0.0172544326633,0.598238766193,-0.584805011749,0.0480473712087,-0.0325461514294,0.000973742688075,-1.62670838833
1495532202557472729,1513,0,,-9.08457374573,-35.3184776306,0.0239900592715,-0.0170493237674,0.583199083805,-0.706733584404,0.0355988964438,0.0209078397602,0.00205107685179,-1.68232500553
1495532202669846376,1514,0,,-9.05630588531,-35.3611564636,0.0224958825856,-0.0166023075581,0.582938492298,-0.613384604454,0.0377376377583,-0.0149417640641,0.00447016209364,-1.72876954079
1495532202761525424,1515,0,,-9.11701011658,-35.3840293884,0.026613086462,-0.00892296526581,0.558004617691,-0.648153424263,0.0268932748586,0.0411720387638,0.0767934247851,-1.81105303764
1495532202866034105,1516,0,,-9.07373142242,-35.4184150696,0.0243101976812,-0.00553305307403,0.547213613987,-0.51229685545,0.0410337224603,-0.0230288766325,0.0338991247118,-1.88871622086
1495532202959788203,1517,0,,-9.03143119812,-35.4421577454,0.0260082092136,-0.0052543617785,0.536917805672,-0.426092505455,0.0480231977999,0.0169801078737,0.00278691318817,-1.96727454662
1495532203066652494,1518,0,,-8.99886131287,-35.461391449,0.0245041027665,-0.0134400008246,0.536729633808,-0.434075921774,0.0595423057675,-0.0150410700589,-0.0818563848734,-2.00641417503
1495532203156997711,1519,0,,-8.97394180298,-35.4776763916,0.0285006947815,-0.0171660799533,0.526816725731,-0.444260716438,0.0654908120632,0.039965916425,-0.0372607968748,-2.04870486259
1495532203274300544,1520,0,,-8.95522785187,-35.4967918396,0.0316151492298,-0.0173587575555,0.517308056355,-0.454406052828,0.0712253749371,0.0311445649713,-0.00192676333245,-2.09228229523
1495532203284949246,1521,0,,-9.01177787781,-35.5086135864,0.0324619226158,-0.0168634019792,0.500760674477,-0.5749797225,0.0562863014638,0.00846771057695,0.00495354970917,-2.13630199432
1495532203333503254,1522,0,,-9.07960605621,-35.5236167908,0.0286412276328,-0.0165723823011,0.493404716253,-0.693194210529,0.0453358963132,-0.0382069386542,0.00291019561701,-2.17795157433
1495532203358418573,1523,0,,-9.15847587585,-35.5419006348,0.0244261361659,-0.0164358094335,0.487677037716,-0.808821499348,0.0358578339219,-0.0421509183943,0.0013657232048,-2.21282839775
1495532203470735789,1524,0,,-9.1319360733,-35.5680541992,0.0218188595027,-0.0163548532873,0.483411222696,-0.684651434422,0.0519778579473,-0.0260727591813,0.000809566467069,-2.24221873283
1495532203568098242,1525,0,,-9.20237255096,-35.5823669434,0.0309080816805,-0.00884100049734,0.479152858257,-0.717809975147,0.0369916893542,0.0908922255039,0.0751385241747,-2.31437897682
1495532203666763928,1526,0,,-9.15600299835,-35.6044960022,0.0301123242825,-0.00571882165968,0.477570384741,-0.566465258598,0.0500006973743,-0.00795757398009,0.0312217902392,-2.38654661179
1495532203770338275,1527,0,,-9.10949802399,-35.6192893982,0.0296598691493,-0.00534595968202,0.475972682238,-0.469329863787,0.0564200989902,-0.00452455738559,0.00372862070799,-2.4489634037
1495532203872502663,1528,0,,-9.02038288116,-35.6355056763,0.0315234065056,-0.005518109072,0.473376870155,-0.401977598667,0.0685246661305,0.0186353716999,-0.00172149518039,-2.50887560844
1495532203973500211,1529,0,,-9.06464195251,-35.6398162842,0.0353181622922,-0.00587622262537,0.471901297569,-0.441531211138,0.0528806820512,0.0379475541413,-0.00358113553375,-2.57056236267
1495532204068101212,1530,0,,-8.97485351562,-35.658946991,0.0338481068611,-0.00603096047416,0.471345722675,-0.375413864851,0.0713411718607,-0.0147005394101,-0.00154737755656,-2.63838553429
1495532204171223262,1531,0,,-9.0249786377,-35.66355896,0.0311375632882,-0.0137320440263,0.472065716982,-0.500143110752,0.0568693578243,-0.0271054506302,-0.077010832727,-2.66434574127
1495532204266783043,1532,0,,-8.94909286499,-35.6820716858,0.0293972995132,-0.0169770941138,0.472046017647,-0.477967500687,0.0754007473588,-0.0174026340246,-0.0324505083263,-2.6864335537
1495532204290420540,1533,0,,-9.00878810883,-35.6882820129,0.0332369208336,-0.0171688441187,0.471920758486,-0.597326219082,0.0583986677229,0.038396216929,-0.00191749271471,-2.70900249481
1495532204352448261,1534,0,,-9.07169628143,-35.6960144043,0.0366970226169,-0.00923060439527,0.47228127718,-0.632178425789,0.0456133261323,0.0346010178328,0.0793823897839,-2.7758769989
1495532204370460328,1535,0,,-9.13821983337,-35.7048454285,0.0323822870851,-0.00578084308654,0.474358946085,-0.670012414455,0.0376060046256,-0.0431473702192,0.0344976149499,-2.8423037529
1495532204467519952,1536,0,,-9.03462505341,-35.7279510498,0.0278118979186,-0.00526146357879,0.477638930082,-0.512477099895,0.0534668490291,-0.0457038842142,0.00519379600883,-2.89694786072
1495532204570451473,1537,0,,-9.08942127228,-35.7340087891,0.0307534914464,-0.00560196023434,0.481710910797,-0.549826204777,0.0402498468757,0.0294159352779,-0.00340496655554,-2.94482779503
1495532204666582065,1538,0,,-8.98515129089,-35.7577705383,0.0307731013745,-0.00569678423926,0.486661523581,-0.43502214551,0.0639146640897,0.000196098873857,-0.000948241504375,-2.99250650406
1495532204776556944,1539,0,,-9.0324420929,-35.7614860535,0.0345234796405,-0.00569611694664,0.492596060038,-0.471763253212,0.0496056489646,0.0375037901103,6.67471704219e-06,-3.03528261185
1495532204876390239,1540,0,,-8.93135261536,-35.7865753174,0.0325627624989,-0.00553595926613,0.498777985573,-0.379952222109,0.065704241395,-0.0196071732789,0.00160157913342,-3.07268619537
1495532204970226893,1541,0,,-8.97317314148,-35.7893066406,0.0338468290865,-0.00544933369383,0.505428910255,-0.415931582451,0.0514148287475,0.0128406537697,0.000866254675202,-3.10571908951
