%time,field.DevID,field.MsgID,field.Data,field.Time
1495532169296804733,10,5,-177,1495532169.29
1495532169296873876,10,3,136,1495532169.29
1495532169342649459,10,5,-177,1495532169.34
1495532169342835726,10,3,136,1495532169.34
1495532169392581648,10,5,-177,1495532169.39
1495532169392624041,10,3,136,1495532169.39
1495532169445590483,10,5,-177,1495532169.44
1495532169445955265,10,3,136,1495532169.44
1495532169497647242,10,5,-177,1495532169.49
1495532169497909775,10,3,136,1495532169.49
1495532169543648691,10,5,-177,1495532169.54
1495532169543914786,10,3,136,1495532169.54
1495532169592906002,10,5,-177,1495532169.59
1495532169593580739,10,3,136,1495532169.59
1495532169643646817,10,5,-177,1495532169.64
1495532169643977096,10,3,136,1495532169.64
1495532169693717980,10,5,-177,1495532169.69
1495532169693813662,10,3,136,1495532169.69
1495532169743756472,10,5,-177,1495532169.74
1495532169744147444,10,3,136,1495532169.74
1495532169793427177,10,5,-177,1495532169.79
1495532169793833722,10,3,136,1495532169.79
1495532169844652753,10,5,-177,1495532169.84
1495532169845326232,10,3,136,1495532169.84
1495532169892857906,10,5,-177,1495532169.89
1495532169892914268,10,3,136,1495532169.89
1495532169943976416,10,5,-177,1495532169.94
1495532169944359426,10,3,136,1495532169.94
1495532169993571691,10,5,-177,1495532169.99
1495532169994686359,10,3,136,1495532169.99
1495532170045548272,10,5,-177,1495532170.04
1495532170047557185,10,3,136,1495532170.04
1495532170093418324,10,5,-177,1495532170.09
1495532170093941226,10,3,136,1495532170.09
1495532170143750213,10,5,-177,1495532170.14
1495532170144078467,10,3,136,1495532170.14
1495532170193400733,10,5,-177,1495532170.19
1495532170193489082,10,3,136,1495532170.19
1495532170251716599,10,5,-177,1495532170.24
1495532170252386587,10,3,136,1495532170.24
1495532170293481543,10,5,-177,1495532170.29
1495532170293570940,10,3,136,1495532170.29
1495532170345348058,10,5,-150,1495532170.34
1495532170345456312,10,3,115,1495532170.34
1495532170396349373,10,5,-120,1495532170.39
1495532170396397564,10,3,91,1495532170.39
1495532170449332579,10,5,-124,1495532170.44
1495532170449407938,10,3,95,1495532170.44
1495532170493358918,10,5,-116,1495532170.49
1495532170494044900,10,3,88,1495532170.49
1495532170543164347,10,5,81,1495532170.54
1495532170543234678,10,3,-106,1495532170.54
1495532170594612789,10,5,89,1495532170.59
1495532170598582007,10,3,-117,1495532170.59
1495532170646231851,10,5,96,1495532170.64
1495532170646321108,10,3,-126,1495532170.64
1495532170693993092,10,5,88,1495532170.69
1495532170694853747,10,3,-115,1495532170.69
1495532170745918968,10,5,90,1495532170.74
1495532170746507311,10,3,-118,1495532170.74
1495532170793054362,10,5,83,1495532170.79
1495532170793126858,10,3,-109,1495532170.79
1495532170850305008,10,5,81,1495532170.84
1495532170852929922,10,3,-107,1495532170.84
1495532170893907128,10,5,75,1495532170.89
1495532170894327293,10,3,-98,1495532170.89
1495532170943225903,10,5,77,1495532170.94
1495532170943634684,10,3,-101,1495532170.94
1495532170993726669,10,5,70,1495532170.99
1495532170994473134,10,3,-93,1495532170.99
1495532171046940345,10,5,78,1495532171.04
1495532171047605584,10,3,-102,1495532171.04
1495532171093280389,10,5,71,1495532171.09
1495532171093625544,10,3,-93,1495532171.09
1495532171143835141,10,5,91,1495532171.14
1495532171144824094,10,3,-120,1495532171.14
1495532171193714460,10,5,85,1495532171.19
1495532171194129107,10,3,-112,1495532171.19
1495532171244450522,10,5,105,1495532171.24
1495532171248103918,10,3,-137,1495532171.24
1495532171293577787,10,5,99,1495532171.29
1495532171294523159,10,3,-130,1495532171.29
1495532171343131716,10,5,94,1495532171.34
1495532171343898783,10,3,-123,1495532171.34
1495532171393519406,10,5,98,1495532171.39
1495532171393770974,10,3,-129,1495532171.39
1495532171445486630,10,5,77,1495532171.44
1495532171445562687,10,3,-101,1495532171.44
1495532171493596380,10,5,71,1495532171.49
1495532171493969961,10,3,-94,1495532171.49
1495532171542699339,10,5,-104,1495532171.54
1495532171543276786,10,3,79,1495532171.54
1495532171593657078,10,5,-111,1495532171.59
1495532171594645752,10,3,84,1495532171.59
1495532171644942368,10,5,-103,1495532171.64
1495532171645011022,10,3,78,1495532171.64
1495532171693165753,10,5,-109,1495532171.69
1495532171693383658,10,3,83,1495532171.69
1495532171745956963,10,5,70,1495532171.74
1495532171746067242,10,3,-92,1495532171.74
1495532171793948680,10,5,-98,1495532171.79
1495532171794642412,10,3,74,1495532171.79
1495532171848576437,10,5,74,1495532171.84
1495532171849191878,10,3,-98,1495532171.84
1495532171893477187,10,5,70,1495532171.89
1495532171894268417,10,3,-92,1495532171.89
1495532171944088443,10,5,-97,1495532171.94
1495532171944316684,10,3,74,1495532171.94
1495532171993416222,10,5,-92,1495532171.99
1495532171994266679,10,3,70,1495532171.99
1495532172043714381,10,5,-98,1495532172.04
1495532172044004362,10,3,74,1495532172.04
1495532172093415949,10,5,-106,1495532172.09
1495532172094091943,10,3,81,1495532172.09
1495532172142962403,10,5,-108,1495532172.14
1495532172143206219,10,3,82,1495532172.14
1495532172193706918,10,5,-113,1495532172.19
1495532172194096842,10,3,86,1495532172.19
1495532172249230452,10,5,-126,1495532172.24
1495532172249826549,10,3,96,1495532172.24
1495532172293465622,10,5,-132,1495532172.29
1495532172295528105,10,3,100,1495532172.29
1495532172343548737,10,5,-139,1495532172.34
1495532172343607683,10,3,106,1495532172.34
1495532172398313520,10,5,-144,1495532172.39
1495532172398967095,10,3,110,1495532172.39
1495532172448582835,10,5,-128,1495532172.44
1495532172449116283,10,3,98,1495532172.44
1495532172493873228,10,5,-133,1495532172.49
1495532172494684224,10,3,101,1495532172.49
1495532172545452765,10,5,-122,1495532172.54
1495532172545525819,10,3,93,1495532172.54
1495532172594309808,10,5,-127,1495532172.59
1495532172594728786,10,3,97,1495532172.59
1495532172643564265,10,5,-129,1495532172.64
1495532172643777909,10,3,98,1495532172.64
1495532172693808640,10,5,-133,1495532172.69
1495532172694206944,10,3,102,1495532172.69
1495532172742904410,10,5,-145,1495532172.74
1495532172742993248,10,3,111,1495532172.74
1495532172793968445,10,5,-150,1495532172.79
1495532172794357321,10,3,114,1495532172.79
1495532172844471097,10,5,-156,1495532172.84
1495532172845191090,10,3,119,1495532172.84
1495532172893859427,10,5,-160,1495532172.89
1495532172894634317,10,3,123,1495532172.89
1495532172942786599,10,5,-156,1495532172.94
1495532172942846383,10,3,119,1495532172.94
1495532172993963148,10,5,-160,1495532172.99
1495532172994798451,10,3,123,1495532172.99
1495532173043759566,10,5,-149,1495532173.04
1495532173043827871,10,3,114,1495532173.04
1495532173094648161,10,5,-153,1495532173.09
1495532173094756834,10,3,117,1495532173.09
1495532173142889002,10,5,-150,1495532173.14
1495532173143090424,10,3,114,1495532173.14
1495532173193960090,10,5,-153,1495532173.19
1495532173194749716,10,3,117,1495532173.19
1495532173249036091,10,5,-152,1495532173.24
1495532173249129957,10,3,116,1495532173.24
1495532173293521563,10,5,-155,1495532173.29
1495532173294295194,10,3,119,1495532173.29
1495532173343482388,10,5,-150,1495532173.34
1495532173343817556,10,3,115,1495532173.34
1495532173394183177,10,5,-154,1495532173.39
1495532173395656618,10,3,118,1495532173.39
1495532173444435798,10,5,-158,1495532173.44
1495532173444758465,10,3,121,1495532173.44
1495532173493369952,10,5,-162,1495532173.49
1495532173493439025,10,3,124,1495532173.49
1495532173542859694,10,5,-167,1495532173.54
1495532173543095897,10,3,128,1495532173.54
1495532173593579205,10,5,-170,1495532173.59
1495532173593958443,10,3,130,1495532173.59
1495532173643111550,10,5,-173,1495532173.64
1495532173643375550,10,3,132,1495532173.64
1495532173694364156,10,5,-176,1495532173.69
1495532173695919940,10,3,135,1495532173.69
1495532173743103387,10,5,-169,1495532173.74
1495532173745097982,10,3,130,1495532173.74
1495532173793588228,10,5,-172,1495532173.79
1495532173793682863,10,3,132,1495532173.79
1495532173843613444,10,5,-158,1495532173.84
1495532173844150594,10,3,120,1495532173.84
1495532173893541303,10,5,-160,1495532173.89
1495532173894300478,10,3,123,1495532173.89
1495532173942771656,10,5,-147,1495532173.94
1495532173942825154,10,3,112,1495532173.94
1495532173993596692,10,5,-149,1495532173.99
1495532173994081251,10,3,114,1495532173.99
1495532174043025047,10,5,-141,1495532174.04
1495532174043282203,10,3,107,1495532174.04
1495532174093618770,10,5,-143,1495532174.09
1495532174094001500,10,3,109,1495532174.09
1495532174142807494,10,5,-152,1495532174.14
1495532174144315437,10,3,116,1495532174.14
1495532174193511571,10,5,-155,1495532174.19
1495532174195874372,10,3,118,1495532174.19
1495532174249981179,10,5,-176,1495532174.24
1495532174251926677,10,3,134,1495532174.24
1495532174293354994,10,5,-169,1495532174.29
1495532174293947947,10,3,129,1495532174.29
1495532174343515704,10,5,-177,1495532174.34
1495532174343759031,10,3,136,1495532174.34
1495532174394085050,10,5,-168,1495532174.39
1495532174394945703,10,3,129,1495532174.39
1495532174443025698,10,5,-171,1495532174.44
1495532174443078289,10,3,131,1495532174.44
1495532174493345509,10,5,-172,1495532174.49
1495532174493621103,10,3,131,1495532174.49
1495532174543273015,10,5,-152,1495532174.54
1495532174544079474,10,3,116,1495532174.54
1495532174593734810,10,5,-154,1495532174.59
1495532174594171318,10,3,118,1495532174.59
1495532174644398166,10,5,-156,1495532174.64
1495532174644459207,10,3,120,1495532174.64
1495532174693728953,10,5,-140,1495532174.69
1495532174694383087,10,3,107,1495532174.69
1495532174743013154,10,5,-136,1495532174.74
1495532174743061903,10,3,104,1495532174.74
1495532174797344084,10,5,-139,1495532174.79
1495532174798195519,10,3,106,1495532174.79
1495532174843436330,10,5,-141,1495532174.84
1495532174843975853,10,3,108,1495532174.84
1495532174893963563,10,5,-144,1495532174.89
1495532174894050027,10,3,110,1495532174.89
1495532174945017192,10,5,-146,1495532174.94
1495532174945070481,10,3,111,1495532174.94
1495532174994085932,10,5,-155,1495532174.99
1495532174994881773,10,3,119,1495532174.99
1495532175044594240,10,5,-157,1495532175.04
1495532175048780737,10,3,120,1495532175.04
1495532175093900021,10,5,-164,1495532175.09
1495532175094283031,10,3,125,1495532175.09
1495532175144482987,10,5,-165,1495532175.14
1495532175144574759,10,3,126,1495532175.14
1495532175193628134,10,5,-158,1495532175.19
1495532175194435360,10,3,120,1495532175.19
1495532175243801206,10,5,-151,1495532175.24
1495532175244037898,10,3,116,1495532175.24
1495532175293578348,10,5,-156,1495532175.29
1495532175293632195,10,3,120,1495532175.29
1495532175343135552,10,5,-158,1495532175.34
1495532175343183044,10,3,121,1495532175.34
1495532175393795907,10,5,-156,1495532175.39
1495532175395906299,10,3,120,1495532175.39
1495532175443041976,10,5,-158,1495532175.44
1495532175443950611,10,3,121,1495532175.44
1495532175494864490,10,5,-154,1495532175.49
1495532175495809792,10,3,118,1495532175.49
1495532175544397950,10,5,-155,1495532175.54
1495532175544920502,10,3,118,1495532175.54
1495532175593251649,10,5,-157,1495532175.59
1495532175593833637,10,3,120,1495532175.59
1495532175645032606,10,5,-158,1495532175.64
1495532175645325800,10,3,121,1495532175.64
1495532175694371983,10,5,-157,1495532175.69
1495532175695152879,10,3,120,1495532175.69
1495532175743195231,10,5,-153,1495532175.74
1495532175748495484,10,3,117,1495532175.74
1495532175793804667,10,5,-154,1495532175.79
1495532175793998337,10,3,117,1495532175.79
1495532175843556316,10,5,-147,1495532175.84
1495532175843839941,10,3,113,1495532175.84
1495532175893463291,10,5,-148,1495532175.89
1495532175893953508,10,3,113,1495532175.89
1495532175944762479,10,5,-149,1495532175.94
1495532175945011184,10,3,114,1495532175.94
1495532175994056249,10,5,-142,1495532175.99
1495532175994864802,10,3,108,1495532175.99
1495532176046127048,10,5,-140,1495532176.04
1495532176046960186,10,3,107,1495532176.04
1495532176094143210,10,5,-141,1495532176.09
1495532176095055896,10,3,108,1495532176.09
1495532176148680380,10,5,-142,1495532176.14
1495532176149187777,10,3,108,1495532176.14
1495532176193815172,10,5,-144,1495532176.19
1495532176194198810,10,3,110,1495532176.19
1495532176245150191,10,5,-147,1495532176.24
1495532176245389886,10,3,112,1495532176.24
1495532176293360720,10,5,-148,1495532176.29
1495532176294277387,10,3,113,1495532176.29
1495532176346931498,10,5,-149,1495532176.34
1495532176346993587,10,3,114,1495532176.34
1495532176393976378,10,5,-151,1495532176.39
1495532176394345488,10,3,116,1495532176.39
1495532176444553900,10,5,-146,1495532176.44
1495532176444604605,10,3,112,1495532176.44
1495532176493794099,10,5,-147,1495532176.49
1495532176494171521,10,3,112,1495532176.49
1495532176542826524,10,5,-147,1495532176.54
1495532176542881210,10,3,112,1495532176.54
1495532176596345829,10,5,-140,1495532176.59
1495532176596519873,10,3,107,1495532176.59
1495532176642874227,10,5,-137,1495532176.64
1495532176642931078,10,3,105,1495532176.64
1495532176693752698,10,5,-138,1495532176.69
1495532176694814076,10,3,105,1495532176.69
1495532176747033562,10,5,-138,1495532176.74
1495532176747312368,10,3,105,1495532176.74
1495532176793191671,10,5,-137,1495532176.79
1495532176793637607,10,3,105,1495532176.79
1495532176842471122,10,5,-138,1495532176.84
1495532176842522246,10,3,105,1495532176.84
1495532176893899098,10,5,-138,1495532176.89
1495532176894982127,10,3,105,1495532176.89
1495532176944363058,10,5,-138,1495532176.94
1495532176947629328,10,3,105,1495532176.94
1495532176994885542,10,5,-141,1495532176.99
1495532176994991072,10,3,107,1495532176.99
1495532177045310180,10,5,-140,1495532177.04
1495532177047163349,10,3,107,1495532177.04
1495532177093159983,10,5,-140,1495532177.09
1495532177093568275,10,3,107,1495532177.09
1495532177150702638,10,5,-140,1495532177.14
1495532177151087673,10,3,107,1495532177.14
1495532177194514212,10,5,-131,1495532177.19
1495532177194917336,10,3,100,1495532177.19
1495532177245300699,10,5,-131,1495532177.24
1495532177246232732,10,3,100,1495532177.24
1495532177294433065,10,5,-125,1495532177.29
1495532177295544171,10,3,95,1495532177.29
1495532177342711269,10,5,-123,1495532177.34
1495532177343267904,10,3,94,1495532177.34
1495532177397428355,10,5,-121,1495532177.39
1495532177397487790,10,3,92,1495532177.39
1495532177443104344,10,5,-118,1495532177.44
1495532177443285233,10,3,90,1495532177.44
1495532177494366867,10,5,-116,1495532177.49
1495532177494458708,10,3,89,1495532177.49
1495532177543857801,10,5,-117,1495532177.54
1495532177547172745,10,3,89,1495532177.54
1495532177593938679,10,5,-112,1495532177.59
1495532177594329162,10,3,86,1495532177.59
1495532177642938832,10,5,-112,1495532177.64
1495532177647440801,10,3,85,1495532177.64
1495532177693394758,10,5,-109,1495532177.69
1495532177693696193,10,3,83,1495532177.69
1495532177743126014,10,5,-109,1495532177.74
1495532177744176916,10,3,83,1495532177.74
1495532177793873532,10,5,-107,1495532177.79
1495532177794075514,10,3,81,1495532177.79
1495532177842902952,10,5,-106,1495532177.84
1495532177843448762,10,3,81,1495532177.84
1495532177893787700,10,5,-105,1495532177.89
1495532177893883592,10,3,80,1495532177.89
1495532177943548572,10,5,-104,1495532177.94
1495532177944337009,10,3,79,1495532177.94
1495532177993613804,10,5,-109,1495532177.99
1495532177994089283,10,3,83,1495532177.99
1495532178043034263,10,5,-109,1495532178.04
1495532178043549552,10,3,83,1495532178.04
1495532178093837515,10,5,-106,1495532178.09
1495532178093926143,10,3,80,1495532178.09
1495532178143450455,10,5,-106,1495532178.14
1495532178143725351,10,3,80,1495532178.14
1495532178193912391,10,5,-102,1495532178.19
1495532178194432778,10,3,78,1495532178.19
1495532178243850862,10,5,-101,1495532178.24
1495532178245328774,10,3,77,1495532178.24
1495532178293795340,10,5,-100,1495532178.29
1495532178293878940,10,3,76,1495532178.29
1495532178342559783,10,5,-99,1495532178.34
1495532178343250234,10,3,75,1495532178.34
1495532178394310640,10,5,-99,1495532178.39
1495532178394384253,10,3,75,1495532178.39
1495532178447563916,10,5,-104,1495532178.45
1495532178448208482,10,3,79,1495532178.45
1495532178493565648,10,5,-103,1495532178.49
1495532178493633534,10,3,79,1495532178.49
1495532178545602574,10,5,-103,1495532178.54
1495532178545893044,10,3,78,1495532178.54
1495532178593266667,10,5,-104,1495532178.59
1495532178593327359,10,3,79,1495532178.59
1495532178644131298,10,5,-103,1495532178.64
1495532178644218599,10,3,79,1495532178.64
1495532178693970882,10,5,-98,1495532178.69
1495532178694337479,10,3,75,1495532178.69
1495532178745432734,10,5,-97,1495532178.74
1495532178745523038,10,3,74,1495532178.74
1495532178794110432,10,5,-97,1495532178.79
1495532178795654414,10,3,74,1495532178.79
1495532178846123261,10,5,-97,1495532178.84
1495532178846416315,10,3,74,1495532178.84
1495532178894514749,10,5,-94,1495532178.89
1495532178894600863,10,3,72,1495532178.89
1495532178944646265,10,5,-93,1495532178.94
1495532178946687446,10,3,71,1495532178.94
1495532178994537453,10,5,72,1495532178.99
1495532178994627199,10,3,-94,1495532178.99
1495532179047552367,10,5,72,1495532179.04
1495532179047638691,10,3,-95,1495532179.04
1495532179093178701,10,5,74,1495532179.09
1495532179093252314,10,3,-97,1495532179.09
1495532179145315637,10,5,75,1495532179.14
1495532179145870527,10,3,-98,1495532179.14
1495532179196209960,10,5,73,1495532179.19
1495532179196280849,10,3,-96,1495532179.19
1495532179244261803,10,5,74,1495532179.24
1495532179245206336,10,3,-97,1495532179.24
1495532179294153700,10,5,-93,1495532179.29
1495532179294538107,10,3,71,1495532179.29
1495532179344273269,10,5,70,1495532179.34
1495532179344337732,10,3,-92,1495532179.34
1495532179393709304,10,5,70,1495532179.39
1495532179395690841,10,3,-92,1495532179.39
1495532179445360496,10,5,72,1495532179.44
1495532179446251461,10,3,-95,1495532179.44
1495532179494031699,10,5,72,1495532179.49
1495532179494661946,10,3,-95,1495532179.49
1495532179544547063,10,5,73,1495532179.54
1495532179544643374,10,3,-95,1495532179.54
1495532179594678436,10,5,74,1495532179.59
1495532179598406566,10,3,-98,1495532179.59
1495532179643048900,10,5,75,1495532179.64
1495532179643312761,10,3,-99,1495532179.64
1495532179694185783,10,5,78,1495532179.69
1495532179694550144,10,3,-102,1495532179.69
1495532179744845577,10,5,78,1495532179.74
1495532179744907457,10,3,-103,1495532179.74
1495532179795233756,10,5,78,1495532179.79
1495532179795313235,10,3,-103,1495532179.79
1495532179850960396,10,5,79,1495532179.84
1495532179851335863,10,3,-104,1495532179.84
1495532179894580257,10,5,80,1495532179.89
1495532179894793831,10,3,-105,1495532179.89
1495532179944054148,10,5,81,1495532179.94
1495532179945221057,10,3,-106,1495532179.94
1495532179994018881,10,5,82,1495532179.99
1495532179994417744,10,3,-108,1495532179.99
1495532180044105627,10,5,83,1495532180.04
1495532180044826040,10,3,-109,1495532180.04
1495532180093910986,10,5,83,1495532180.09
1495532180094012256,10,3,-108,1495532180.09
1495532180144174431,10,5,83,1495532180.14
1495532180144790640,10,3,-109,1495532180.14
1495532180195004496,10,5,83,1495532180.19
1495532180195434299,10,3,-109,1495532180.19
1495532180244541664,10,5,84,1495532180.24
1495532180244827943,10,3,-110,1495532180.24
1495532180294019114,10,5,81,1495532180.29
1495532180294608295,10,3,-107,1495532180.29
1495532180342955084,10,5,82,1495532180.34
1495532180343182976,10,3,-108,1495532180.34
1495532180393575841,10,5,84,1495532180.39
1495532180394391029,10,3,-110,1495532180.39
1495532180445571068,10,5,84,1495532180.44
1495532180446588865,10,3,-110,1495532180.44
1495532180494219081,10,5,84,1495532180.49
1495532180494311201,10,3,-110,1495532180.49
1495532180543597359,10,5,84,1495532180.54
1495532180543827416,10,3,-111,1495532180.54
1495532180593708340,10,5,84,1495532180.59
1495532180594056010,10,3,-110,1495532180.59
1495532180644034291,10,5,84,1495532180.64
1495532180644084158,10,3,-111,1495532180.64
1495532180693267442,10,5,85,1495532180.69
1495532180693810947,10,3,-112,1495532180.69
1495532180743630058,10,5,86,1495532180.74
1495532180744016350,10,3,-113,1495532180.74
1495532180793705773,10,5,88,1495532180.79
1495532180794068529,10,3,-115,1495532180.79
1495532180843569026,10,5,88,1495532180.84
1495532180843966353,10,3,-115,1495532180.84
1495532180894195575,10,5,85,1495532180.89
1495532180894291467,10,3,-112,1495532180.89
1495532180943750201,10,5,85,1495532180.94
1495532180946559494,10,3,-112,1495532180.94
1495532180992989772,10,5,82,1495532180.99
1495532180993385213,10,3,-107,1495532180.99
1495532181043980752,10,5,82,1495532181.04
1495532181044413559,10,3,-107,1495532181.04
1495532181093819634,10,5,79,1495532181.09
1495532181094183506,10,3,-103,1495532181.09
1495532181144927809,10,5,79,1495532181.14
1495532181145475993,10,3,-103,1495532181.14
1495532181194418107,10,5,77,1495532181.19
1495532181194750342,10,3,-102,1495532181.19
1495532181244558775,10,5,78,1495532181.24
1495532181244819283,10,3,-103,1495532181.24
1495532181293374896,10,5,75,1495532181.29
1495532181294412179,10,3,-98,1495532181.29
1495532181344007106,10,5,77,1495532181.34
1495532181344100414,10,3,-101,1495532181.34
1495532181392991547,10,5,75,1495532181.39
1495532181396167860,10,3,-99,1495532181.39
1495532181444577645,10,5,76,1495532181.44
1495532181447013639,10,3,-99,1495532181.44
1495532181493765746,10,5,73,1495532181.49
1495532181494138559,10,3,-96,1495532181.49
1495532181543343488,10,5,73,1495532181.54
1495532181547562252,10,3,-96,1495532181.54
1495532181593802837,10,5,70,1495532181.59
1495532181593894399,10,3,-92,1495532181.59
1495532181643175595,10,5,70,1495532181.64
1495532181643215265,10,3,-93,1495532181.64
1495532181693961244,10,5,-93,1495532181.69
1495532181694422476,10,3,71,1495532181.69
1495532181743506021,10,5,-93,1495532181.74
1495532181743608548,10,3,70,1495532181.74
1495532181793856559,10,5,-92,1495532181.79
1495532181794235658,10,3,70,1495532181.79
1495532181845769584,10,5,70,1495532181.84
1495532181845826296,10,3,-92,1495532181.84
1495532181893993664,10,5,-93,1495532181.89
1495532181894070838,10,3,71,1495532181.89
1495532181943356573,10,5,-92,1495532181.94
1495532181943840433,10,3,70,1495532181.94
1495532181994471178,10,5,71,1495532181.99
1495532181994673718,10,3,-94,1495532181.99
1495532182046987837,10,5,71,1495532182.04
1495532182047054046,10,3,-94,1495532182.04
1495532182094570495,10,5,-96,1495532182.09
1495532182095589479,10,3,73,1495532182.09
1495532182144069387,10,5,-96,1495532182.14
1495532182144152777,10,3,73,1495532182.14
1495532182197714060,10,5,-101,1495532182.19
1495532182197880561,10,3,77,1495532182.19
1495532182243707478,10,5,-101,1495532182.24
1495532182246452450,10,3,77,1495532182.24
1495532182293804353,10,5,-102,1495532182.29
1495532182294213833,10,3,78,1495532182.29
1495532182343113279,10,5,-103,1495532182.34
1495532182344043215,10,3,78,1495532182.34
1495532182396004636,10,5,-102,1495532182.39
1495532182397625653,10,3,78,1495532182.39
1495532182444687646,10,5,-102,1495532182.44
1495532182444939773,10,3,78,1495532182.44
1495532182493033039,10,5,-102,1495532182.49
1495532182493426176,10,3,78,1495532182.49
1495532182543128935,10,5,-102,1495532182.54
1495532182543470110,10,3,78,1495532182.54
1495532182593846068,10,5,-101,1495532182.59
1495532182593931275,10,3,77,1495532182.59
1495532182648595700,10,5,-99,1495532182.64
1495532182648834068,10,3,76,1495532182.64
1495532182694054410,10,5,-101,1495532182.69
1495532182694426734,10,3,77,1495532182.69
1495532182743795028,10,5,-100,1495532182.74
1495532182743854742,10,3,76,1495532182.74
1495532182794588496,10,5,-101,1495532182.79
1495532182794843626,10,3,77,1495532182.79
1495532182845304229,10,5,-101,1495532182.84
1495532182846368193,10,3,77,1495532182.84
1495532182894760662,10,5,-103,1495532182.89
1495532182894862002,10,3,78,1495532182.89
1495532182943955467,10,5,-103,1495532182.94
1495532182944064070,10,3,78,1495532182.94
1495532182994694735,10,5,-105,1495532182.99
1495532182995033326,10,3,80,1495532182.99
1495532183045693681,10,5,-105,1495532183.04
1495532183045976467,10,3,80,1495532183.04
1495532183094131544,10,5,-104,1495532183.09
1495532183094566655,10,3,80,1495532183.09
1495532183144750621,10,5,-105,1495532183.14
1495532183145087885,10,3,80,1495532183.14
1495532183194309020,10,5,-107,1495532183.19
1495532183194396252,10,3,82,1495532183.19
1495532183246618674,10,5,-107,1495532183.24
1495532183247065938,10,3,82,1495532183.24
1495532183294198884,10,5,-109,1495532183.29
1495532183294297710,10,3,83,1495532183.29
1495532183342985746,10,5,-108,1495532183.34
1495532183343282363,10,3,82,1495532183.34
1495532183392844461,10,5,-112,1495532183.39
1495532183392890137,10,3,85,1495532183.39
1495532183444520375,10,5,-112,1495532183.44
1495532183445297290,10,3,86,1495532183.44
1495532183493556360,10,5,-113,1495532183.49
1495532183493638703,10,3,86,1495532183.49
1495532183543860734,10,5,-113,1495532183.54
1495532183543949502,10,3,86,1495532183.54
1495532183593711204,10,5,-109,1495532183.59
1495532183594135560,10,3,83,1495532183.59
1495532183644074798,10,5,-109,1495532183.64
1495532183644403821,10,3,83,1495532183.64
1495532183694365767,10,5,-108,1495532183.69
1495532183694480167,10,3,82,1495532183.69
1495532183742618267,10,5,-108,1495532183.74
1495532183742679029,10,3,82,1495532183.74
1495532183793936177,10,5,-108,1495532183.79
1495532183794030952,10,3,83,1495532183.79
1495532183843667571,10,5,-109,1495532183.84
1495532183843979343,10,3,83,1495532183.84
1495532183893751596,10,5,-113,1495532183.89
1495532183893849863,10,3,86,1495532183.89
1495532183944451898,10,5,-113,1495532183.94
1495532183944508469,10,3,86,1495532183.94
1495532183993094534,10,5,-114,1495532183.99
1495532183993156902,10,3,87,1495532183.99
1495532184044140339,10,5,-114,1495532184.04
1495532184044944213,10,3,87,1495532184.04
1495532184093818796,10,5,-114,1495532184.09
1495532184093890663,10,3,87,1495532184.09
1495532184143781576,10,5,-114,1495532184.14
1495532184143865875,10,3,87,1495532184.14
1495532184192747225,10,5,-112,1495532184.19
1495532184192967504,10,3,85,1495532184.19
1495532184246877993,10,5,-112,1495532184.24
1495532184246938894,10,3,85,1495532184.24
1495532184294226752,10,5,-110,1495532184.29
1495532184294340593,10,3,84,1495532184.29
1495532184343823144,10,5,-111,1495532184.34
1495532184344443824,10,3,84,1495532184.34
1495532184392978626,10,5,-109,1495532184.39
1495532184393013617,10,3,83,1495532184.39
1495532184444240522,10,5,-107,1495532184.44
1495532184444371474,10,3,81,1495532184.44
1495532184492807240,10,5,-106,1495532184.49
1495532184493062230,10,3,81,1495532184.49
1495532184544076892,10,5,-106,1495532184.54
1495532184544275032,10,3,81,1495532184.54
1495532184592936736,10,5,-107,1495532184.59
1495532184593244527,10,3,81,1495532184.59
1495532184644218049,10,5,-107,1495532184.64
1495532184644564741,10,3,82,1495532184.64
1495532184694235438,10,5,-110,1495532184.69
1495532184694324486,10,3,84,1495532184.69
1495532184745911913,10,5,-110,1495532184.74
1495532184746010599,10,3,84,1495532184.74
1495532184792907902,10,5,-108,1495532184.79
1495532184792970061,10,3,82,1495532184.79
1495532184844264087,10,5,-108,1495532184.84
1495532184844375693,10,3,82,1495532184.84
1495532184893152423,10,5,-107,1495532184.89
1495532184893211369,10,3,81,1495532184.89
1495532184943139578,10,5,-107,1495532184.94
1495532184943633985,10,3,81,1495532184.94
1495532184993201391,10,5,-107,1495532184.99
1495532184993445067,10,3,81,1495532184.99
1495532185045453077,10,5,-107,1495532185.04
1495532185045876525,10,3,81,1495532185.04
1495532185093418884,10,5,-107,1495532185.09
1495532185093491309,10,3,81,1495532185.09
1495532185143635606,10,5,-106,1495532185.14
1495532185147095892,10,3,81,1495532185.14
1495532185193173466,10,5,-105,1495532185.19
1495532185193241352,10,3,80,1495532185.19
1495532185243449623,10,5,-106,1495532185.24
1495532185243912741,10,3,80,1495532185.24
1495532185293685482,10,5,-101,1495532185.29
1495532185294109908,10,3,77,1495532185.29
1495532185342805560,10,5,-101,1495532185.34
1495532185342862131,10,3,77,1495532185.34
1495532185393562218,10,5,-99,1495532185.39
1495532185393781590,10,3,75,1495532185.39
1495532185447734260,10,5,-99,1495532185.44
1495532185447789644,10,3,75,1495532185.44
1495532185493658258,10,5,-95,1495532185.49
1495532185493967096,10,3,72,1495532185.49
1495532185542622658,10,5,-95,1495532185.54
1495532185542677483,10,3,72,1495532185.54
1495532185593043103,10,5,-96,1495532185.59
1495532185593098278,10,3,73,1495532185.59
1495532185643507971,10,5,-95,1495532185.64
1495532185643893146,10,3,73,1495532185.64
1495532185693562520,10,5,-92,1495532185.69
1495532185693638996,10,3,70,1495532185.69
1495532185744133966,10,5,-93,1495532185.74
1495532185744988544,10,3,70,1495532185.74
1495532185793690125,10,5,-93,1495532185.79
1495532185793761922,10,3,71,1495532185.79
1495532185843939185,10,5,-93,1495532185.84
1495532185846911141,10,3,71,1495532185.84
1495532185893294065,10,5,-94,1495532185.89
1495532185893392331,10,3,71,1495532185.89
1495532185943904967,10,5,-94,1495532185.94
1495532185944006726,10,3,71,1495532185.94
1495532185992955411,10,5,71,1495532185.99
1495532185993245043,10,3,-93,1495532185.99
1495532186045641720,10,5,71,1495532186.04
1495532186045984571,10,3,-93,1495532186.04
1495532186093420488,10,5,74,1495532186.09
1495532186093500805,10,3,-97,1495532186.09
1495532186143089237,10,5,74,1495532186.14
1495532186143169764,10,3,-97,1495532186.14
1495532186193153636,10,5,74,1495532186.19
1495532186193220404,10,3,-97,1495532186.19
1495532186248036661,10,5,77,1495532186.24
1495532186248667538,10,3,-101,1495532186.24
1495532186293444528,10,5,79,1495532186.29
1495532186294326274,10,3,-104,1495532186.29
1495532186343559076,10,5,79,1495532186.34
1495532186344418053,10,3,-104,1495532186.34
1495532186394646717,10,5,79,1495532186.39
1495532186395436763,10,3,-104,1495532186.39
1495532186444475468,10,5,75,1495532186.44
1495532186445120661,10,3,-98,1495532186.44
1495532186493478346,10,5,74,1495532186.49
1495532186493536314,10,3,-97,1495532186.49
1495532186544117052,10,5,74,1495532186.54
1495532186544506905,10,3,-97,1495532186.54
1495532186594182634,10,5,77,1495532186.59
1495532186594873503,10,3,-101,1495532186.59
1495532186644336430,10,5,77,1495532186.64
1495532186644616633,10,3,-102,1495532186.64
1495532186695593780,10,5,79,1495532186.69
1495532186695912746,10,3,-104,1495532186.69
1495532186743838675,10,5,79,1495532186.74
1495532186744193469,10,3,-104,1495532186.74
1495532186793038159,10,5,83,1495532186.79
1495532186793768350,10,3,-109,1495532186.79
1495532186849005263,10,5,83,1495532186.84
1495532186849624825,10,3,-109,1495532186.84
1495532186899678743,10,5,83,1495532186.89
1495532186899771772,10,3,-108,1495532186.89
1495532186944180002,10,5,83,1495532186.94
1495532186944240275,10,3,-109,1495532186.94
1495532186993281778,10,5,85,1495532186.99
1495532186994407201,10,3,-112,1495532186.99
1495532187047509484,10,5,86,1495532187.04
1495532187047975396,10,3,-112,1495532187.04
1495532187093469380,10,5,86,1495532187.09
1495532187093843240,10,3,-113,1495532187.09
1495532187143559410,10,5,87,1495532187.14
1495532187143652788,10,3,-114,1495532187.14
1495532187194161166,10,5,88,1495532187.19
1495532187194929980,10,3,-115,1495532187.19
1495532187243865177,10,5,88,1495532187.24
1495532187244067786,10,3,-115,1495532187.24
1495532187293080169,10,5,88,1495532187.29
1495532187293436848,10,3,-116,1495532187.29
1495532187345602210,10,5,91,1495532187.34
1495532187346132096,10,3,-120,1495532187.34
1495532187394417702,10,5,92,1495532187.39
1495532187394692248,10,3,-120,1495532187.39
1495532187444472884,10,5,92,1495532187.44
1495532187444924548,10,3,-121,1495532187.44
1495532187497036201,10,5,95,1495532187.49
1495532187497086278,10,3,-124,1495532187.49
1495532187543639338,10,5,94,1495532187.54
1495532187543725522,10,3,-124,1495532187.54
1495532187592799707,10,5,95,1495532187.59
1495532187593169447,10,3,-124,1495532187.59
1495532187645075277,10,5,94,1495532187.64
1495532187645155315,10,3,-124,1495532187.64
1495532187693107016,10,5,96,1495532187.69
1495532187693687956,10,3,-126,1495532187.69
1495532187743937151,10,5,96,1495532187.74
1495532187744041983,10,3,-126,1495532187.74
1495532187795308978,10,5,96,1495532187.79
1495532187795510261,10,3,-126,1495532187.79
1495532187845756106,10,5,97,1495532187.84
1495532187846532951,10,3,-127,1495532187.84
1495532187894993581,10,5,97,1495532187.89
1495532187895136896,10,3,-127,1495532187.89
1495532187944030470,10,5,91,1495532187.94
1495532187944139702,10,3,-120,1495532187.94
1495532187992986071,10,5,92,1495532187.99
1495532187993724222,10,3,-120,1495532187.99
1495532188045167568,10,5,89,1495532188.04
1495532188045453429,10,3,-117,1495532188.04
1495532188093041323,10,5,89,1495532188.09
1495532188093496130,10,3,-117,1495532188.09
1495532188144246159,10,5,88,1495532188.14
1495532188144346241,10,3,-116,1495532188.14
1495532188195372280,10,5,89,1495532188.19
1495532188196032280,10,3,-116,1495532188.19
1495532188243645108,10,5,89,1495532188.24
1495532188243789470,10,3,-117,1495532188.24
1495532188299319021,10,5,89,1495532188.29
1495532188300427054,10,3,-117,1495532188.29
1495532188343278587,10,5,90,1495532188.34
1495532188344131489,10,3,-118,1495532188.34
1495532188394037071,10,5,92,1495532188.39
1495532188394757973,10,3,-121,1495532188.39
1495532188444166421,10,5,95,1495532188.44
1495532188444421551,10,3,-124,1495532188.44
1495532188493155255,10,5,95,1495532188.49
1495532188493499013,10,3,-125,1495532188.49
1495532188544266929,10,5,94,1495532188.54
1495532188544394529,10,3,-124,1495532188.54
1495532188593886297,10,5,95,1495532188.59
1495532188594471009,10,3,-125,1495532188.59
1495532188644079898,10,5,94,1495532188.64
1495532188644416254,10,3,-123,1495532188.64
1495532188693976609,10,5,94,1495532188.69
1495532188694331543,10,3,-124,1495532188.69
1495532188744578502,10,5,93,1495532188.74
1495532188744651067,10,3,-122,1495532188.74
1495532188794441620,10,5,93,1495532188.79
1495532188794510484,10,3,-122,1495532188.79
1495532188844718616,10,5,90,1495532188.84
1495532188848271859,10,3,-118,1495532188.84
1495532188896254076,10,5,90,1495532188.89
1495532188896347175,10,3,-118,1495532188.89
1495532188945004133,10,5,89,1495532188.94
1495532188945110361,10,3,-117,1495532188.94
1495532188993892958,10,5,89,1495532188.99
1495532188994920324,10,3,-117,1495532188.99
1495532189045249980,10,5,87,1495532189.04
1495532189050100454,10,3,-114,1495532189.04
1495532189097937896,10,5,87,1495532189.09
1495532189098029249,10,3,-114,1495532189.09
1495532189143978249,10,5,84,1495532189.14
1495532189144646489,10,3,-111,1495532189.14
1495532189199620168,10,5,84,1495532189.19
1495532189199722695,10,3,-111,1495532189.19
1495532189244471472,10,5,85,1495532189.24
1495532189244576444,10,3,-111,1495532189.24
1495532189293621856,10,5,83,1495532189.29
1495532189293694491,10,3,-109,1495532189.29
1495532189345664438,10,5,83,1495532189.34
1495532189346853414,10,3,-110,1495532189.34
1495532189394317341,10,5,82,1495532189.39
1495532189395317815,10,3,-108,1495532189.39
1495532189443951100,10,5,82,1495532189.44
1495532189444012700,10,3,-108,1495532189.44
1495532189493382315,10,5,83,1495532189.49
1495532189493447826,10,3,-109,1495532189.49
1495532189544500477,10,5,79,1495532189.54
1495532189544909817,10,3,-103,1495532189.54
1495532189595208113,10,5,79,1495532189.59
1495532189595867136,10,3,-104,1495532189.59
1495532189645960657,10,5,79,1495532189.64
1495532189646294568,10,3,-104,1495532189.64
1495532189694051266,10,5,78,1495532189.69
1495532189694407317,10,3,-102,1495532189.69
1495532189744098696,10,5,77,1495532189.74
1495532189744189211,10,3,-101,1495532189.74
1495532189794073487,10,5,77,1495532189.79
1495532189794363818,10,3,-101,1495532189.79
1495532189843864105,10,5,76,1495532189.84
1495532189844084315,10,3,-100,1495532189.84
1495532189896368265,10,5,76,1495532189.89
1495532189901409760,10,3,-100,1495532189.89
1495532189944278969,10,5,74,1495532189.94
1495532189946704627,10,3,-97,1495532189.94
1495532189993387101,10,5,74,1495532189.99
1495532189994172954,10,3,-97,1495532189.99
1495532190043977959,10,5,-92,1495532190.04
1495532190044299090,10,3,70,1495532190.04
1495532190093900160,10,5,-92,1495532190.09
1495532190093998287,10,3,70,1495532190.09
1495532190144467348,10,5,-94,1495532190.14
1495532190144563799,10,3,71,1495532190.14
1495532190194039499,10,5,-94,1495532190.19
1495532190194316001,10,3,71,1495532190.19
1495532190244764804,10,5,-94,1495532190.24
1495532190244841210,10,3,71,1495532190.24
1495532190293329289,10,5,-98,1495532190.29
1495532190294063671,10,3,75,1495532190.29
1495532190342967100,10,5,-104,1495532190.34
1495532190343145754,10,3,79,1495532190.34
1495532190394500048,10,5,-104,1495532190.39
1495532190394605788,10,3,79,1495532190.39
1495532190446434723,10,5,-104,1495532190.44
1495532190446844691,10,3,79,1495532190.44
1495532190494592734,10,5,-104,1495532190.49
1495532190495140500,10,3,79,1495532190.49
1495532190543811699,10,5,-105,1495532190.54
1495532190544037706,10,3,80,1495532190.54
1495532190592856211,10,5,-105,1495532190.59
1495532190593167772,10,3,80,1495532190.59
1495532190643882035,10,5,-103,1495532190.64
1495532190644109369,10,3,79,1495532190.64
1495532190694018442,10,5,-103,1495532190.69
1495532190694127884,10,3,79,1495532190.69
1495532190744593937,10,5,-104,1495532190.74
1495532190745009912,10,3,79,1495532190.74
1495532190795194791,10,5,-104,1495532190.79
1495532190795782645,10,3,79,1495532190.79
1495532190844644091,10,5,-105,1495532190.84
1495532190844951393,10,3,80,1495532190.84
1495532190893564979,10,5,-105,1495532190.89
1495532190893975995,10,3,80,1495532190.89
1495532190943990456,10,5,-109,1495532190.94
1495532190944075174,10,3,83,1495532190.94
1495532190995576904,10,5,-110,1495532190.99
1495532190996779291,10,3,84,1495532190.99
1495532191044693905,10,5,-110,1495532191.04
1495532191045718268,10,3,84,1495532191.04
1495532191093510510,10,5,-113,1495532191.09
1495532191093860764,10,3,86,1495532191.09
1495532191144071975,10,5,-117,1495532191.14
1495532191144123099,10,3,89,1495532191.14
1495532191192943272,10,5,-117,1495532191.19
1495532191193229831,10,3,89,1495532191.19
1495532191245457634,10,5,-118,1495532191.24
1495532191246880023,10,3,90,1495532191.24
1495532191295291696,10,5,-118,1495532191.29
1495532191295379696,10,3,90,1495532191.29
1495532191345342820,10,5,-116,1495532191.34
1495532191345975232,10,3,89,1495532191.34
1495532191395869988,10,5,-114,1495532191.39
1495532191396080838,10,3,87,1495532191.39
1495532191444955837,10,5,-113,1495532191.44
1495532191445021418,10,3,86,1495532191.44
1495532191493545815,10,5,-113,1495532191.49
1495532191493640171,10,3,86,1495532191.49
1495532191543312058,10,5,-111,1495532191.54
1495532191543437492,10,3,85,1495532191.54
1495532191594231454,10,5,-112,1495532191.59
1495532191596343453,10,3,85,1495532191.59
1495532191644750238,10,5,-112,1495532191.64
1495532191645043851,10,3,85,1495532191.64
1495532191694121670,10,5,-107,1495532191.69
1495532191694473670,10,3,82,1495532191.69
1495532191744060421,10,5,-105,1495532191.74
1495532191744108890,10,3,80,1495532191.74
1495532191793301597,10,5,-105,1495532191.79
1495532191793390575,10,3,80,1495532191.79
1495532191844427026,10,5,-108,1495532191.84
1495532191844527947,10,3,82,1495532191.84
1495532191893849649,10,5,-108,1495532191.89
1495532191893950989,10,3,82,1495532191.89
1495532191944621961,10,5,-106,1495532191.94
1495532191944969910,10,3,81,1495532191.94
1495532191995633967,10,5,-107,1495532191.99
1495532191995749764,10,3,81,1495532191.99
1495532192044803343,10,5,-106,1495532192.04
1495532192045174898,10,3,81,1495532192.04
1495532192093152580,10,5,-106,1495532192.09
1495532192093813209,10,3,81,1495532192.09
1495532192143866915,10,5,-105,1495532192.14
1495532192143946813,10,3,80,1495532192.14
1495532192195185319,10,5,-105,1495532192.19
1495532192197597775,10,3,80,1495532192.19
1495532192244030006,10,5,-106,1495532192.24
1495532192244825219,10,3,81,1495532192.24
1495532192293573248,10,5,-107,1495532192.29
1495532192294472665,10,3,81,1495532192.29
1495532192346228967,10,5,-107,1495532192.34
1495532192346269126,10,3,82,1495532192.34
1495532192393147570,10,5,-108,1495532192.39
1495532192393210358,10,3,82,1495532192.39
1495532192445102572,10,5,-106,1495532192.44
1495532192445907282,10,3,81,1495532192.44
1495532192495951918,10,5,-103,1495532192.49
1495532192496062058,10,3,79,1495532192.49
1495532192544517660,10,5,-100,1495532192.54
1495532192544618720,10,3,76,1495532192.54
1495532192593538696,10,5,-100,1495532192.59
1495532192593625718,10,3,76,1495532192.59
1495532192645383976,10,5,-99,1495532192.64
1495532192646232130,10,3,75,1495532192.64
1495532192693079219,10,5,-99,1495532192.69
1495532192693147104,10,3,76,1495532192.69
1495532192743909145,10,5,-101,1495532192.74
1495532192744279444,10,3,77,1495532192.74
1495532192793728889,10,5,-101,1495532192.79
1495532192794057214,10,3,77,1495532192.79
1495532192845146668,10,5,-100,1495532192.84
1495532192846474909,10,3,76,1495532192.84
1495532192893485778,10,5,-100,1495532192.89
1495532192893577340,10,3,76,1495532192.89
1495532192943902036,10,5,-99,1495532192.94
1495532192944192227,10,3,75,1495532192.94
1495532192993372365,10,5,-99,1495532192.99
1495532192993472238,10,3,75,1495532192.99
1495532193045548761,10,5,-98,1495532193.04
1495532193045644164,10,3,74,1495532193.04
1495532193093919578,10,5,-98,1495532193.09
1495532193094012886,10,3,74,1495532193.09
1495532193144722617,10,5,-94,1495532193.14
1495532193145534452,10,3,72,1495532193.14
1495532193193839544,10,5,-94,1495532193.19
1495532193196098630,10,3,72,1495532193.19
1495532193244439767,10,5,-95,1495532193.24
1495532193244666192,10,3,72,1495532193.24
1495532193293765452,10,5,-94,1495532193.29
1495532193293864627,10,3,71,1495532193.29
1495532193343312256,10,5,-93,1495532193.34
1495532193344421754,10,3,71,1495532193.34
1495532193393843194,10,5,-94,1495532193.39
1495532193394139670,10,3,71,1495532193.39
1495532193447277079,10,5,-94,1495532193.44
1495532193448226781,10,3,71,1495532193.44
1495532193493999921,10,5,72,1495532193.49
1495532193494388238,10,3,-94,1495532193.49
1495532193544012636,10,5,76,1495532193.54
1495532193544696173,10,3,-99,1495532193.54
1495532193593332873,10,5,75,1495532193.59
1495532193593390772,10,3,-99,1495532193.59
1495532193644711684,10,5,80,1495532193.64
1495532193645431679,10,3,-105,1495532193.64
1495532193694055391,10,5,80,1495532193.69
1495532193695126688,10,3,-105,1495532193.69
1495532193743344830,10,5,81,1495532193.74
1495532193743485280,10,3,-107,1495532193.74
1495532193793785391,10,5,81,1495532193.79
1495532193794131525,10,3,-106,1495532193.79
1495532193844500497,10,5,77,1495532193.84
1495532193844553227,10,3,-102,1495532193.84
1495532193893840011,10,5,77,1495532193.89
1495532193895162176,10,3,-101,1495532193.89
1495532193944240000,10,5,75,1495532193.94
1495532193944646057,10,3,-99,1495532193.94
1495532193993846097,10,5,75,1495532193.99
1495532193994739157,10,3,-99,1495532193.99
1495532194046854096,10,5,76,1495532194.04
1495532194047039385,10,3,-99,1495532194.04
1495532194094175824,10,5,75,1495532194.09
1495532194095077613,10,3,-99,1495532194.09
1495532194143773610,10,5,79,1495532194.14
1495532194143833953,10,3,-104,1495532194.14
1495532194192996910,10,5,79,1495532194.19
1495532194193230809,10,3,-104,1495532194.19
1495532194245165907,10,5,83,1495532194.24
1495532194245271437,10,3,-108,1495532194.24
1495532194299575058,10,5,83,1495532194.29
1495532194299922309,10,3,-108,1495532194.29
1495532194343643513,10,5,83,1495532194.34
1495532194343773976,10,3,-110,1495532194.34
1495532194395573373,10,5,84,1495532194.39
1495532194395930821,10,3,-110,1495532194.39
1495532194445103551,10,5,84,1495532194.44
1495532194445384942,10,3,-110,1495532194.44
1495532194493782434,10,5,85,1495532194.49
1495532194494554390,10,3,-111,1495532194.49
1495532194543274901,10,5,88,1495532194.54
1495532194543378126,10,3,-116,1495532194.54
1495532194594597838,10,5,89,1495532194.59
1495532194595855190,10,3,-117,1495532194.59
1495532194645502358,10,5,89,1495532194.64
1495532194645914421,10,3,-117,1495532194.64
1495532194693521382,10,5,89,1495532194.69
1495532194693749693,10,3,-117,1495532194.69
1495532194743803054,10,5,89,1495532194.74
1495532194743885956,10,3,-117,1495532194.74
1495532194793579918,10,5,89,1495532194.79
1495532194794213658,10,3,-117,1495532194.79
1495532194843177217,10,5,89,1495532194.84
1495532194843989402,10,3,-117,1495532194.84
1495532194894231539,10,5,86,1495532194.89
1495532194895080947,10,3,-113,1495532194.89
1495532194943647252,10,5,85,1495532194.94
1495532194943744890,10,3,-112,1495532194.94
1495532194993634968,10,5,85,1495532194.99
1495532194993728206,10,3,-111,1495532194.99
1495532195043595436,10,5,84,1495532195.04
1495532195044147811,10,3,-110,1495532195.04
1495532195093501578,10,5,83,1495532195.09
1495532195093597261,10,3,-110,1495532195.09
1495532195142936424,10,5,80,1495532195.14
1495532195144683714,10,3,-105,1495532195.14
1495532195194457362,10,5,80,1495532195.19
1495532195194560517,10,3,-105,1495532195.19
1495532195243028971,10,5,79,1495532195.24
1495532195243288012,10,3,-104,1495532195.24
1495532195295604160,10,5,79,1495532195.29
1495532195295708083,10,3,-104,1495532195.29
1495532195342712666,10,5,77,1495532195.34
1495532195345609750,10,3,-101,1495532195.34
1495532195393216018,10,5,79,1495532195.39
1495532195393927421,10,3,-103,1495532195.39
1495532195444047343,10,5,79,1495532195.44
1495532195444290600,10,3,-104,1495532195.44
1495532195493857794,10,5,79,1495532195.49
1495532195493952220,10,3,-104,1495532195.49
1495532195543346770,10,5,80,1495532195.54
1495532195543456421,10,3,-105,1495532195.54
1495532195593928274,10,5,80,1495532195.59
1495532195594030312,10,3,-105,1495532195.59
1495532195643166168,10,5,79,1495532195.64
1495532195643226511,10,3,-104,1495532195.64
1495532195693428283,10,5,79,1495532195.69
1495532195694198562,10,3,-104,1495532195.69
1495532195743539547,10,5,78,1495532195.74
1495532195743871922,10,3,-103,1495532195.74
1495532195794029697,10,5,79,1495532195.79
1495532195794421717,10,3,-103,1495532195.79
1495532195843252084,10,5,80,1495532195.84
1495532195843304116,10,3,-105,1495532195.84
1495532195893754878,10,5,80,1495532195.89
1495532195893846929,10,3,-105,1495532195.89
1495532195942856093,10,5,79,1495532195.94
1495532195943566169,10,3,-104,1495532195.94
1495532195994267731,10,5,79,1495532195.99
1495532195994373611,10,3,-103,1495532195.99
1495532196043032172,10,5,78,1495532196.04
1495532196044384020,10,3,-103,1495532196.04
1495532196094171915,10,5,78,1495532196.09
1495532196094279052,10,3,-103,1495532196.09
1495532196142637152,10,5,76,1495532196.14
1495532196142686879,10,3,-99,1495532196.14
1495532196193439982,10,5,76,1495532196.19
1495532196193530147,10,3,-99,1495532196.19
1495532196242979384,10,5,73,1495532196.24
1495532196243206228,10,3,-96,1495532196.24
1495532196293050413,10,5,73,1495532196.29
1495532196293104191,10,3,-96,1495532196.29
1495532196342902499,10,5,73,1495532196.34
1495532196342943426,10,3,-95,1495532196.34
1495532196394035184,10,5,73,1495532196.39
1495532196394418473,10,3,-95,1495532196.39
1495532196443828249,10,5,73,1495532196.44
1495532196443873576,10,3,-96,1495532196.44
1495532196495055016,10,5,73,1495532196.49
1495532196495204267,10,3,-97,1495532196.49
1495532196543671532,10,5,74,1495532196.54
1495532196544540428,10,3,-98,1495532196.54
1495532196593381626,10,5,74,1495532196.59
1495532196593455587,10,3,-98,1495532196.59
1495532196643678800,10,5,76,1495532196.64
1495532196643883435,10,3,-100,1495532196.64
1495532196694292430,10,5,77,1495532196.69
1495532196695184932,10,3,-101,1495532196.69
1495532196743291816,10,5,76,1495532196.74
1495532196743359842,10,3,-99,1495532196.74
1495532196797683932,10,5,76,1495532196.79
1495532196797747697,10,3,-99,1495532196.79
1495532196846453259,10,5,76,1495532196.84
1495532196846794154,10,3,-100,1495532196.84
1495532196893307962,10,5,76,1495532196.89
1495532196893381226,10,3,-100,1495532196.89
1495532196943158575,10,5,73,1495532196.94
1495532196943200479,10,3,-96,1495532196.94
1495532196994176446,10,5,73,1495532196.99
1495532196994267031,10,3,-96,1495532196.99
1495532197043540403,10,5,72,1495532197.04
1495532197043835064,10,3,-95,1495532197.04
1495532197094204948,10,5,72,1495532197.09
1495532197095110580,10,3,-95,1495532197.09
1495532197142730324,10,5,72,1495532197.14
1495532197142963105,10,3,-94,1495532197.14
1495532197193187018,10,5,71,1495532197.19
1495532197193481678,10,3,-94,1495532197.19
1495532197243111314,10,5,71,1495532197.24
1495532197243162368,10,3,-94,1495532197.24
1495532197294305535,10,5,71,1495532197.29
1495532197294681351,10,3,-93,1495532197.29
1495532197342960604,10,5,71,1495532197.34
1495532197343709861,10,3,-94,1495532197.34
1495532197394844925,10,5,-94,1495532197.39
1495532197394927826,10,3,71,1495532197.39
1495532197444396267,10,5,-94,1495532197.44
1495532197444448788,10,3,71,1495532197.44
1495532197493303884,10,5,-94,1495532197.49
1495532197493531147,10,3,72,1495532197.49
1495532197543334687,10,5,-94,1495532197.54
1495532197543383087,10,3,72,1495532197.54
1495532197594421073,10,5,-92,1495532197.59
1495532197594759104,10,3,70,1495532197.59
1495532197643954187,10,5,-92,1495532197.64
1495532197644498530,10,3,70,1495532197.64
1495532197694064327,10,5,71,1495532197.69
1495532197697367960,10,3,-93,1495532197.69
1495532197746495785,10,5,75,1495532197.74
1495532197746566954,10,3,-98,1495532197.74
1495532197793795028,10,5,75,1495532197.79
1495532197794487365,10,3,-98,1495532197.79
1495532197845210366,10,5,75,1495532197.84
1495532197845689198,10,3,-98,1495532197.84
1495532197894324224,10,5,71,1495532197.89
1495532197894411665,10,3,-93,1495532197.89
1495532197944950495,10,5,71,1495532197.94
1495532197945019568,10,3,-93,1495532197.94
1495532197994216953,10,5,-95,1495532197.99
1495532197994305023,10,3,72,1495532197.99
1495532198044571820,10,5,-95,1495532198.04
1495532198044621268,10,3,72,1495532198.04
1495532198093724230,10,5,-97,1495532198.09
1495532198094326890,10,3,74,1495532198.09
1495532198143823267,10,5,-98,1495532198.14
1495532198144116740,10,3,74,1495532198.14
1495532198197175934,10,5,-99,1495532198.19
1495532198197283979,10,3,75,1495532198.19
1495532198243006342,10,5,-99,1495532198.24
1495532198243054812,10,3,75,1495532198.24
1495532198294285210,10,5,-95,1495532198.29
1495532198295055769,10,3,72,1495532198.29
1495532198342743884,10,5,-95,1495532198.34
1495532198344414068,10,3,72,1495532198.34
1495532198393813998,10,5,-93,1495532198.39
1495532198394120670,10,3,71,1495532198.39
1495532198443490220,10,5,-93,1495532198.44
1495532198443581293,10,3,71,1495532198.44
1495532198494454451,10,5,-96,1495532198.49
1495532198495267892,10,3,73,1495532198.49
1495532198543495463,10,5,-99,1495532198.54
1495532198543555596,10,3,75,1495532198.54
1495532198593756042,10,5,-99,1495532198.59
1495532198594303598,10,3,75,1495532198.59
1495532198643868354,10,5,-107,1495532198.64
1495532198644093592,10,3,82,1495532198.64
1495532198694469690,10,5,-108,1495532198.69
1495532198694683963,10,3,82,1495532198.69
1495532198743206336,10,5,-108,1495532198.74
1495532198743498901,10,3,82,1495532198.74
1495532198795068444,10,5,-112,1495532198.79
1495532198795162171,10,3,86,1495532198.79
1495532198843712619,10,5,-114,1495532198.84
1495532198843870181,10,3,87,1495532198.84
1495532198893825207,10,5,-114,1495532198.89
1495532198893978160,10,3,87,1495532198.89
1495532198943102355,10,5,-114,1495532198.94
1495532198943358393,10,3,87,1495532198.94
1495532198994082091,10,5,-114,1495532198.99
1495532198995013775,10,3,87,1495532198.99
1495532199043179747,10,5,-112,1495532199.04
1495532199043665074,10,3,85,1495532199.04
1495532199094067641,10,5,-112,1495532199.09
1495532199094189513,10,3,85,1495532199.09
1495532199143561085,10,5,-113,1495532199.14
1495532199143632114,10,3,86,1495532199.14
1495532199194594112,10,5,-113,1495532199.19
1495532199197855490,10,3,86,1495532199.19
1495532199245501422,10,5,-113,1495532199.24
1495532199245563651,10,3,86,1495532199.24
1495532199294423287,10,5,-108,1495532199.29
1495532199294942627,10,3,83,1495532199.29
1495532199348280765,10,5,-108,1495532199.34
1495532199348649736,10,3,82,1495532199.34
1495532199393841934,10,5,-105,1495532199.39
1495532199394596498,10,3,80,1495532199.39
1495532199444278098,10,5,-106,1495532199.44
1495532199444356460,10,3,80,1495532199.44
1495532199494381886,10,5,-108,1495532199.49
1495532199494494331,10,3,82,1495532199.49
1495532199543759881,10,5,-108,1495532199.54
1495532199544468840,10,3,82,1495532199.54
1495532199594218184,10,5,-107,1495532199.59
1495532199594298222,10,3,82,1495532199.59
1495532199643867935,10,5,-108,1495532199.64
1495532199643945598,10,3,82,1495532199.64
1495532199693943224,10,5,-108,1495532199.69
1495532199694281186,10,3,82,1495532199.69
1495532199749255007,10,5,-108,1495532199.74
1495532199749720498,10,3,82,1495532199.74
1495532199794416196,10,5,-111,1495532199.79
1495532199794508806,10,3,85,1495532199.79
1495532199845664682,10,5,-111,1495532199.84
1495532199846157622,10,3,85,1495532199.84
1495532199893853562,10,5,-109,1495532199.89
1495532199894186635,10,3,83,1495532199.89
1495532199945193543,10,5,-109,1495532199.94
1495532199945284127,10,3,83,1495532199.94
1495532199994353913,10,5,-105,1495532199.99
1495532199994750472,10,3,80,1495532199.99
1495532200047535186,10,5,-105,1495532200.04
1495532200047611174,10,3,80,1495532200.04
1495532200093982642,10,5,-102,1495532200.09
1495532200094643411,10,3,78,1495532200.09
1495532200144155994,10,5,-102,1495532200.14
1495532200145525303,10,3,77,1495532200.14
1495532200193240378,10,5,-97,1495532200.19
1495532200193526239,10,3,74,1495532200.19
1495532200243545305,10,5,-97,1495532200.24
1495532200244162074,10,3,74,1495532200.24
1495532200295599271,10,5,-94,1495532200.29
1495532200295702706,10,3,72,1495532200.29
1495532200345018898,10,5,-95,1495532200.34
1495532200353469340,10,3,72,1495532200.34
1495532200392897610,10,5,-94,1495532200.39
1495532200392979744,10,3,71,1495532200.39
1495532200443662792,10,5,-94,1495532200.44
1495532200443973796,10,3,72,1495532200.44
1495532200493895927,10,5,-96,1495532200.49
1495532200494184651,10,3,73,1495532200.49
1495532200544134232,10,5,-97,1495532200.54
1495532200544500479,10,3,73,1495532200.54
1495532200594836138,10,5,-95,1495532200.59
1495532200594946696,10,3,73,1495532200.59
1495532200651099367,10,5,-95,1495532200.64
1495532200651147418,10,3,73,1495532200.64
1495532200694209737,10,5,-95,1495532200.69
1495532200694295781,10,3,72,1495532200.69
1495532200745888308,10,5,-95,1495532200.74
1495532200745949280,10,3,73,1495532200.74
1495532200794085290,10,5,-93,1495532200.79
1495532200794456636,10,3,71,1495532200.79
1495532200843710801,10,5,-93,1495532200.84
1495532200844437919,10,3,71,1495532200.84
1495532200893894979,10,5,71,1495532200.89
1495532200894025722,10,3,-94,1495532200.89
1495532200947614727,10,5,72,1495532200.94
1495532200947716904,10,3,-94,1495532200.94
1495532200994585508,10,5,74,1495532200.99
1495532200994680353,10,3,-98,1495532200.99
1495532201045119864,10,5,75,1495532201.04
1495532201045634804,10,3,-98,1495532201.04
1495532201094151378,10,5,76,1495532201.09
1495532201094379340,10,3,-99,1495532201.09
1495532201149260827,10,5,76,1495532201.14
1495532201149359932,10,3,-99,1495532201.14
1495532201195755220,10,5,75,1495532201.19
1495532201195875906,10,3,-99,1495532201.19
1495532201243848630,10,5,75,1495532201.24
1495532201244198814,10,3,-99,1495532201.24
1495532201297185158,10,5,73,1495532201.29
1495532201297267431,10,3,-96,1495532201.29
1495532201343893053,10,5,73,1495532201.34
1495532201344901421,10,3,-96,1495532201.34
1495532201393864635,10,5,72,1495532201.39
1495532201393932381,10,3,-95,1495532201.39
1495532201444275719,10,5,72,1495532201.44
1495532201444342068,10,3,-94,1495532201.44
1495532201494275095,10,5,72,1495532201.49
1495532201494358345,10,3,-95,1495532201.49
1495532201544167683,10,5,72,1495532201.54
1495532201548894333,10,3,-95,1495532201.54
1495532201594122712,10,5,73,1495532201.59
1495532201594226776,10,3,-97,1495532201.59
1495532201643609520,10,5,73,1495532201.64
1495532201647573295,10,3,-96,1495532201.64
1495532201693368568,10,5,75,1495532201.69
1495532201694390207,10,3,-98,1495532201.69
1495532201743949860,10,5,75,1495532201.74
1495532201744398242,10,3,-98,1495532201.74
1495532201794444555,10,5,75,1495532201.79
1495532201794526828,10,3,-99,1495532201.79
1495532201843450576,10,5,75,1495532201.84
1495532201844508532,10,3,-99,1495532201.84
1495532201894135025,10,5,78,1495532201.89
1495532201895092479,10,3,-102,1495532201.89
1495532201944180843,10,5,78,1495532201.94
1495532201945054348,10,3,-102,1495532201.94
1495532201994072938,10,5,80,1495532201.99
1495532201994481789,10,3,-106,1495532201.99
1495532202045579562,10,5,81,1495532202.04
1495532202047079405,10,3,-106,1495532202.04
1495532202093927329,10,5,81,1495532202.09
1495532202094779673,10,3,-106,1495532202.09
1495532202143623523,10,5,81,1495532202.14
1495532202144833315,10,3,-106,1495532202.14
1495532202193491735,10,5,85,1495532202.19
1495532202193863500,10,3,-111,1495532202.19
1495532202244280806,10,5,85,1495532202.24
1495532202244961829,10,3,-112,1495532202.24
1495532202293117881,10,5,89,1495532202.29
1495532202293304287,10,3,-117,1495532202.29
1495532202344629740,10,5,91,1495532202.34
1495532202345042781,10,3,-119,1495532202.34
1495532202393903254,10,5,88,1495532202.39
1495532202394198194,10,3,-116,1495532202.39
1495532202444102720,10,5,89,1495532202.44
1495532202445113604,10,3,-117,1495532202.44
1495532202493861777,10,5,85,1495532202.49
1495532202495179681,10,3,-112,1495532202.49
1495532202545276413,10,5,84,1495532202.54
1495532202545578337,10,3,-111,1495532202.54
1495532202593576554,10,5,81,1495532202.59
1495532202596688820,10,3,-106,1495532202.59
1495532202644327206,10,5,81,1495532202.64
1495532202644818539,10,3,-106,1495532202.64
1495532202694360735,10,5,78,1495532202.69
1495532202694479954,10,3,-103,1495532202.69
1495532202743523829,10,5,78,1495532202.74
1495532202743858229,10,3,-103,1495532202.74
1495532202794641924,10,5,76,1495532202.79
1495532202794742216,10,3,-100,1495532202.79
1495532202844335743,10,5,76,1495532202.84
1495532202844398740,10,3,-100,1495532202.84
1495532202896908073,10,5,77,1495532202.89
1495532202897024778,10,3,-102,1495532202.89
1495532202944271289,10,5,78,1495532202.94
1495532202944387155,10,3,-102,1495532202.94
1495532202993797067,10,5,80,1495532202.99
1495532202994372490,10,3,-105,1495532202.99
1495532203043980268,10,5,80,1495532203.04
1495532203044088801,10,3,-105,1495532203.04
1495532203093564156,10,5,82,1495532203.09
1495532203093654949,10,3,-107,1495532203.09
1495532203144260618,10,5,82,1495532203.14
1495532203144319703,10,3,-108,1495532203.14
1495532203193935508,10,5,81,1495532203.19
1495532203194038803,10,3,-107,1495532203.19
1495532203247715812,10,5,82,1495532203.24
1495532203248285995,10,3,-107,1495532203.24
1495532203293103564,10,5,82,1495532203.29
1495532203295518189,10,3,-107,1495532203.29
1495532203342683542,10,5,81,1495532203.34
1495532203342736901,10,3,-106,1495532203.34
1495532203394231861,10,5,80,1495532203.39
1495532203394334737,10,3,-105,1495532203.39
1495532203446027618,10,5,80,1495532203.44
1495532203446082793,10,3,-105,1495532203.44
1495532203493125650,10,5,79,1495532203.49
1495532203493202196,10,3,-104,1495532203.49
1495532203544556842,10,5,79,1495532203.54
1495532203544667121,10,3,-104,1495532203.54
1495532203593937698,10,5,77,1495532203.59
1495532203594260644,10,3,-101,1495532203.59
1495532203644286842,10,5,77,1495532203.64
1495532203645219851,10,3,-102,1495532203.64
1495532203693805286,10,5,75,1495532203.69
1495532203694174328,10,3,-99,1495532203.69
1495532203743759755,10,5,75,1495532203.74
1495532203743832739,10,3,-99,1495532203.74
1495532203793371163,10,5,74,1495532203.79
1495532203793983391,10,3,-98,1495532203.79
1495532203852315177,10,5,75,1495532203.84
1495532203852639939,10,3,-98,1495532203.84
1495532203894061480,10,5,75,1495532203.89
1495532203894147175,10,3,-99,1495532203.89
1495532203944315145,10,5,75,1495532203.94
1495532203944419418,10,3,-99,1495532203.94
1495532203994112960,10,5,78,1495532203.99
1495532203994203195,10,3,-102,1495532203.99
1495532204044888057,10,5,78,1495532204.04
1495532204045124191,10,3,-102,1495532204.04
1495532204093528466,10,5,79,1495532204.09
1495532204093594397,10,3,-104,1495532204.09
1495532204145223937,10,5,80,1495532204.14
1495532204145332051,10,3,-105,1495532204.14
1495532204194196992,10,5,80,1495532204.19
1495532204194566662,10,3,-105,1495532204.19
1495532204246679294,10,5,80,1495532204.24
1495532204246915008,10,3,-105,1495532204.24
1495532204292949703,10,5,79,1495532204.29
1495532204293384326,10,3,-104,1495532204.29
1495532204343867424,10,5,79,1495532204.34
1495532204344301837,10,3,-104,1495532204.34
1495532204394762094,10,5,77,1495532204.39
1495532204394858684,10,3,-101,1495532204.39
1495532204443097780,10,5,77,1495532204.44
1495532204444675494,10,3,-101,1495532204.44
1495532204494453401,10,5,75,1495532204.49
1495532204494546010,10,3,-99,1495532204.49
1495532204543912968,10,5,75,1495532204.54
1495532204544018219,10,3,-99,1495532204.54
1495532204593949782,10,5,74,1495532204.59
1495532204594024931,10,3,-98,1495532204.59
1495532204644469057,10,5,75,1495532204.64
1495532204645067596,10,3,-98,1495532204.64
1495532204693945947,10,5,73,1495532204.69
1495532204694512779,10,3,-96,1495532204.69
1495532204742519305,10,5,73,1495532204.74
1495532204742745241,10,3,-96,1495532204.74
1495532204793800754,10,5,71,1495532204.79
1495532204793930101,10,3,-93,1495532204.79
1495532204844965644,10,5,71,1495532204.84
1495532204845823365,10,3,-93,1495532204.84
1495532204893152426,10,5,70,1495532204.89
1495532204893912229,10,3,-92,1495532204.89
1495532204943372360,10,5,70,1495532204.94
1495532204943840227,10,3,-92,1495532204.94
