%time,field.header.seq,field.header.stamp,field.header.frame_id,field.x,field.y,field.phi,field.theta,field.psi,field.u,field.v,field.p,field.q,field.r
1495533197387782179,1098,0,,-17.1814346313,-30.1588134766,-0.0104424953461,6.06362809776e-05,5.88244628906,-0.0649951249361,-0.0302317775786,0.0115342177451,0.000312888878398,0.302690029144
1495533197395416110,1099,0,,-17.1882362366,-30.1587619781,-0.00779607379809,6.13858064753e-05,5.88812017441,-0.0635899156332,-0.0241777934134,0.0264642201364,7.49529590394e-06,0.300765752792
1495533197489615940,1100,0,,-17.1402072906,-30.1208305359,0.0300935134292,-0.0187178589404,5.89442920685,-0.213638305664,-0.0511836372316,0.378895878792,-0.18779245019,-0.0985030457377
1495533197593929693,1101,0,,-17.1790943146,-30.1074237823,0.0444404110312,-0.0271948464215,5.90053701401,-0.408960402012,-0.0441149920225,0.143468976021,-0.0847698748112,-0.50740134716
1495533197690503081,1102,0,,-17.159488678,-30.0636959076,0.0403561145067,-0.0277904979885,5.90757369995,-0.464628666639,-0.0543816201389,-0.0408429428935,-0.00595651566982,-0.905714035034
1495533197793477487,1103,0,,-17.219461441,-30.0363883972,0.0321005359292,-0.0265887454152,5.91947937012,-0.657019495964,-0.0507461465895,-0.0825558081269,0.0120175257325,-1.28731644154
1495533197890837912,1104,0,,-17.2133636475,-29.9834461212,0.0315442569554,-0.0258081499487,5.95423936844,-0.639944195747,-0.0523089803755,-0.00556276971474,0.00780596351251,-1.65561652184
1495533197994873768,1105,0,,-17.2874221802,-29.9458026886,0.0345850847661,-0.0256986152381,5.98815488815,-0.829251825809,-0.0501033812761,0.0304082799703,0.00109533709474,-2.01651549339
1495533198089757064,1106,0,,-17.2856025696,-29.9052371979,0.0375465713441,-0.0257114171982,5.98813486099,-0.799598693848,-0.0686774030328,0.0296148397028,-0.000128019280965,-2.37061500549
1495533198194067465,1107,0,,-17.3719291687,-29.857378006,0.0348476655781,-0.0257788207382,6.07800388336,-0.98524916172,-0.0595656111836,-0.0269890502095,-0.000674034992699,-2.71565437317
1495533198297285965,1108,0,,-17.3718299866,-29.8322429657,0.0354169234633,-0.0249088238925,6.10255718231,-0.929919362068,-0.0814341157675,0.00569257838652,0.00869996100664,-3.04552602768
1495533198307831090,1109,0,,-17.4712734222,-29.7836074829,0.032551985234,-0.0245880819857,6.13857555389,-1.10484015942,-0.0690589249134,-0.0286493748426,0.00320742186159,-3.36685705185
1495533198365432270,1110,0,,-17.5840587616,-29.7272567749,0.0341194495559,-0.0229513105005,6.14874982834,-1.25932049751,-0.0607954822481,0.0156746506691,0.0163677129894,-3.66974782944
1495533198396127583,1111,0,,-17.7025318146,-29.6642494202,0.0349999219179,-0.0158750601113,6.17934608459,-1.34087228775,-0.0516286566854,0.00880471337587,0.0707625076175,-3.92830038071
1495533198493717090,1112,0,,-17.6537342072,-29.678188324,0.0317681878805,-0.00365742249414,6.19788885117,-1.04120886326,-0.0767746716738,-0.032317340374,0.122176378965,-4.12408590317
1495533198593671420,1113,0,,-17.7449760437,-29.6334285736,0.0227253623307,0.0019016424194,6.22182846069,-1.01450121403,-0.0604199171066,-0.090428262949,0.0555906482041,-4.30263471603
1495533198694322349,1114,0,,-17.670507431,-29.6728343964,0.0239434763789,0.0036231786944,6.25956535339,-0.816089749336,-0.0856881067157,0.0121811358258,0.0172153636813,-4.46582555771
1495533198804078693,1115,0,,-17.7468662262,-29.6399974823,0.0246835164726,-0.000980939017609,0.108744814992,-0.828348278999,-0.0687383785844,0.00740040186793,-0.0460411757231,-4.6528673172
1495533198894038177,1116,0,,-17.7251415253,-29.7130069733,0.0308513641357,-0.00489706499502,0.0776431262493,-0.755130410194,-0.0922340527177,0.0616784766316,-0.0391612574458,-4.84630775452
1495533198996840218,1117,0,,-17.8013763428,-29.6862354279,0.0298027414829,-0.00786900799721,0.127372562885,-0.804754197598,-0.0722029432654,-0.0104862237349,-0.029719427228,-5.04846906662
1495533199097024677,1118,0,,-17.7191925049,-29.7646465302,0.0319195948541,-0.00732860248536,0.169706702232,-0.777786314487,-0.0957217589021,0.0211685448885,0.00540404999629,-5.23758554459
1495533199194900667,1119,0,,-17.7964859009,-29.7424793243,0.0274879988283,-0.0053885160014,0.211957231164,-0.800652623177,-0.074203312397,-0.0443159677088,0.0194008667022,-5.41416978836
1495533199300631782,1120,0,,-17.716375351,-29.8374233246,0.0293622873724,-0.00378564745188,0.250105142593,-0.757032752037,-0.0895530730486,0.0187428891659,0.0160286836326,-5.57996749878
1495533199330874523,1121,0,,-17.7918834686,-29.8194160461,0.0285931210965,-0.00347304414026,0.288305401802,-0.773106575012,-0.0698448717594,-0.00769166881219,0.0031260328833,-5.74303674698
1495533199395932516,1122,0,,-17.8692378998,-29.801202774,0.0326492041349,-0.00390888936818,0.322476536036,-0.792689859867,-0.056304667145,0.0405608266592,-0.00435845041648,-5.90463018417
1495533199405578786,1123,0,,-17.948392868,-29.782743454,0.0379851385951,-0.00416619936004,0.35797432065,-0.811572134495,-0.0446810908616,0.0533593595028,-0.00257309852168,-6.06586885452
1495533199502237657,1124,0,,-17.8313789368,-29.9095611572,0.0414219498634,-0.0034718036186,0.398169875145,-0.791556119919,-0.0622970722616,0.034368108958,0.00694395508617,-6.22158288956
1495533199600446025,1125,0,,-17.909860611,-29.8952465057,0.0373627357185,-0.00260559818707,0.438280373812,-0.796394228935,-0.0465335436165,-0.0405921339989,0.00866205431521,-6.36957550049
1495533199701783496,1126,0,,-17.8015575409,-30.0283126831,0.0371064022183,0.000367757922504,0.482492059469,-0.802902281284,-0.0633054971695,-0.00256335036829,0.0297335609794,-6.49528694153
1495533199803940965,1127,0,,-17.875295639,-30.0198745728,0.0328513607383,0.0050421138294,0.531093716621,-0.740705013275,-0.0468393787742,-0.0425504185259,0.0467435605824,-6.59596920013
1495533199901182870,1128,0,,-17.7658443451,-30.1601295471,0.0325663983822,0.010383117944,0.577335476875,-0.685601174831,-0.0520551465452,-0.00284960865974,0.0534100346267,-6.6698384285
1495533199994410788,1129,0,,-17.8226184845,-30.1584663391,0.0313874818385,0.0137893008068,0.606896400452,-0.566727101803,-0.0377420894802,-0.0117891859263,0.0340618342161,-6.7312335968
1495533200093410599,1130,0,,-17.6549015045,-30.2951335907,0.0342943742871,0.0140332886949,0.629772782326,-0.577677249908,-0.0414841398597,0.0290689244866,0.00243987026624,-6.79376125336
1495533200193240123,1131,0,,-17.7000255585,-30.2955417633,0.0350389741361,0.0148838544264,0.671067416668,-0.450344532728,-0.0288973841816,0.00744600128382,0.00850566476583,-6.84837245941
1495533200300884957,1132,0,,-17.5442771912,-30.4343929291,0.0385933592916,0.0118094617501,0.723425686359,-0.270782828331,-0.111124582589,0.0355438813567,-0.0307439267635,-6.92306423187
1495533200310561955,1133,0,,-17.5626869202,-30.4427585602,0.0234373100102,0.0101338429376,0.768214404583,-0.186075165868,-0.0791700556874,-0.151560500264,-0.0167561937124,-6.99188947678
1495533200382166593,1134,0,,-17.5756835938,-30.449930191,0.0244619194418,0.00726237567142,0.817121744156,-0.134133160114,-0.0636164322495,0.0102461017668,-0.0287146698684,-7.06783533096
1495533200394334130,1135,0,,-17.5876998901,-30.4562034607,0.0353827625513,0.00225250958465,0.863807320595,-0.125814437866,-0.0504181869328,0.10920843482,-0.0500986613333,-7.17180299759
1495533200500355504,1136,0,,-17.3526134491,-30.6031169891,0.0438490025699,-0.000691474007908,0.906012356281,0.149383291602,-0.120404012501,0.0846623927355,-0.0294398348778,-7.28737258911
1495533200594555612,1137,0,,-17.3383255005,-30.6094837189,0.0297270957381,-0.00236386666074,0.939529299736,0.130429580808,-0.0863623097539,-0.141219064593,-0.0167239271104,-7.40346431732
1495533200703927060,1138,0,,-17.1245250702,-30.7434043884,0.0278398580849,5.30207580596e-05,0.965562105179,-0.25571513176,-0.0293206162751,-0.0188723802567,0.0241688750684,-7.49259328842
1495533200805219690,1139,0,,-17.1414833069,-30.7494239807,0.0404853634536,0.00716539472342,0.990339577198,-0.178405076265,-0.0234531164169,0.126455068588,0.0711237415671,-7.55177783966
1495533200901786371,1140,0,,-16.9275131226,-30.8671760559,0.0459691360593,0.0100661311299,1.01972103119,-0.425199180841,0.029771104455,0.054837718606,0.0290073584765,-7.61688804626
1495533201003866180,1141,0,,-16.9571094513,-30.8721427917,0.0541816055775,0.0143340872601,1.05519616604,-0.298951178789,0.026220139116,0.0821246951818,0.04267956689,-7.65971279144
1495533201100683311,1142,0,,-16.7276344299,-30.9698467255,0.0548130720854,0.0148599557579,1.09080338478,-0.420947790146,0.122159987688,0.00631467998028,0.00525868264958,-7.70993614197
1495533201200600135,1143,0,,-16.7401866913,-30.9636154175,0.0650104284286,0.0331615544856,1.09135532379,-0.0989628061652,0.099209241569,0.101973548532,0.183015987277,-7.64905261993
1495533201303546750,1144,0,,-16.528301239,-31.0375595093,0.066915050149,0.0242431089282,1.14881885052,-0.29059997201,-0.0212721340358,0.0190462097526,-0.0891844555736,-7.69828510284
1495533201313205239,1145,0,,-16.5423030853,-31.0437450409,0.0439023151994,0.0175245031714,1.1787750721,-0.152953565121,-0.00621307501569,-0.230127364397,-0.0671860575676,-7.73416996002
1495533201376688173,1146,0,,-16.542760849,-31.0444641113,0.0373294316232,0.0171533375978,1.19962239265,-0.00702550262213,-0.00482029886916,-0.0657288208604,-0.00371166109107,-7.748919487
1495533201403256288,1147,0,,-16.5311794281,-31.0395145416,0.041718993336,0.0171687845141,1.22696888447,0.125917389989,-0.00234359875321,0.0438956059515,0.000154475783347,-7.7704744339
1495533201501561734,1148,0,,-16.2564277649,-31.1014575958,0.0476742498577,0.0135355219245,1.25037300587,0.555705428123,0.0878896340728,0.0595525912941,-0.0363326333463,-7.81826734543
1495533201604693701,1149,0,,-16.2067966461,-31.0694046021,0.070920959115,0.00714903697371,1.27475261688,0.587026238441,0.0667704641819,0.232467055321,-0.0638648420572,-7.90221691132
1495533201702924768,1150,0,,-15.903544426,-31.0884819031,0.0748257339001,0.00544068124145,1.29924428463,0.148337736726,0.169953688979,0.0390477664769,-0.0170835610479,-7.99081325531
1495533201801985830,1151,0,,-15.8871765137,-31.0644817352,0.088270559907,0.0115309888497,1.32528555393,0.257981598377,0.133572384715,0.134448260069,0.0609030760825,-8.04718399048
1495533201902033332,1152,0,,-15.6045846939,-31.0662593842,0.0830474048853,0.0144008249044,1.35209167004,0.0582570619881,0.238102898002,-0.0522315502167,0.0286983661354,-8.10687732697
1495533202001121487,1153,0,,-15.581155777,-31.0297985077,0.0901144966483,0.0350690111518,1.3783813715,0.38992190361,0.189179942012,0.0706708803773,0.206681877375,-8.04153060913
1495533202104246825,1154,0,,-15.2737674713,-30.9944610596,0.0802861601114,0.0411889441311,1.4037014246,0.880960941315,0.0532396472991,-0.0982833057642,0.061199311167,-7.99532842636
1495533202204717350,1155,0,,-15.198472023,-30.9372692108,0.0557278692722,0.0203568413854,1.42790150642,0.944271683693,0.0486282370985,-0.245582938194,-0.208321020007,-8.05567359924
1495533202301811959,1156,0,,-14.8688116074,-30.8775424957,0.0551747754216,0.00832737330347,1.45142877102,0.93588757515,0.180689066648,-0.00553095480427,-0.120294682682,-8.11214637756
1495533202311543086,1157,0,,-14.7973861694,-30.8084106445,0.0907752737403,0.00639198208228,1.47424674034,0.984856307507,0.134693086147,0.356005012989,-0.0193539131433,-8.1826543808
1495533202379492299,1158,0,,-14.7223358154,-30.7371387482,0.0944960936904,0.00677048228681,1.49392986298,1.02843952179,0.116319067776,0.0372081771493,0.00378500204533,-8.27299022675
1495533202412221037,1159,0,,-14.6430950165,-30.6632881165,0.0804668366909,0.00809521507472,1.51654863358,1.07870900631,0.0985241979361,-0.140292525291,0.0132473241538,-8.34803104401
1495533202502728221,1160,0,,-14.3731746674,-30.5951385498,0.0721484869719,0.00368581642397,1.5398529768,1.14863955975,0.19307847321,-0.0831834897399,-0.0440939813852,-8.4412689209
1495533202615363353,1161,0,,-14.2887220383,-30.5063114166,0.0917095467448,0.00840532034636,1.56246042252,1.21681034565,0.147086232901,0.195610582829,0.0471950396895,-8.49498462677
1495533202702898443,1162,0,,-14.0124158859,-30.4062805176,0.0907650589943,0.0107898004353,1.58596634865,0.859823465347,-0.0517309606075,-0.0094449268654,0.0238447971642,-8.55986690521
1495533202814535820,1163,0,,-13.9401845932,-30.3452358246,0.041833344847,0.0124471280724,1.61024415493,0.945429503918,-0.0234251264483,-0.489317089319,0.0165732726455,-8.5953168869
1495533202910860569,1164,0,,-13.7152633667,-30.2366657257,0.018777301535,0.0348378308117,1.63315594196,0.59677696228,0.0877670869231,-0.230560436845,0.223907053471,-8.46775722504
1495533203013691590,1165,0,,-13.6554079056,-30.1659793854,0.0425168313086,0.0452927984297,1.65563213825,0.923991799355,0.0645668357611,0.23739528656,0.10454967618,-8.34742832184
1495533203117432929,1166,0,,-13.430809021,-30.0308074951,0.0544288642704,0.0461493134499,1.65606200695,1.20538318157,0.189224496484,0.119120329618,0.00856513530016,-8.24748897552
1495533203212896603,1167,0,,-13.3559923172,-29.9284152985,0.0901167020202,0.0207659397274,1.70149421692,1.25983846188,0.144944325089,0.356878399849,-0.25383374095,-8.3083524704
1495533203311375677,1168,0,,-13.1923856735,-29.7694854736,0.0350799374282,-0.00327519816346,1.72473990917,0.595815777779,0.0160148125142,-0.55036765337,-0.240411370993,-7.75932788849
1495533203322290681,1169,0,,-13.1660766602,-29.7215099335,-0.0246493015438,-0.0087978169322,1.74830591679,0.546135008335,0.0335472933948,-0.597292363644,-0.0552261918783,-7.16886329651
1495533203392688042,1170,0,,-13.1479463577,-29.6940383911,0.0437796190381,-0.0216810684651,1.77031123638,0.329043328762,-0.00814174301922,0.684289216995,-0.128832504153,-7.36151313782
1495533203413515130,1171,0,,-13.1414909363,-29.683807373,0.0839994475245,-0.0274080689996,1.79418027401,0.120976895094,-0.000216686545173,0.40219822526,-0.0572700053453,-7.60563182831
1495533203515747824,1172,0,,-12.986664772,-29.5783729553,0.0163276344538,0.00146083778236,1.82000648975,-0.0059754033573,0.200841218233,-0.676718115807,0.288689047098,-7.15010595322
1495533203611713867,1173,0,,-12.9800233841,-29.5297985077,0.0344574041665,0.0492285676301,1.84475493431,0.46810951829,0.145681634545,0.181297704577,0.477677285671,-6.8679394722
1495533203716441853,1174,0,,-12.8392553329,-29.3487567902,0.0545755438507,0.0638708099723,1.8703366518,0.296081274748,0.167999789119,0.201181381941,0.146422460675,-6.74395370483
1495533203814752052,1175,0,,-12.8242616653,-29.268579483,0.0621543712914,0.0680110007524,1.89680087566,0.803149223328,0.142393916845,0.0757882893085,0.041401848197,-6.59877872467
1495533203914534221,1176,0,,-12.7067432404,-29.0626068115,0.0506575964391,0.0605144575238,1.92418456078,1.07892096043,0.0166678018868,-0.114967755973,-0.0749653950334,-6.42969894409
1495533204014951393,1177,0,,-12.6712646484,-28.9218654633,0.01431706734,0.0519873648882,1.95091784,1.45116066933,0.029243439436,-0.363405287266,-0.0852709412575,-6.20473718643
1495533204114708972,1178,0,,-12.5180168152,-28.6856708527,-0.00344507442787,0.0432019680738,1.97611677647,1.2232619524,-0.0833263397217,-0.177621409297,-0.087853975594,-5.87456321716
1495533204211071578,1179,0,,-12.4967031479,-28.5601863861,-0.041136816144,0.0175165999681,2.00192379951,1.2720593214,-0.0436695329845,-0.376917392015,-0.256853669882,-5.39247941971
1495533204329602086,1180,0,,-12.3885250092,-28.3733692169,-0.039098367095,0.00734344823286,2.02969312668,0.904965996742,0.0901265591383,0.0203844700009,-0.101731516421,-4.89888000488
1495533204344346000,1181,0,,-12.3976707458,-28.2790985107,-0.0017390557332,0.0055173994042,2.05462884903,0.94403809309,0.0764486715198,0.373593121767,-0.0182604882866,-4.42990493774
1495533204395480227,1182,0,,-12.4136981964,-28.1575069427,0.0237297452986,0.028094291687,2.08388590813,1.22421240807,0.0736883208156,0.254687994719,0.225768923759,-4.12895822525
1495533204411840823,1183,0,,-12.4403762817,-28.0109920502,0.0149612417445,0.0379322730005,2.10595965385,1.48728096485,0.0765821114182,-0.0876850262284,0.0983798131347,-3.84425854683
1495533204515098024,1184,0,,-12.3716182709,-27.8356933594,0.0113536268473,0.0405184030533,2.13264536858,1.13595128059,-0.0362510643899,-0.0360761545599,0.0258613154292,-3.62582755089
1495533204617981424,1185,0,,-12.4032030106,-27.690908432,-0.0130814835429,0.0455572456121,2.15876102448,1.48184013367,-0.0140508105978,-0.244351103902,0.0503884032369,-3.37582683563
1495533204729453074,1186,0,,-12.3522567749,-27.5312252045,-0.0255490262061,0.0380254201591,2.18808531761,1.00852572918,0.0342035368085,-0.124675415456,-0.0753182321787,-3.06280112267
1495533204814324200,1187,0,,-12.3959655762,-27.4183998108,-0.014118283987,0.0299263559282,2.2169418335,1.20955395699,0.0309103038162,0.114307411015,-0.0809906497598,-2.73237037659
1495533204921072763,1188,0,,-12.3544187546,-27.3187065125,-0.0160550866276,0.0141132203862,2.24378275871,0.683755159378,0.0585310123861,-0.0193680152297,-0.158131361008,-2.34118556976
1495533205029890790,1189,0,,-12.3942041397,-27.2538795471,-0.0126148108393,0.00925826840103,2.27063393593,0.758571445942,0.0556867606938,0.0344027504325,-0.0485495142639,-1.95826530457
1495533205119606801,1190,0,,-12.3507499695,-27.1837158203,-0.0101747252047,0.0138526046649,2.29971456528,0.431802332401,0.0739725828171,0.0244008582085,0.045943364501,-1.6139241457
1495533205241995904,1191,0,,-12.3782606125,-27.1572189331,-0.0212248414755,0.000367316941265,2.32844662666,0.374837905169,0.0734350979328,-0.110501162708,-0.134852871299,-1.18260967731
1495533205300949560,1192,0,,-12.3177614212,-27.1161327362,-0.0237614009529,-0.00602956116199,2.32939648628,0.307901501656,0.164103880525,-0.0253656059504,-0.0639687776566,-0.75239944458
1495533205325851123,1193,0,,-12.3450183868,-27.1054401398,-0.00364924222231,-0.00660503888503,2.37869215012,0.260714024305,0.133240014315,0.201121598482,-0.00575477816164,-0.340725898743
1495533205392113178,1194,0,,-12.3567466736,-27.1108627319,-0.00539671583101,-0.021134885028,2.40277433395,0.0478783734143,0.120020620525,-0.0174747332931,-0.145298451185,0.0477886684239
1495533205430098593,1195,0,,-12.3643369675,-27.1181526184,-0.0106476219371,-0.0121080121025,2.4263074398,0.0116036580876,0.104596078396,-0.0525090582669,0.0902687236667,0.436800599098
1495533205523956063,1196,0,,-12.2782478333,-27.0677833557,-0.0208338908851,-0.00590690830722,2.4525578022,-0.372579574585,0.135637149215,-0.101862698793,0.0620110407472,0.818064332008
1495533205628565665,1197,0,,-12.2499036789,-27.0991859436,-0.0179637167603,-0.00433587934822,2.47654676437,-0.408062130213,0.111521631479,0.0287017449737,0.0157102886587,1.19266855717
1495533205726349816,1198,0,,-12.2078170776,-27.0256080627,-0.0189957283437,-0.00434760842472,2.4991247654,0.0257669389248,0.0142643414438,-0.0103201093152,-0.000117291048809,1.55292546749
1495533205827268588,1199,0,,-12.2073640823,-27.0286369324,-0.0419936031103,-0.00526913115755,2.51715016365,-0.0172776468098,0.0252873525023,-0.229978740215,-0.00921522639692,1.91469848156
1495533205927798408,1200,0,,-12.1978654861,-26.9009914398,-0.0480727478862,-0.00370042934082,2.54379701614,-0.26696819067,-0.113005720079,-0.0607914552093,0.0156870186329,2.27111697197
1495533206024611833,1201,0,,-12.1680440903,-26.9034347534,-0.0743557661772,-0.00336721190251,2.57203102112,-0.289668738842,-0.0749765634537,-0.262830168009,0.00333217484877,2.62784576416
1495533206130572935,1202,0,,-12.1240205765,-26.7556934357,-0.0016687870957,-0.0190954227,2.60304284096,0.0214236117899,-0.0105945505202,0.726869761944,-0.157282099128,2.20664906502
1495533206243120557,1203,0,,-12.1627626419,-26.6015014648,0.0543660596013,-0.0269441064447,2.6320438385,0.242972970009,-0.0697246789932,0.560348510742,-0.0784868523479,1.73944890499
1495533206331102908,1204,0,,-12.2314777374,-26.4626178741,-0.0277682002634,-0.00707305502146,2.66309499741,0.574647068977,-0.064271479845,-0.821342647076,0.198710516095,2.02172160149
1495533206340558717,1205,0,,-12.2890958786,-26.443113327,-0.082617521286,0.00548031367362,2.69354081154,0.606198489666,-0.0504752323031,-0.548493206501,0.125533685088,2.35167217255
1495533206393741808,1206,0,,-12.3598403931,-26.4246997833,-0.0708205476403,0.016448315233,2.73197937012,0.729224979877,-0.051140345633,0.117969736457,0.109680019319,2.63429903984
1495533206439117966,1207,0,,-12.4435243607,-26.4108085632,-0.0507372282445,0.0187564510852,2.76512718201,0.847481906414,-0.0369447395205,0.200833201408,0.023081349209,2.88692116737
1495533206524755252,1208,0,,-12.54874897,-26.2364730835,-0.0357610546052,0.0278367567807,2.80195116997,1.16891241074,0.000516022846568,0.149761736393,0.0908030644059,3.0631210804
1495533206623776715,1209,0,,-12.6831150055,-26.2351779938,-0.0333177037537,0.0274776536971,2.84085059166,1.34371042252,0.00673617422581,0.0244335122406,-0.00359103060327,3.24987483025
1495533206725604120,1210,0,,-12.8331222534,-26.0746974945,-0.0449940152466,0.0121401557699,2.84171938896,1.32738935947,0.0237209480256,-0.116763114929,-0.15337498486,3.51716852188
1495533206842556563,1211,0,,-12.9422369003,-26.0735759735,0.0244054291397,-0.0181177128106,2.92063999176,1.09106791019,-0.0170663129538,0.69399446249,-0.302578687668,3.05229783058
1495533206927959391,1212,0,,-13.014081955,-25.9026603699,0.0537602826953,-0.0295734163374,2.9591255188,0.916728198528,0.0121947228909,0.29354852438,-0.114557050169,2.55654025078
1495533207047783082,1213,0,,-13.1172571182,-25.9162464142,-0.0133030610159,0.00115944363642,2.99656462669,1.03993928432,0.0386055260897,-0.670633435249,0.307328611612,2.76296782494
1495533207143353053,1214,0,,-13.2052431107,-25.7645053864,-0.0399258360267,0.0355499200523,3.03325271606,1.25312876701,0.037280343473,-0.26622775197,0.34390476346,2.89850068092
1495533207248971722,1215,0,,-13.3533411026,-25.6325912476,-0.0310967583209,0.049811668694,3.06875419617,1.44967091084,0.0328517705202,0.0882907807827,0.142617464066,3.00161886215
1495533207316217490,1216,0,,-13.4985780716,-25.5353469849,-0.0194732826203,0.049737919122,3.10903334618,1.60875892639,0.0342422313988,0.116234757006,-0.000737464695703,3.09352731705
1495533207339621653,1217,0,,-13.684006691,-25.5927677155,-0.0155149539933,0.0473387129605,3.14869999886,1.94093704224,0.0290549881756,0.0395832806826,-0.0239920746535,3.17892003059
1495533207394533320,1218,0,,-13.8456716537,-25.6385936737,0.0284219738096,-0.00686367601156,3.18767261505,1.68034076691,-0.00221939757466,0.439369291067,-0.542023897171,2.70433235168
1495533207451371973,1219,0,,-13.8959131241,-25.508939743,0.0524442046881,-0.0303046833724,3.23270153999,1.31482064724,-0.0124033140019,0.240222319961,-0.234410062432,2.2226960659
1495533207540726209,1220,0,,-14.0014457703,-25.5361213684,0.0455268770456,-0.0318855494261,3.23267126083,1.08966362476,-0.0152215743437,-0.069173283875,-0.015808660537,1.74948573112
1495533207648650409,1221,0,,-14.0862941742,-25.5527763367,0.0330124907196,-0.0286142285913,3.31648492813,0.864356517792,-0.0233785770833,-0.125143870711,0.0327131971717,1.29793787003
1495533207743512192,1222,0,,-14.0451431274,-25.3865375519,0.0308329537511,-0.0117314653471,3.36374902725,0.627902925014,0.0657595470548,-0.0217953771353,0.16882763803,0.864948511124
1495533207845776314,1223,0,,-14.1356430054,-25.4218502045,0.00895577855408,0.0314211584628,3.40290093422,0.969771385193,0.057081464678,-0.218771755695,0.431526243687,0.910811007023
1495533207943248277,1224,0,,-14.1790895462,-25.2911453247,-0.0153343426064,0.0514331422746,3.45107650757,1.04047954082,0.122067555785,-0.242901206017,0.20011985302,1.033416152
1495533208046472088,1225,0,,-14.2507743835,-25.3256626129,0.0417074225843,-0.0015290469164,3.50546717644,0.793195009232,0.0620468184352,0.570417642593,-0.529621899128,0.61198246479
1495533208140047465,1226,0,,-14.2184867859,-25.1727809906,0.0764821991324,-0.0282500367612,3.5682053566,0.508207023144,0.120575107634,0.347747772932,-0.267209887505,0.169356822968
1495533208248765062,1227,0,,-14.2427558899,-25.1927165985,0.0851798653603,-0.0314456783235,3.62873458862,0.301096767187,0.0893257111311,0.0869766995311,-0.0319564081728,-0.273443877697
1495533208337936945,1228,0,,-14.1719522476,-25.0382995605,0.0693638399243,-0.0285174995661,3.6839621067,0.14527156949,0.119006633759,-0.158160284162,0.0292817782611,-0.70051497221
1495533208343050722,1229,0,,-14.1630897522,-25.0429191589,0.0666197985411,-0.0264204386622,3.75148963928,-0.0611711405218,0.0790299102664,-0.0274403970689,0.0209706053138,-1.10697042942
1495533208395928606,1230,0,,-14.13717556,-25.035905838,0.0630633831024,-0.0259674135596,3.80904650688,-0.263361662626,0.0521081164479,-0.0355641916394,0.00453025521711,-1.50310611725
1495533208454718066,1231,0,,-14.0948085785,-25.0175018311,0.0581030733883,-0.0260039251298,3.80930185318,-0.460809618235,0.0318725518882,-0.0496030822396,-0.000365110056009,-1.88585793972
1495533208544056173,1232,0,,-13.9820795059,-24.8257217407,0.0541005209088,-0.0259806197137,3.93280744553,-0.349508613348,0.0630478560925,-0.0400255136192,0.000233055761782,-2.25539278984
1495533208653055438,1233,0,,-13.9331274033,-24.8014793396,0.0616698227823,-0.0259563047439,3.98228931427,-0.544936656952,0.0380671694875,0.0756930187345,0.0002431422472,-2.61663913727
1495533208739785880,1234,0,,-13.8963308334,-24.6300983429,0.0616807192564,-0.025985352695,4.02246761322,-0.434054166079,0.059412162751,0.000108944383101,-0.000290485593723,-2.97309136391
1495533208851057157,1235,0,,-13.869977951,-24.4903182983,0.0648290738463,-0.0259806457907,4.09567165375,-0.341201543808,0.0842788293958,0.0314835384488,4.70720697194e-05,-3.32005524635
1495533208941673286,1236,0,,-13.8221063614,-24.4653491974,0.0723087638617,-0.026015624404,4.16630840302,-0.53682243824,0.0577224232256,0.0747968927026,-0.000349778507371,-3.66209721565
1495533209041069024,1237,0,,-13.7740774155,-24.4357128143,0.0718069523573,-0.011009789072,4.24470567703,-0.56290525198,0.0406984351575,-0.00501806708053,0.150058358908,-3.99666976929
1495533209145128698,1238,0,,-13.8261013031,-24.3056221008,0.0629001483321,-0.00446802191436,4.30939531326,-0.149957954884,-0.00854158774018,-0.0890680998564,0.0654176697135,-4.3210811615
1495533209244807716,1239,0,,-13.8834400177,-24.2154636383,0.0483282767236,-0.0191379692405,4.37608385086,-0.283233374357,-0.118533752859,-0.145718678832,-0.146699473262,-4.62921285629
1495533209312779346,1240,0,,-13.9269323349,-24.1266231537,0.0273912381381,-0.0264528486878,4.45137548447,-0.401879787445,-0.193629696965,-0.209370389581,-0.0731487870216,-4.91298389435
1495533209342686151,1241,0,,-13.8962602615,-24.0734119415,0.00818221271038,-0.0272188857198,4.52205514908,-0.594224572182,-0.155293479562,-0.192090258002,-0.00766037311405,-5.17511081696
1495533209392605560,1242,0,,-13.8535699844,-24.0063800812,0.0150720244274,-0.0261795707047,4.61160755157,-0.783792972565,-0.131285816431,0.0688981190324,0.0103931482881,-5.42708444595
1495533209452085886,1243,0,,-13.9373035431,-23.9108295441,0.0292908027768,-0.0256686937064,4.69551801682,-0.4029751122,-0.103482484818,0.142187774181,0.0051087657921,-5.68425703049
1495533209545722658,1244,0,,-13.9097862244,-23.8571586609,0.0394241251051,-0.0258654467762,4.80219268799,-0.59744977951,-0.0826909989119,0.101333238184,-0.00196751323529,-5.94419240952
1495533209647926366,1245,0,,-14.0514802933,-23.8051757812,0.0442823432386,-0.0259436219931,4.91445302963,-0.251873582602,-0.048741132021,0.0485821925104,-0.000781766604632,-6.2016453743
1495533209745899438,1246,0,,-14.181347847,-23.7838401794,0.0509256012738,-0.0260604806244,5.02180242538,-0.0391363911331,-0.0407559163868,0.0664325430989,-0.00116857176181,-6.45538711548
1495533209855273610,1247,0,,-14.2976970673,-23.798915863,0.0544629134238,-0.026229409501,5.13148260117,0.0316874608397,0.0600812956691,0.0353731401265,-0.00168929132633,-6.7062869072
1495533209945620228,1248,0,,-14.393163681,-23.8180847168,0.075873605907,-0.0261962972581,5.2397685051,0.0972949042916,0.115477904677,0.21410690248,0.000331107148668,-6.95833730698
1495533210051347288,1249,0,,-14.5147514343,-23.8570423126,0.0957334935665,-0.0263296756893,5.35838127136,-0.0425529032946,0.207380190492,0.198598891497,-0.00133377523161,-7.2207365036
1495533210144815879,1250,0,,-14.6129627228,-23.8782043457,0.117210999131,-0.0263145193458,5.47464895248,-0.121713005006,0.268568426371,0.214775040746,0.000151569503942,-7.48983573914
1495533210251196373,1251,0,,-14.735616684,-23.9097499847,0.133271113038,-0.0262994095683,5.59630632401,-0.491991877556,0.245690599084,0.16060115397,0.000151099462528,-7.7648396492
1495533210334220899,1252,0,,-14.721701622,-23.8399791718,0.128905743361,-0.0262036900967,5.71057319641,-0.684296011925,0.194693699479,-0.0436536706984,0.000957186101004,-8.03585147858
1495533210346776967,1253,0,,-14.7212810516,-23.7514019012,0.112065888941,-0.0259963106364,5.82520627975,-0.872406363487,0.153343915939,-0.168398588896,0.00207378691994,-8.28938770294
1495533210401313579,1254,0,,-14.7371225357,-23.6462936401,0.0986185595393,-0.0257189404219,5.92801904678,-1.05643582344,0.117552377284,-0.134473264217,0.00277370680124,-8.52411174774
1495533210455997491,1255,0,,-14.92096138,-23.6700611115,0.0915651842952,-0.0255285706371,5.92908573151,-0.804975509644,0.200182840228,-0.070533759892,0.00190369260963,-8.74645996094
1495533210543135874,1256,0,,-15.0610160828,-23.7019844055,0.111058734357,-0.025500562042,6.13233613968,-0.663104176521,0.249893784523,0.194935485721,0.000280085485429,-8.96810722351
1495533210652910099,1257,0,,-15.1857738495,-23.7676315308,0.132231518626,-0.0257709976286,6.13471746445,-0.755510509014,0.0581871643662,0.21172785759,-0.00270433886908,-9.20210361481
1495533210750875140,1258,0,,-15.3059062958,-23.8187828064,0.0947131216526,-0.0261956434697,0.113788247108,-0.832213282585,-0.0623680613935,-0.375183969736,-0.00424646912143,-9.42527675629
1495533210848183397,1259,0,,-15.4810123444,-23.9003715515,0.0482130534947,-0.0259178467095,0.118684060872,-0.931644260883,-0.159605905414,-0.465000659227,0.00277796760201,-9.60461711884
1495533210944718367,1260,0,,-15.6458158493,-23.9673748016,0.0211515445262,-0.0254945829511,0.194415152073,-1.03391504288,-0.229765757918,-0.270615100861,0.00423263804987,-9.75315475464
1495533211056051100,1261,0,,-15.8057527542,-24.0532970428,0.0104014175013,-0.0253444612026,0.271471589804,-1.24903595448,-0.218008667231,-0.107501260936,0.00150121713523,-9.88844966888
1495533211151789113,1262,0,,-15.9233379364,-23.9710006714,0.0174921844155,-0.025258583948,0.342010855675,-1.42490971088,-0.171877190471,0.0709076598287,0.000858769228216,-10.0216302872
1495533211250068648,1263,0,,-16.0564365387,-23.8817481995,0.0338566862047,-0.0252414438874,0.412357062101,-1.59695792198,-0.133662104607,0.163645029068,0.000171411404153,-10.1621551514
1495533211317235849,1264,0,,-16.2219829559,-24.0185871124,0.0466879233718,-0.0252593383193,0.467307269573,-0.994773387909,-0.0750866010785,0.128312364221,-0.000178944581421,-10.3103885651
1495533211352277456,1265,0,,-16.3234958649,-23.9589061737,0.059478148818,-0.0255282949656,0.521897137165,-1.17623519897,-0.0558979958296,0.127902239561,-0.00268957950175,-10.462767601
1495533211392346652,1266,0,,-16.4416160583,-23.8926830292,0.0651372298598,-0.0256018489599,0.554179131985,-1.35361611843,-0.0390682630241,0.0565908253193,-0.000735537149012,-10.6173534393
1495533211455563636,1267,0,,-16.5450744629,-24.1072826385,0.067377589643,-0.0254792794585,0.593377888203,-1.21241044998,0.106398575008,0.0224035847932,0.00122570851818,-10.7693929672
1495533211553588671,1268,0,,-16.6632671356,-24.0338897705,0.0976856052876,-0.0252998992801,0.629588663578,-1.38904571533,0.0782967060804,0.303080171347,0.00179380050395,-10.9276027679
1495533211652735216,1269,0,,-16.7392578125,-24.2615070343,0.103586830199,-0.025506619364,0.672725439072,-1.50553393364,0.107547968626,0.0590122118592,-0.00206720177084,-11.0988025665
1495533211753182065,1270,0,,-16.8860225677,-24.1801490784,0.103199273348,-0.0254325699061,0.717293143272,-1.67572414875,0.0881725251675,-0.00387552496977,0.000740484858397,-11.2632350922
1495533211852526195,1271,0,,-17.050868988,-24.0975761414,0.09751111269,-0.0252731759101,0.75769841671,-1.842269063,0.0730574205518,-0.0568816252053,0.00159394729417,-11.4203796387
1495533211952964595,1272,0,,-17.0581474304,-24.3667068481,0.0925749018788,-0.025093683973,0.795043349266,-1.79814422131,0.130783036351,-0.0493621192873,0.00179492181633,-11.5690116882
1495533212054747862,1273,0,,-17.0727310181,-24.6132354736,0.105000793934,-0.0249676331878,0.827138721943,-1.47640264034,0.224903076887,0.124258935452,0.00126050668769,-11.7163076401
1495533212151987533,1274,0,,-17.2207183838,-24.538772583,0.131842672825,-0.0251382570714,0.864963650703,-1.64739823341,0.174835816026,0.268418729305,-0.00170624710154,-11.8757734299
1495533212250845353,1275,0,,-17.3869361877,-24.4644947052,0.128598660231,-0.0254327375442,0.90482455492,-1.81462144852,0.147407904267,-0.0324400663376,-0.00294481008314,-12.0416345596
1495533212322802340,1276,0,,-17.2987003326,-24.7476558685,0.113592632115,-0.0253050532192,0.935600221157,-1.31535112858,0.249138608575,-0.150060281157,0.00127684848849,-12.1920232773
1495533212355703871,1277,0,,-17.4355354309,-24.6857719421,0.130465656519,-0.0251676402986,0.967345058918,-1.48976027966,0.189642161131,0.168730288744,0.00137412932236,-12.3369674683
1495533212393433668,1278,0,,-17.5907020569,-24.624622345,0.129723310471,-0.0253788661212,0.991991996765,-1.66048038006,0.156278058887,-0.00742355594411,-0.00211225310341,-12.4891271591
1495533212463700284,1279,0,,-17.4510631561,-24.9328117371,0.117573447526,-0.0253496617079,1.0187561512,-1.14539599419,0.23666703701,-0.121498584747,0.00029205228202,-12.6300621033
1495533212552071859,1280,0,,-17.5743923187,-24.8814430237,0.130293011665,-0.025317940861,1.04725193977,-1.32350540161,0.182289347053,0.127195641398,0.000317198835546,-12.7654542923
1495533212652377420,1281,0,,-17.3634223938,-25.1699638367,0.128062203526,-0.0254914872348,1.04744422436,-0.808002114296,0.199479699135,-0.0223080962896,-0.00173546292353,-12.9051971436
1495533212752075015,1282,0,,-17.4554748535,-25.1293258667,0.127223595977,-0.025694873184,1.10863029957,-0.993462443352,0.159725919366,-0.00838610343635,-0.00203386647627,-13.037727356
1495533212850987871,1283,0,,-17.1883144379,-25.3973922729,0.119574040174,-0.0257172193378,1.10927283764,-0.827879071236,-0.00996005814523,-0.07649551332,-0.000223463008297,-13.1642532349
1495533212952993721,1284,0,,-16.9688739777,-25.6235218048,0.0811513587832,-0.025891173631,1.16895222664,-0.747803926468,-0.120692208409,-0.384226769209,-0.00173953024205,-13.2712268829
1495533213060063831,1285,0,,-16.7424488068,-25.8225040436,0.0450501292944,-0.0257526692003,1.20555341244,-1.02228438854,-0.051679302007,-0.36101230979,0.00138504302595,-13.345246315
1495533213154218960,1286,0,,-16.8571681976,-25.8117656708,0.0553086847067,-0.0205922741443,1.24021434784,-1.1513313055,-0.0451176092029,0.102585539222,0.0516039505601,-13.3805770874
1495533213255144367,1287,0,,-16.6664714813,-25.9819717407,0.070136860013,-0.0167477801442,1.24061977863,-1.22475337982,0.0649551078677,0.148281753063,0.0384449400008,-13.4209470749
1495533213317551952,1288,0,,-16.7968635559,-25.9625339508,0.0954814106226,-0.014516884461,1.30761039257,-1.31718742847,0.0552712082863,0.253445535898,0.022308954969,-13.4666585922
1495533213354492894,1289,0,,-16.9370422363,-25.9506797791,0.0989708080888,-0.0141243999824,1.34007430077,-1.40566504002,0.0559864453971,0.034893963486,0.00392483687028,-13.5216560364
1495533213396123043,1290,0,,-17.0842590332,-25.942949295,0.0921833515167,-0.0124746607617,1.37153959274,-1.47320771217,0.0538255088031,-0.0678745657206,0.0164973977953,-13.5601539612
1495533213456153793,1291,0,,-16.7895393372,-26.1102848053,0.0876772403717,-0.011699790135,1.40308523178,-1.08279883862,0.179523840547,-0.0450611226261,0.00774870719761,-13.5923871994
1495533213556282516,1292,0,,-16.9078502655,-26.1009960175,0.115587800741,-0.0135125285015,1.43994832039,-1.17860782146,0.138685658574,0.279105603695,-0.0181273855269,-13.6430015564
1495533213662812755,1293,0,,-16.5604572296,-26.2286090851,0.115797810256,-0.00501502817497,1.47668337822,-1.15656065941,0.194369867444,0.00210004113615,0.0849750041962,-13.6483440399
1495533213751116651,1294,0,,-16.6686439514,-26.2249107361,0.11344217509,0.00607187161222,1.51000261307,-1.07032752037,0.16179792583,-0.0235563144088,0.110868997872,-13.6082572937
1495533213863596806,1295,0,,-16.3493232727,-26.3103981018,0.105947740376,0.00500466721132,1.54329454899,-0.545587360859,0.20947535336,-0.0749443843961,-0.0106720468029,-13.5938129425
1495533213966170537,1296,0,,-16.413192749,-26.305229187,0.119551874697,-0.00609430251643,1.57932221889,-0.619103074074,0.165232643485,0.136041373014,-0.110989697278,-13.6323308945
1495533214062306084,1297,0,,-16.0579433441,-26.344039917,0.124065823853,-0.018422473222,1.614792943,-0.506993234158,0.259678483009,0.0451395027339,-0.12328170985,-13.7226400375
1495533214168162003,1298,0,,-16.1305027008,-26.340171814,0.14500400424,-0.0256903078407,1.65037965775,-0.697488188744,0.20372903347,0.209381818771,-0.0726783499122,-13.8388328552
1495533214260801786,1299,0,,-15.8266477585,-26.3419418335,0.140483185649,-0.027098512277,1.6872253418,-1.02585208416,0.158430233598,-0.0452082045376,-0.0140820359811,-13.9604558945
1495533214329124862,1300,0,,-15.9462080002,-26.3625450134,0.122183181345,-0.026315594092,1.72355473042,-1.20591366291,0.132978513837,-0.183000072837,0.0078291837126,-14.0675992966
1495533214366632217,1301,0,,-16.0632190704,-26.3891830444,0.103057257831,-0.00849677342921,1.75990617275,-1.19473469257,0.112911768258,-0.191259235144,0.178188204765,-14.0547790527
1495533214393650663,1302,0,,-16.1729564667,-26.4201278687,0.0902947336435,0.00422401586547,1.79658544064,-1.13608551025,0.0963647738099,-0.127625256777,0.127207890153,-14.0043888092
1495533214470260823,1303,0,,-16.2250137329,-26.4334850311,0.0642212703824,0.0569196417928,1.8319311142,-0.528638482094,0.0968208760023,-0.26073461771,0.526956260204,-13.6428356171
1495533214565794205,1304,0,,-15.7691278458,-26.3663101196,0.0457133464515,0.077669031918,1.87186598778,0.372666925192,0.00687243510038,-0.185079261661,0.207493945956,-13.2823286057
1495533214660883531,1305,0,,-15.4077272415,-26.279417038,0.0615470521152,0.00593512132764,1.9116486311,0.370097845793,-0.0933697074652,0.158337071538,-0.717339158058,-13.3637523651
1495533214764038270,1306,0,,-15.389881134,-26.2757816315,0.0732443258166,-0.0287103764713,1.94937932491,0.170040622354,-0.0652586594224,0.116972766817,-0.346454977989,-13.4418010712
1495533214863174686,1307,0,,-15.0977258682,-26.1699905396,0.0774399116635,-0.0324732139707,1.98665308952,-0.364115267992,-0.000999240204692,0.0419558212161,-0.0376283600926,-13.5237560272
1495533214961144828,1308,0,,-15.1431331635,-26.2022342682,0.0853180885315,-0.0283779129386,2.02168488503,-0.556897461414,0.00457649631426,0.0787817761302,0.0409530028701,-13.6094350815
1495533215060509070,1309,0,,-14.8878355026,-26.0562343597,0.0542733743787,0.0460695885122,2.05790758133,-0.133534163237,0.165471062064,-0.310447126627,0.744475007057,-13.2530269623
1495533215167528332,1310,0,,-14.8666524887,-26.0166034698,0.0547449365258,0.0780095532537,2.09671068192,0.427642226219,0.138077497482,0.00471560237929,0.319399625063,-12.9028625488
1495533215262013465,1311,0,,-14.6044769287,-25.7966251373,0.0606107711792,0.0797943547368,2.13250589371,0.799767315388,-0.0248900391161,0.0586583651602,0.0178480371833,-12.5671329498
1495533215313798123,1312,0,,-14.5219888687,-25.6895809174,0.0314381867647,0.0751741304994,2.17281603813,1.35137403011,0.00644266558811,-0.291725844145,-0.0462022162974,-12.2302942276
1495533215367967789,1313,0,,-14.4568376541,-25.6011562347,0.057745616883,0.000964741688222,2.22116422653,1.09834516048,-0.00463236495852,0.263074278831,-0.742093920708,-12.3280096054
1495533215388147868,1314,0,,-14.4073181152,-25.5279216766,0.0929261893034,-0.0307615678757,2.25046992302,0.884039461613,-0.000896900193766,0.351805746555,-0.317263096571,-12.4391202927
1495533215463480426,1315,0,,-14.2679710388,-25.3491401672,0.0970964506269,-0.0330969020724,2.30827951431,0.769969761372,0.127138197422,0.0417025834322,-0.0233533289284,-12.5643672943
1495533215567351038,1316,0,,-14.2487039566,-25.2964172363,0.111265465617,-0.0288291405886,2.33673095703,0.552137553692,0.101143531501,0.141690149903,0.0426775999367,-12.6902275085
1495533215660785751,1317,0,,-14.1583166122,-25.1372737885,0.109107509255,-0.0266786012799,2.38493156433,0.55652153492,0.173404887319,-0.0215795431286,0.0215053949505,-12.8197603226
1495533215780343973,1318,0,,-14.1546773911,-25.100730896,0.119546025991,-0.0262254867703,2.41314864159,0.340874224901,0.136620298028,0.104385189712,0.00453115161508,-12.9457645416
1495533215860591537,1319,0,,-14.1449203491,-24.9499473572,0.117169447243,-0.0264294333756,2.46617007256,-0.231651440263,0.0272159632295,-0.0237657800317,-0.002039473271,-13.0732851028
1495533215978061225,1320,0,,-14.1655540466,-24.9877662659,0.0902780890465,-0.0263667628169,2.49368524551,-0.429564923048,0.0328270718455,-0.268913626671,0.000626699649729,-13.1856174469
1495533216066250790,1321,0,,-14.1739645004,-24.8890552521,0.0817310065031,-0.0259282756597,2.55270695686,-0.42469727993,0.169160783291,-0.0854707807302,0.00438487809151,-13.2789039612
1495533216178261964,1322,0,,-14.2073793411,-24.9426193237,0.115783937275,-0.0256406981498,2.58550548553,-0.618534743786,0.12639182806,0.340529292822,0.0028757667169,-13.3811626434
1495533216261724950,1323,0,,-14.2712450027,-24.8450012207,0.123324453831,-0.0259589627385,2.64260601997,-0.535925328732,0.232975766063,0.0754051655531,-0.00318264239468,-13.5021381378
1495533216331599126,1324,0,,-14.3097915649,-24.9093780518,0.138688415289,-0.0259497240186,2.67352581024,-0.727200269699,0.184928700328,0.153639554977,9.23914558371e-05,-13.6229600906
1495533216384156303,1325,0,,-14.3492879868,-24.9932975769,0.132597059011,-0.0259880516678,2.7344827652,-0.914424240589,0.155177041888,-0.0609135739505,-0.000383287173463,-13.7452821732
1495533216401240875,1326,0,,-14.3859624863,-25.0975322723,0.119402095675,-0.0258028376848,2.76671099663,-1.09749376774,0.128511786461,-0.131949558854,0.00185214972589,-13.8543767929
1495533216473905841,1327,0,,-14.4815187454,-24.9872817993,0.110648773611,-0.0255508441478,2.82550764084,-0.635643780231,0.0057389093563,-0.0875332430005,0.00251992908306,-13.9521007538
1495533216572782033,1328,0,,-14.495267868,-25.0686416626,0.0854852423072,-0.0258039459586,2.85813975334,-0.824995219707,0.015206951648,-0.251635342836,-0.0025310034398,-14.036907196
1495533216681932785,1329,0,,-14.554312706,-24.9278278351,0.0805119201541,-0.0256260409951,2.85847973824,-0.844407379627,0.120664060116,-0.0497331731021,0.00177903356962,-14.1064062119
1495533216774314644,1330,0,,-14.5768756866,-25.0286521912,0.10886733979,-0.025457194075,2.96427822113,-1.0290697813,0.0921666845679,0.283554166555,0.00168848223984,-14.1851558685
1495533216872540683,1331,0,,-14.6762685776,-24.9096870422,0.11595544219,-0.0256930422038,3.03399443626,-1.01992595196,-0.0367454141378,0.0708810016513,-0.0023584945593,-14.2795600891
1495533216982245415,1332,0,,-14.6718683243,-25.0296859741,0.0829368978739,-0.0258994493634,3.07952737808,-1.20075690746,-0.011290688999,-0.330185383558,-0.00206406647339,-14.3594875336
1495533217070951599,1333,0,,-14.7900562286,-24.922203064,0.0731420516968,-0.0254398789257,3.14544796944,-0.703903615475,0.00820300076157,-0.0979485064745,0.00459570484236,-14.4160003662
1495533217175473689,1334,0,,-14.7795982361,-25.0107688904,0.0836902856827,-0.0254875384271,3.19612932205,-0.891770780087,0.00855372473598,0.105482369661,-0.000476592918858,-14.4752388
1495533217282242432,1335,0,,-14.8752574921,-24.8824501038,0.0913132727146,-0.0256583523005,3.26782846451,-1.0009291172,0.0953035354614,0.0762298181653,-0.00170814536978,-14.5424337387
1495533217301851771,1336,0,,-14.855342865,-24.9992370605,0.109660424292,-0.0255965534598,3.32826590538,-1.18211388588,0.0787803903222,0.183471560478,0.000617995101493,-14.615945816
1495533217385133870,1337,0,,-14.8237466812,-25.1316623688,0.111290030181,-0.0256354045123,3.40401339531,-1.35945475101,0.0729770809412,0.0162960421294,-0.000388510292396,-14.6962108612
1495533217393102550,1338,0,,-14.7764968872,-25.277633667,0.105211928487,-0.0255034528673,3.47439312935,-1.53285622597,0.0661941841245,-0.0607809945941,0.00131952296942,-14.7700986862
1495533217472878200,1339,0,,-14.9006977081,-25.1303806305,0.101010866463,-0.0252916980535,3.56265449524,-1.42773354053,0.134502872825,-0.0420105978847,0.0021175337024,-14.8373327255
1495533217576264182,1340,0,,-14.8332500458,-25.2758369446,0.115852229297,-0.0251748468727,3.64229416847,-1.59972822666,0.107369020581,0.148413553834,0.0011685101781,-14.906580925
1495533217681349472,1341,0,,-14.9781103134,-25.1503677368,0.117568381131,-0.0252919588238,3.72206687927,-1.2101995945,0.175437912345,0.017161551863,-0.00117110903375,-14.9829082489
1495533217772540745,1342,0,,-14.9060220718,-25.269695282,0.128250688314,-0.0253983270377,3.79920053482,-1.38689637184,0.141842350364,0.106823131442,-0.00106368237175,-15.0590763092
1495533217890297199,1343,0,,-15.0304050446,-25.1354560852,0.125105127692,-0.0254891011864,3.87088680267,-1.03643739223,0.182000860572,-0.0314557142556,-0.00090774387354,-15.1374120712
1495533217975805769,1344,0,,-15.1385316849,-25.0124568939,0.129204183817,-0.02553380467,3.97092318535,-0.826562702656,0.203794553876,0.0409906581044,-0.000447029946372,-15.2116355896
1495533218096458126,1345,0,,-15.22976017,-24.9137077332,0.136638849974,-0.0256708860397,4.08232545853,-0.694768249989,0.204773396254,0.0743466392159,-0.00137081940193,-15.2890110016
1495533218181124057,1346,0,,-15.1661777496,-24.9772129059,0.138770371675,-0.0258404109627,4.18899965286,-0.882693350315,0.168565019965,0.0213151536882,-0.00169524038211,-15.3681755066
1495533218300228312,1347,0,,-15.2864723206,-24.8808422089,0.129877090454,-0.0258294567466,4.29162454605,-0.729593276978,0.160168260336,-0.088932774961,0.000109525833977,-15.4421882629
1495533218306104755,1348,0,,-15.2072086334,-24.9287528992,0.124039955437,-0.0257698502392,4.38556146622,-0.916736602783,0.131957188249,-0.0583713501692,0.000596073048655,-15.5074892044
1495533218388290975,1349,0,,-15.1059751511,-24.9731445312,0.118698947132,-0.0256756395102,4.48422050476,-1.09981191158,0.110831141472,-0.0534100569785,0.000942102109548,-15.5678844452
1495533218392173524,1350,0,,-14.9832191467,-25.0102386475,0.114083126187,-0.0255565196276,4.59014749527,-1.27890634537,0.0944761037827,-0.0461582578719,0.00119121116586,-15.6234722137
1495533218493682590,1351,0,,-15.1079845428,-24.8633975983,0.110597647727,-0.0254335030913,4.70147275925,-0.916051030159,0.0874319374561,-0.0348547510803,0.00123016047291,-15.675031662
1495533218594273940,1352,0,,-14.9981660843,-24.872385025,0.109264962375,-0.025561561808,4.82735681534,-1.09922587872,0.07613055408,-0.0133268497884,-0.00128059054259,-15.7238540649
1495533218688293371,1353,0,,-15.1432695389,-24.7289161682,0.109769664705,-0.0105477133766,4.9756860733,-0.722306013107,0.0624798461795,0.00504703773186,0.150138482451,-15.7697086334
1495533218795111143,1354,0,,-15.0690374374,-24.7158641815,0.103897705674,-0.00423488114029,5.13349580765,-0.751389801502,0.0590699724853,-0.0587196052074,0.0631283223629,-15.8159179688
1495533218892939717,1355,0,,-15.2200536728,-24.5798873901,0.0992433279753,-0.0187786910683,5.27833271027,-0.634689450264,0.0418864861131,-0.046543829143,-0.145438104868,-15.8575963974
1495533218994948774,1356,0,,-15.1619338989,-24.5491008759,0.102300897241,-0.0110861239955,5.4169626236,-0.656502366066,0.0396829396486,0.0305757075548,0.0769256725907,-15.8925333023
1495533219095318316,1357,0,,-15.3151712418,-24.4355068207,0.0985170975327,-0.0205695591867,5.56270837784,-0.578457951546,0.0232873447239,-0.0378380119801,-0.0948343575001,-15.932557106
1495533219191274930,1358,0,,-15.2610807419,-24.3809680939,0.0960997566581,-0.0258644297719,5.72309684753,-0.767657577991,0.0269085671753,-0.0241733957082,-0.0529486909509,-15.9655838013
1495533219294776079,1359,0,,-15.4105672836,-24.2741012573,0.0971407145262,-0.0265839714557,5.90962600708,-0.690510809422,0.013617195189,0.010409578681,-0.00719541590661,-15.9975204468
1495533219307523233,1360,0,,-15.3740100861,-24.1942272186,0.0950072556734,-0.0261481925845,6.11002826691,-0.878176450729,0.020674418658,-0.0213345997036,0.00435778684914,-16.0293369293
1495533219389607762,1361,0,,-15.3496217728,-24.0908260345,0.0952133983374,-0.025723144412,0.0904951989651,-1.06210446358,0.0247867293656,0.00206145807169,0.00425047753379,-16.0592823029
1495533219392828563,1362,0,,-15.3533000946,-23.9666385651,0.0968894436955,-0.0255299657583,0.190723955631,-1.24209570885,0.0282483007759,0.0167604554445,0.00193178129848,-16.0894927979
1495533219492368596,1363,0,,-15.5725317001,-23.8648109436,0.098337970674,-0.0254413485527,0.341184198856,-1.0225520134,-3.24920038111e-05,0.0144852744415,0.000886173336767,-16.1201972961
1495533219595014892,1364,0,,-15.6066846848,-23.7494125366,0.0924785062671,-0.0255742948502,0.493514418602,-1.20340061188,0.0112754628062,-0.0585946403444,-0.00132945273072,-16.1486625671
1495533219694168838,1365,0,,-15.8175983429,-23.6986103058,0.0922107324004,-0.0254763644189,0.63528418541,-1.05037236214,-0.0159958768636,-0.00267775543034,0.000979297561571,-16.1730060577
1495533219795906004,1366,0,,-15.8858613968,-23.5962181091,0.0881797447801,-0.0255447812378,0.759382963181,-1.23059928417,-0.0019300240092,-0.04030989483,-0.000684165628627,-16.1963100433
1495533219889840997,1367,0,,-16.0729084015,-23.5989170074,0.0918788984418,-0.0104264905676,0.865766167641,-0.9519135952,-0.00678945053369,0.0369915291667,0.15118290484,-16.2164325714
1495533219993950815,1368,0,,-16.1553249359,-23.5199661255,0.0877700299025,-0.0190917029977,0.974923491478,-1.14128315449,0.006274653133,-0.0410886518657,-0.086652122438,-16.241985321
1495533220093436090,1369,0,,-16.3236083984,-23.5506420135,0.0920946598053,-0.0250203143805,1.09694468975,-1.02603375912,-0.000281967339106,0.0432463139296,-0.0592861250043,-16.2621517181
1495533220191540883,1370,0,,-16.4270038605,-23.4886741638,0.0939961895347,-0.0263695679605,1.09852969646,-1.20538139343,0.0100699793547,0.0190152656287,-0.0134925283492,-16.285150528
1495533220295090436,1371,0,,-16.5693035126,-23.5301990509,0.095156878233,-0.0259340349585,1.35661971569,-1.09437775612,0.00583681557328,0.0116068674251,0.00435532489792,-16.3085613251
1495533220311597144,1372,0,,-16.6914215088,-23.4939994812,0.0938873440027,-0.0255944430828,1.47433900833,-1.27362656593,0.0148477042094,-0.0126952948049,0.00339593109675,-16.3314666748
1495533220380773747,1373,0,,-16.8316936493,-23.4692630768,0.0939566046,-0.0231549814343,1.58901298046,-1.42420220375,0.021282447502,0.000692620815244,0.0243946164846,-16.3394241333
1495533220395215107,1374,0,,-16.9884567261,-23.4594554901,0.0951420515776,-0.0218951571733,1.70865285397,-1.57046329975,0.0263753421605,0.0118544157594,0.012598243542,-16.3471164703
1495533220490552652,1375,0,,-17.0848369598,-23.5930328369,0.0924862399697,-0.0123094581068,1.80943858624,-1.25635945797,0.0297870524228,-0.0265580676496,0.0958569869399,-16.2979049683
1495533220596269937,1376,0,,-17.2182655334,-23.6141719818,0.0912302881479,-0.0123955896124,1.89304208755,-1.35049438477,0.0337179303169,-0.0125595666468,-0.000861314183567,-16.273431778
1495533220693460578,1377,0,,-17.2696495056,-23.7513046265,0.0958447381854,-0.0185534153134,1.99312973022,-1.1361386776,0.0338794179261,0.0461445637047,-0.0615782663226,-16.2780075073
1495533220796165817,1378,0,,-17.3877353668,-23.7925853729,0.0984258577228,-0.0187400523573,2.08645439148,-1.25036108494,0.0374461300671,0.0258111543953,-0.00186637276784,-16.2689113617
1495533220896166874,1379,0,,-17.3985519409,-23.9197425842,0.0974930077791,-0.016874730587,2.08770799637,-1.0476911068,0.0420954525471,-0.00932849757373,0.0186532195657,-16.2552909851
1495533220996769539,1380,0,,-17.5004997253,-23.9660167694,0.0952268242836,-0.0127345565706,2.28262877464,-1.11870276928,0.0442875958979,-0.0226618163288,0.0414017513394,-16.2204589844
1495533221094316996,1381,0,,-17.4699306488,-24.0827465057,0.0913392528892,-0.00481511000544,2.38039827347,-0.900236487389,0.0564613603055,-0.038875695318,0.0791944637895,-16.1465015411
1495533221197188043,1382,0,,-17.5290412903,-24.1330623627,0.0859642773867,0.0100752441213,2.46912026405,-0.774058580399,0.0584032535553,-0.0537497997284,0.148903533816,-15.9988765717
1495533221270335052,1383,0,,-17.457824707,-24.217256546,0.0825811028481,0.0150788575411,2.47048544884,-0.559112548828,0.0753427669406,-0.0338317342103,0.0500361286104,-15.8550357819
1495533221294698626,1384,0,,-17.4939098358,-24.2513256073,0.0888496339321,0.0107388906181,2.6226580143,-0.491418510675,0.0691502541304,0.0626852810383,-0.0433996617794,-15.7402791977
1495533221355250737,1385,0,,-17.5243759155,-24.2918186188,0.0958809480071,0.000657710246742,2.69998621941,-0.502523481846,0.0652761310339,0.0703131482005,-0.100811801851,-15.6771621704
1495533221393062879,1386,0,,-17.5500621796,-24.3322563171,0.0961427986622,0.000108768115751,2.78743505478,-0.474688649178,0.0646268054843,0.00261850119568,-0.00548942154273,-15.5976371765
1495533221496004883,1387,0,,-17.3884277344,-24.3850193024,0.0968076661229,-0.00827538501471,2.8772315979,-0.459973424673,0.0913121625781,0.00664874305949,-0.0838415324688,-15.5790052414
1495533221594208083,1388,0,,-17.4124317169,-24.4464054108,0.109338074923,-0.0222800243646,2.97115969658,-0.65465503931,0.076609313488,0.125304087996,-0.140046387911,-15.6268281937
1495533221694325630,1389,0,,-17.2740440369,-24.5015640259,0.113420829177,-0.0270956363529,2.97233390808,-0.66679251194,0.114039219916,0.040827523917,-0.0481561161578,-15.6792449951
1495533221798352409,1390,0,,-17.2864360809,-24.5058841705,0.0856150537729,0.0451265349984,3.15839004517,-0.0585760772228,0.117440760136,-0.278057783842,0.72222173214,-15.2875413895
1495533221895802368,1391,0,,-17.164768219,-24.4327831268,0.0574457086623,0.0704222023487,3.27337956429,0.302447527647,0.147461086512,-0.281693428755,0.252956688404,-14.9371461868
1495533222002704652,1392,0,,-17.1909580231,-24.3749275208,0.0710455402732,0.055381372571,3.37634849548,0.623639822006,0.120029941201,0.135998278856,-0.150408327579,-14.6765365601
1495533222096392893,1393,0,,-17.0991783142,-24.3000259399,0.0987420156598,0.0165725462139,3.48356342316,0.493059694767,0.130337968469,0.276964783669,-0.388088256121,-14.6057882309
1495533222194475058,1394,0,,-17.1210460663,-24.2794456482,0.125241845846,-0.0206843875349,3.58394408226,0.27978554368,0.109081596136,0.264998286963,-0.372569322586,-14.6879682541
1495533222272637302,1395,0,,-17.0244579315,-24.2442874908,0.126523211598,-0.0308390948921,3.6807551384,0.113207690418,0.156143561006,0.0128137487918,-0.101547084749,-14.7743549347
1495533222302822917,1396,0,,-17.029756546,-24.2590484619,0.126134693623,-0.0291827432811,3.78078722954,-0.0887863561511,0.129271313548,-0.00388522865251,0.0165635216981,-14.8567018509
1495533222344024381,1397,0,,-17.074054718,-24.2314167023,0.0855027213693,0.0452422499657,3.88070940971,0.505584716797,0.130259856582,-0.406319767237,0.744249939919,-14.4904222488
1495533222403239662,1398,0,,-17.163816452,-24.175113678,0.0504788458347,0.0773427784443,3.97836565971,1.05290853977,0.118687495589,-0.350238710642,0.321005314589,-14.1158428192
1495533222501225938,1399,0,,-17.1603031158,-24.0688095093,0.0483868196607,0.0795588493347,4.07237005234,1.30718052387,0.159272000194,-0.0209202691913,0.0221606697887,-13.7372140884
1495533222604085801,1400,0,,-17.3353691101,-24.0081653595,0.0700839459896,0.0752886086702,4.16818857193,1.84772121906,0.135989934206,0.216971248388,-0.0427024289966,-13.3772058487
1495533222702807719,1401,0,,-17.3867340088,-23.9217758179,0.0757532343268,0.0705063864589,4.27489995956,1.63829493523,0.206370145082,0.0566928945482,-0.047822162509,-13.0511951447
1495533222801828341,1402,0,,-17.525270462,-23.91198349,0.1176327914,-0.000667515792884,4.38883924484,1.3799687624,0.156491726637,0.418795585632,-0.711739063263,-13.167889595
1495533222901235044,1403,0,,-17.456741333,-23.866191864,0.139183074236,-0.0310791190714,4.49507141113,0.89862293005,0.0216297581792,0.215502843261,-0.304116010666,-13.2956953049
1495533222999093789,1404,0,,-17.5251369476,-23.8707180023,0.103829666972,-0.0331239961088,4.59672355652,0.684453248978,0.0370406880975,-0.353534072638,-0.0204487685114,-13.4145812988
1495533223103583817,1405,0,,-17.4526882172,-23.8063488007,0.0827042013407,-0.0286655426025,4.69673204422,0.388401597738,-0.0845414623618,-0.211254686117,0.044584531337,-13.5047092438
1495533223205769579,1406,0,,-17.471124649,-23.8040370941,0.0584703423083,-0.0263848677278,4.79948711395,0.176269114017,-0.0587536506355,-0.242338582873,0.0228067394346,-13.5808897018
1495533223301294227,1407,0,,-17.3664779663,-23.7169895172,0.0611607953906,-0.0258113257587,4.90833806992,-0.0653210729361,0.0780448392034,0.0269045028836,0.00573542714119,-13.6470937729
1495533223314101232,1408,0,,-17.3395824432,-23.7121067047,0.0991994962096,-0.0258030742407,5.01979064941,-0.267101228237,0.0581142939627,0.380387037992,8.25044189696e-05,-13.7293395996
1495533223381304890,1409,0,,-17.295923233,-23.6952095032,0.109680533409,-0.0262155011296,5.12547969818,-0.464447319508,0.0587094239891,0.104810364544,-0.0041242679581,-13.8318357468
1495533223404659677,1410,0,,-17.2381954193,-23.6632843018,0.102471210063,-0.026209352538,5.24172210693,-0.657250344753,0.056608248502,-0.0720932856202,6.14907185081e-05,-13.9281215668
1495533223504620992,1411,0,,-17.1598358154,-23.5355758667,0.0960741117597,-0.0259189642966,5.34828853607,-0.881861507893,0.125317469239,-0.0639709681273,0.00290387589484,-14.0143852234
1495533223599484380,1412,0,,-17.0782680511,-23.4662857056,0.110513776541,-0.0255770199001,5.45836210251,-1.06569099426,0.0987522602081,0.144396692514,0.00341944140382,-14.1011180878
1495533223704783526,1413,0,,-17.0095291138,-23.3193454742,0.112883895636,-0.025609979406,5.56373119354,-0.913406550884,0.195460423827,0.0237011685967,-0.000329586444423,-14.194893837
1495533223802834471,1414,0,,-16.9366664886,-23.2359485626,0.130095899105,-0.0255800392479,5.66031885147,-1.09654605389,0.154923006892,0.172120019794,0.000299396953778,-14.2905702591
1495533223901010086,1415,0,,-16.9526443481,-23.0961303711,0.127921536565,-0.025697119534,5.76716947556,-0.709434211254,0.186167836189,-0.021743690595,-0.00117080367636,-14.3914775848
1495533224004697922,1416,0,,-16.9042873383,-23.0190849304,0.128559455276,-0.025776727125,5.87129974365,-0.897019445896,0.150915771723,0.00637931097299,-0.000796079752035,-14.4859256744
1495533224104559085,1417,0,,-17.0003242493,-22.9087047577,0.122308343649,-0.0257644318044,5.96353673935,-0.810137212276,0.00299769709818,-0.0625112056732,0.000122953599202,-14.5765762329
1495533224201403592,1418,0,,-16.9775619507,-22.8117675781,0.0885073319077,-0.0258883312345,6.0314617157,-0.995582282543,0.0166554879397,-0.338010072708,-0.001238982426,-14.6505632401
1495533224318103559,1419,0,,-17.0828647614,-22.7229290009,0.0800833627582,-0.0255070514977,6.08645248413,-0.923654854298,-0.0742511600256,-0.0842396914959,0.00381278852001,-14.7035961151
1495533224330386896,1420,0,,-17.0765609741,-22.612329483,0.0680902525783,-0.0255535133183,6.14235591888,-1.10671651363,-0.049053106457,-0.119931079447,-0.000464615091914,-14.7528848648
1495533224396107752,1421,0,,-17.0735836029,-22.4837551117,0.0714850276709,-0.0254325792193,6.14303731918,-1.28561842442,-0.0341991260648,0.0339477173984,0.00120935158338,-14.7972335815
1495533224405774552,1422,0,,-17.0676803589,-22.3377914429,0.0798510089517,-0.025373397395,6.22793340683,-1.46069550514,-0.0199050717056,0.0836597979069,0.000591803051066,-14.8469657898
1495533224501332795,1423,0,,-17.2490196228,-22.2831668854,0.085315130651,-0.0253401063383,0.0751260817051,-1.25039660931,-0.0783810168505,0.0546412505209,0.000332923722453,-14.900888443
1495533224602569549,1424,0,,-17.2752246857,-22.1428833008,0.0726284310222,-0.0255144964904,0.0263481792063,-1.42628312111,-0.0482624396682,-0.126866966486,-0.00174390489701,-14.9506645203
1495533224706189150,1425,0,,-17.4325046539,-22.1244735718,0.0724144205451,-0.0253098085523,0.0674398615956,-1.23244142532,-0.0711061730981,-0.00214016833343,0.00204687239602,-14.991601944
1495533224801104432,1426,0,,-17.4560985565,-21.9855117798,0.0714957118034,-0.025376489386,0.11328497529,-1.40873765945,-0.0468947887421,-0.00918702315539,-0.000666800304316,-15.0333032608
1495533224903810023,1427,0,,-17.5943450928,-21.9964942932,0.0764969140291,-0.02531722188,0.165314227343,-1.25149071217,-0.0718558356166,0.0500119626522,0.000592664990108,-15.0750761032
1495533225016625627,1428,0,,-17.6305389404,-21.8583507538,0.0735815912485,-0.0254420954734,0.199055701494,-1.42734646797,-0.0455334559083,-0.029153207317,-0.00124873477034,-15.1175642014
1495533225101025952,1429,0,,-17.7529659271,-21.8848876953,0.0765907391906,-0.0253332592547,0.239166632295,-1.25950229168,-0.0563580729067,0.0300915110856,0.0010883579962,-15.1575460434
1495533225214812139,1430,0,,-17.7973365784,-21.7483558655,0.0764726102352,-0.0254050996155,0.280672848225,-1.43518280983,-0.0346230603755,-0.00118133146316,-0.000718386378139,-15.1985378265
1495533225319226538,1431,0,,-17.9571533203,-21.7968139648,0.0802442952991,-0.0253276713192,0.318452507257,-1.26819181442,-0.0429925061762,0.0377168506384,0.000774270505644,-15.2390899658
1495533225335200987,1432,0,,-18.0104122162,-21.6626091003,0.0800909250975,-0.0254112035036,0.350161939859,-1.44367742538,-0.0239542145282,-0.00153370795306,-0.000835313752759,-15.2805261612
1495533225396504589,1433,0,,-18.0726604462,-21.5135555267,0.0830377414823,-0.0253327134997,0.379053384066,-1.61524879932,-0.010922677815,0.0294681638479,0.000784897594713,-15.3210954666
1495533225411137178,1434,0,,-18.1443328857,-21.3502826691,0.087118819356,-0.0252229142934,0.410704165697,-1.78312563896,-0.000253411213635,0.0408108122647,0.00109798519406,-15.3634967804
1495533225513227671,1435,0,,-18.2864017487,-21.4645862579,0.090201318264,-0.0251247622073,0.437449634075,-1.45739507675,-0.0107939345762,0.0308250039816,0.000981521443464,-15.4073982239
1495533225613657204,1436,0,,-18.359041214,-21.3188018799,0.0880147367716,-0.025273501873,0.464216649532,-1.62878906727,0.00154680805281,-0.0218658577651,-0.00148739363067,-15.4503583908
1495533225714352130,1437,0,,-18.4685001373,-21.4504756927,0.0889682397246,-0.0252178478986,0.489282101393,-1.37530148029,-0.00686491141096,0.00953501928598,0.000556544808205,-15.4908218384
1495533225811682104,1438,0,,-18.5433559418,-21.3149242401,0.0883152335882,-0.0253196079284,0.51874601841,-1.54845535755,0.00376853137277,-0.00653003947809,-0.00101759925019,-15.5309276581
1495533225917937867,1439,0,,-18.6286487579,-21.4565124512,0.0901632606983,-0.0252664349973,0.549813270569,-1.33036208153,-0.00285805668682,0.0184802934527,0.000531732745003,-15.5700654984
1495533226018203480,1440,0,,-18.7079200745,-21.3286399841,0.0897713005543,-0.025359492749,0.576765477657,-1.50449049473,0.00713942619041,-0.00391960889101,-0.000930577050894,-15.6091537476
1495533226109967384,1441,0,,-18.7743415833,-21.4769649506,0.0913032591343,-0.0253004860133,0.595960736275,-1.3013368845,0.00233488040976,0.0153195755556,0.000590065086726,-15.6471805573
1495533226217226485,1442,0,,-18.8565540314,-21.3543643951,0.0910865515471,-0.0253784712404,0.627526640892,-1.4760941267,0.011137066409,-0.0021670863498,-0.000779849477112,-15.6850376129
1495533226305647505,1443,0,,-18.9064006805,-21.5003395081,0.0925283432007,-0.0253185983747,0.658586859703,-1.27161860466,0.00925159081817,0.0144179277122,0.000598713580985,-15.7219810486
1495533226315032635,1444,0,,-18.9930706024,-21.3844528198,0.0928377136588,-0.0253938175738,0.702379584312,-1.44702196121,0.016439056024,0.00309368618764,-0.000752194377128,-15.7588758469
1495533226384310931,1445,0,,-19.0948982239,-21.2586269379,0.0941731184721,-0.02534070611,0.724084615707,-1.61853051186,0.0215114075691,0.0133540872484,0.000531126395799,-15.795132637
1495533226411931201,1446,0,,-19.2096252441,-21.1216812134,0.0957736074924,-0.0252326633781,0.769013404846,-1.78632891178,0.0256873760372,0.0160048864782,0.00108042813372,-15.8316144943
1495533226515566589,1447,0,,-19.2300281525,-21.3322620392,0.0950157418847,-0.0208162143826,0.796449303627,-1.43869960308,0.017375567928,-0.00757865840569,0.04416449368,-15.8415594101
1495533226611027891,1448,0,,-19.3413524628,-21.2164421082,0.09308847785,-0.0228194277734,0.833172738552,-1.60629963875,0.0229639802128,-0.0192726664245,-0.0200321357697,-15.8733873367
1495533226713072010,1449,0,,-19.3450775146,-21.4236106873,0.0952139422297,-0.0248317308724,0.86263692379,-1.34822595119,0.0187118519098,0.0212546754628,-0.0201230384409,-15.9067144394
1495533226816740781,1450,0,,-19.4536476135,-21.3232688904,0.0942655578256,-0.0216185078025,0.899113714695,-1.47815954685,0.025154998526,-0.00948383193463,0.0321322269738,-15.9164438248
1495533226914284820,1451,0,,-19.4372291565,-21.525604248,0.0918421372771,-0.0160827543586,0.950398683548,-1.19787812233,0.0248123556376,-0.0242342595011,0.0553575493395,-15.9025697708
1495533227011294291,1452,0,,-19.5374279022,-21.4477138519,0.0891169160604,-0.012050319463,0.999510288239,-1.26875281334,0.0301446449012,-0.0272521991283,0.0403243415058,-15.8742866516
1495533227114592900,1453,0,,-19.5013999939,-21.6580944061,0.0880222544074,-0.00755423540249,1.04696035385,-1.09942770004,0.0235406197608,-0.0109466342255,0.0449608452618,-15.8241262436
1495533227213517282,1454,0,,-19.6005516052,-21.596326828,0.0877213925123,-0.00931992102414,1.09056854248,-1.16782128811,0.0288790781051,-0.00300860940479,-0.0176568571478,-15.793554306
1495533227312479798,1455,0,,-19.5581798553,-21.7945137024,0.0898122787476,-0.0101858181879,1.14733755589,-0.982647418976,0.0280509889126,0.020908864215,-0.00865897070616,-15.7602510452
1495533227325547243,1456,0,,-19.6520423889,-21.7483444214,0.0904242992401,-0.0103980591521,1.19803535938,-1.04550087452,0.0329875387251,0.00612022867426,-0.0021224101074,-15.7291698456
1495533227391116333,1457,0,,-19.7504501343,-21.7061920166,0.0893731489778,-0.00694747176021,1.24875533581,-1.06991255283,0.0373770482838,-0.0105114877224,0.0345058739185,-15.6782569885
1495533227414598717,1458,0,,-19.8533935547,-21.6685237885,0.0886727422476,-0.00539133232087,1.29963874817,-1.09544026852,0.0401951037347,-0.00700407568365,0.0155613943934,-15.6284866333
1495533227530604950,1459,0,,-19.7532596588,-21.9133586884,0.0864819064736,0.000938490673434,1.34494102001,-0.824511528015,0.0427553206682,-0.0219083782285,0.0632982254028,-15.54180336
1495533227637759219,1460,0,,-19.832151413,-21.8926448822,0.0857968106866,0.00108522444498,1.38968336582,-0.81443554163,0.0445449948311,-0.00685096392408,0.00146733771544,-15.470749855
1495533227729434565,1461,0,,-19.7227230072,-22.1154670715,0.0871698260307,0.000344544590916,1.43299746513,-0.685602664948,0.0490506328642,0.0137301757932,-0.00740679865703,-15.4001970291
1495533227831073535,1462,0,,-19.796918869,-22.1028900146,0.0920358151197,-0.00699799088761,1.47759401798,-0.751036286354,0.0476501248777,0.0486598648131,-0.0734253525734,-15.375459671
1495533227922048653,1463,0,,-19.6419773102,-22.2961349487,0.0934411138296,-0.00689515843987,1.5218603611,-0.716650485992,0.0602067038417,0.0140529759228,0.00102832517587,-15.3335485458
1495533228041677275,1464,0,,-19.7088108063,-22.2899398804,0.0907979980111,0.00122368405573,1.5666809082,-0.668530762196,0.0598069280386,-0.0264311470091,0.0811884254217,-15.2508602142
1495533228131103448,1465,0,,-19.5521755219,-22.4513263702,0.0841935947537,0.0109085859731,1.61367917061,-0.548247277737,0.074995033443,-0.0660440176725,0.0968490168452,-15.1309185028
1495533228224799302,1466,0,,-19.5742015839,-22.446521759,0.0745833069086,0.0346299409866,1.66107225418,-0.212544098496,0.075200766325,-0.0961029082537,0.237213537097,-14.8837947845
1495533228329513527,1467,0,,-19.3778572083,-22.5702533722,0.0651429444551,0.0489122867584,1.70624601841,-0.0143834687769,0.0968376472592,-0.0944036319852,0.142823472619,-14.6059207916
1495533228345580446,1468,0,,-19.3445663452,-22.5517024994,0.0677040293813,0.0521351732314,1.75028753281,0.370620757341,0.0887264236808,0.0256109219044,0.0322288535535,-14.3285045624
1495533228395472965,1469,0,,-19.2765312195,-22.5182418823,0.0702445954084,0.0514136478305,1.79219460487,0.753381669521,0.0852400436997,0.0254056565464,-0.00721524609253,-14.0588121414
1495533228433262125,1470,0,,-19.1764411926,-22.4653759003,0.0695783346891,0.0504005514085,1.83451330662,1.12889778614,0.0829919874668,-0.00666266027838,-0.0101309707388,-13.7962675095
1495533228530709994,1471,0,,-18.9181728363,-22.5146541595,0.0628311112523,0.0600201971829,1.87672269344,0.988012671471,0.118991829455,-0.0674721971154,0.0961964577436,-13.4765348434
1495533228627943306,1472,0,,-18.7940616608,-22.4231948853,0.0615981481969,0.0710616335273,1.9187694788,1.53783321381,0.108972854912,-0.0123296398669,0.110414385796,-13.1238384247
1495533228729932324,1473,0,,-18.5213775635,-22.4093074799,0.0587381869555,0.0740482807159,1.95877933502,1.33975553513,0.154785841703,-0.0285996049643,0.029866470024,-12.7809677124
1495533228826481194,1474,0,,-18.3880500793,-22.276008606,0.0675797462463,0.0737896189094,1.99651408195,1.88054597378,0.134321510792,0.08841560781,-0.00258659292012,-12.4479341507
1495533228935445540,1475,0,,-18.1742534637,-22.2105121613,0.0672052949667,0.0728212669492,2.03328633308,2.09298849106,0.119958907366,-0.00374451954849,-0.00968357920647,-12.1280612946
1495533229035206481,1476,0,,-18.011713028,-22.0086154938,0.0617268197238,0.0697527080774,2.07173156738,2.58958745003,0.110262081027,-0.0547847673297,-0.030685544014,-11.8286266327
1495533229124377312,1477,0,,-17.8386497498,-21.8836460114,0.0590480864048,0.0646424368024,2.11272311211,2.29794716835,0.211939513683,-0.0267873294652,-0.0511027052999,-11.5554199219
1495533229234596988,1478,0,,-17.7320346832,-21.7106151581,0.11118607223,-0.00253554596566,2.15472221375,2.02654671669,0.154247522354,0.521379828453,-0.671779870987,-11.7011060715
1495533229300624589,1479,0,,-17.6716861725,-21.6685085297,0.136859714985,-0.0313264913857,2.19584083557,1.04689705372,0.187684640288,0.256736516953,-0.287909448147,-11.8659944534
1495533229327812476,1480,0,,-17.6394767761,-21.5905170441,0.135894700885,-0.032849971205,2.19616484642,0.829174101353,0.156497880816,-0.00965022109449,-0.015234795399,-12.0324220657
1495533229378526673,1481,0,,-17.6161632538,-21.5326957703,0.117604508996,-0.0288211908191,2.27670621872,0.609742283821,0.129985034466,-0.182901874185,0.0402878038585,-12.1866254807
1495533229451578285,1482,0,,-17.6683578491,-21.5213432312,0.071435905993,0.0454818718135,2.31686782837,1.10137915611,0.00785202067345,-0.461686074734,0.743030667305,-11.879240036
1495533229523103511,1483,0,,-17.6061687469,-21.3725070953,0.0152068138123,0.074969522655,2.36231017113,1.61288940907,0.0240166466683,-0.562290906906,0.294876486063,-11.5674448013
1495533229654977193,1484,0,,-17.6532306671,-21.3329658508,0.0448782369494,0.00632705772296,2.40303397179,0.612057387829,0.00854201801121,0.296714216471,-0.686424612999,-11.6717815399
1495533229742741496,1485,0,,-17.6399993896,-21.2945899963,0.0925153195858,-0.0281287059188,2.45918464661,0.40587374568,0.0062545593828,0.476370811462,-0.344557642937,-11.7969636917
1495533229856291479,1486,0,,-17.7196731567,-21.3193035126,0.100841090083,-0.0326372124255,2.49279093742,-0.00351495970972,0.14375628531,0.0832577198744,-0.0450850725174,-11.9419260025
1495533229944683586,1487,0,,-17.7364082336,-21.3356342316,0.114990718663,-0.0287150703371,2.5555126667,-0.203973904252,0.114320874214,0.141496285796,0.0392214171588,-12.0868558884
1495533230049820558,1488,0,,-17.8740215302,-21.3748512268,0.110620327294,-0.0263656564057,2.58519601822,-0.646256029606,0.0416095815599,-0.0437038727105,0.0234941486269,-12.2337017059
1495533230142999659,1489,0,,-17.8964328766,-21.4554672241,0.0894514024258,-0.0257121622562,2.64485955238,-0.835730612278,0.0409989319742,-0.211689293385,0.00653493637219,-12.3651885986
1495533230245750921,1490,0,,-17.9173316956,-21.5554294586,0.0827733501792,-0.0254984181374,2.67849898338,-1.0207092762,0.0327660143375,-0.0667805448174,0.00213744561188,-12.4808444977
1495533230311564599,1491,0,,-18.0360774994,-21.6035575867,0.0853717774153,-0.0254710502923,2.73141765594,-1.09684944153,-0.085479773581,0.0259843319654,0.000273678917438,-12.594499588
1495533230342217307,1492,0,,-18.0445308685,-21.731004715,0.0638054683805,-0.0256586112082,2.73197770119,-1.27607905865,-0.0551855452359,-0.215663090348,-0.00187561218627,-12.7006292343
1495533230389797242,1493,0,,-18.0573940277,-21.8756160736,0.0611333064735,-0.0253749582916,2.7707760334,-1.45120561123,-0.042478967458,-0.0267216265202,0.00283652916551,-12.791595459
1495533230447108999,1494,0,,-18.206451416,-21.8808765411,0.0696887001395,-0.0252127312124,2.86859178543,-1.54453337193,-0.0402625314891,0.085553906858,0.00162227428518,-12.8853712082
1495533230543238121,1495,0,,-18.3127307892,-21.9057502747,0.0746886208653,-0.0252463128418,2.94073057175,-1.62437403202,-0.0347904786468,0.0499992594123,-0.000335815362632,-12.9831848145
1495533230646336568,1496,0,,-18.4376850128,-21.9232978821,0.0754745900631,-0.0252488162369,2.98466944695,-1.46312499046,-0.133293315768,0.00785963516682,-2.50454449997e-05,-13.0797967911
1495533230741028708,1497,0,,-18.5299263,-21.9321594238,0.0536107718945,-0.0254152901471,3.06109213829,-1.35604274273,-0.197860047221,-0.218638166785,-0.00166473106947,-13.1663417816
1495533230846670913,1498,0,,-18.4926128387,-22.0642147064,0.0333534777164,-0.0103492382914,3.11154174805,-1.36424231529,-0.148173689842,-0.202572926879,0.150660514832,-13.2309465408
1495533230940373192,1499,0,,-18.5642776489,-22.0344142914,0.0369454808533,-0.0186598338187,3.18629741669,-1.11604070663,-0.206864401698,0.0359200276434,-0.0831059589982,-13.2930898666
1495533231041762830,1500,0,,-18.5137691498,-22.1545543671,0.0366463214159,-0.024926867336,3.18720459938,-1.29417824745,-0.153457283974,-0.00299158110283,-0.062670327723,-13.3555212021
1495533231143461936,1501,0,,-18.6260242462,-22.0883483887,0.0472538247705,-0.0261782445014,3.33357548714,-1.08786058426,-0.189393162727,0.106075011194,-0.0125137586147,-13.4187259674
1495533231250221671,1502,0,,-18.7115764618,-22.0023422241,0.0457007028162,-0.0109799057245,3.4116692543,-0.861532688141,-0.193158403039,-0.0155312148854,0.151983380318,-13.4840154648
1495533231330352531,1503,0,,-18.7773952484,-21.9256649017,0.035071246326,-0.0192642137408,3.41262054443,-0.834747433662,-0.195919290185,-0.106294572353,-0.0828430727124,-13.5463972092
1495533231343511820,1504,0,,-18.7170181274,-22.0090694427,0.0350878760219,-0.025116275996,3.5771780014,-1.01889073849,-0.148390814662,0.000166296813404,-0.0585206225514,-13.5986652374
1495533231396198964,1505,0,,-18.6363830566,-22.0984249115,0.0489112846553,-0.0262768007815,3.64768886566,-1.19836068153,-0.112161144614,0.138234078884,-0.0116052599624,-13.6556835175
1495533231449879047,1506,0,,-18.6955490112,-22.0042877197,0.0617355518043,-0.0258930847049,3.74336290359,-1.08683407307,-0.129270717502,0.12824267149,0.00383716216311,-13.72290802
1495533231541440829,1507,0,,-18.7386608124,-21.9160881042,0.058828946203,-0.0256820749491,3.81972336769,-1.02912724018,-0.136273354292,-0.0290660541505,0.00211011222564,-13.7918710709
1495533231643789246,1508,0,,-18.6403102875,-21.9872226715,0.0523510836065,-0.025583261624,3.91236639023,-1.20980036259,-0.0982297509909,-0.0647786334157,0.000988116371445,-13.8532619476
1495533231744767592,1509,0,,-18.7221927643,-21.8966655731,0.0589172430336,-0.0253888648003,4.00492143631,-1.13100516796,-0.11600574106,0.0656616017222,0.00194397801533,-13.9123668671
1495533231845885267,1510,0,,-18.6053199768,-21.9562950134,0.0599377788603,-0.0254828296602,4.10365390778,-1.30951368809,-0.0817935615778,0.0102053489536,-0.000939650926739,-13.9747743607
1495533231946008545,1511,0,,-18.6779460907,-21.8522510529,0.0657698661089,-0.0254050027579,4.10487890244,-1.19662594795,-0.0837689563632,0.0583208985627,0.000778274727054,-14.036822319
1495533232049384611,1512,0,,-18.7408905029,-21.7648983002,0.0674985945225,-0.0254681184888,4.32968330383,-1.10548233986,-0.0640946105123,0.0172872822732,-0.000631154398434,-14.1006736755
1495533232145161243,1513,0,,-18.6148014069,-21.789768219,0.0707271024585,-0.0255127009004,4.45637083054,-1.28445518017,-0.0431062579155,0.0322850756347,-0.000445826037321,-14.1638002396
1495533232251077579,1514,0,,-18.6736087799,-21.6702575684,0.0761124566197,-0.025438984856,4.58325052261,-1.18435132504,-0.0387961380184,0.0538535639644,0.000737154507078,-14.2283983231
1495533232297720866,1515,0,,-18.537481308,-21.6663780212,0.0783171951771,-0.0254813823849,4.58484315872,-1.36164796352,-0.0221382174641,0.0220473688096,-0.000423977267928,-14.2942762375
1495533232347098446,1516,0,,-18.3839912415,-21.6642436981,0.0812550857663,-0.0254029240459,4.83494758606,-1.53501653671,-0.0101416576654,0.0293788630515,0.000784585718066,-14.3595924377
1495533232362977074,1517,0,,-18.2188777924,-21.6218757629,0.0844486728311,-0.0252866186202,4.96403646469,-1.70463728905,-0.000634293188341,0.0319359377027,0.00116306054406,-14.4253997803
1495533232449073426,1518,0,,-18.0444450378,-21.5543136597,0.0869964286685,-0.0251761842519,5.10271024704,-1.87058007717,0.00704512186348,0.0254775006324,0.00110433378723,-14.4914741516
1495533232545123139,1519,0,,-18.2001571655,-21.3558616638,0.0888256207108,-0.0250696297735,5.25081729889,-1.50839030743,0.0139104565606,0.0182919502258,0.00106555293314,-14.5571966171
1495533232647272374,1520,0,,-18.3467597961,-21.1899280548,0.0903616920114,-0.0252055115998,5.25269174576,-1.29385507107,0.0194903519005,0.0153606962413,-0.00135882408358,-14.6222486496
1495533232745716733,1521,0,,-18.4711723328,-21.0610332489,0.0918003693223,-0.0253794062883,5.59945678711,-1.16758489609,0.0252517405897,0.0143867917359,-0.00173894618638,-14.6865339279
1495533232846782448,1522,0,,-18.6051292419,-20.9285392761,0.0933089628816,-0.0254914723337,5.60396337509,-1.09774458408,0.0341772772372,0.0150859458372,-0.00112065987196,-14.7501106262
1495533232945198108,1523,0,,-18.7174453735,-20.8177490234,0.0955274701118,-0.0255422759801,5.90402078629,-1.05352330208,0.0403939634562,0.0221850425005,-0.000508031225763,-14.8132944107
1495533233051745803,1524,0,,-18.8411312103,-20.7140922546,0.0974287465215,-0.0255748201162,6.06072902679,-1.00847733021,0.0471258312464,0.0190127659589,-0.000325452332618,-14.8763465881
1495533233144821117,1525,0,,-18.9629211426,-20.6211090088,0.0990933254361,-0.0256014782935,6.23185157776,-0.976754426956,0.0519351251423,0.0166457928717,-0.000266571441898,-14.9389076233
1495533233250052444,1526,0,,-19.0855484009,-20.5384101868,0.10035610199,-0.0256236605346,0.189721927047,-0.953228354454,0.0610195696354,0.0126277469099,-0.000221819835133,-15.0007896423
1495533233312725290,1527,0,,-19.1087741852,-20.4271221161,0.102436237037,-0.0256329085678,0.260231941938,-1.13551604748,0.0551829300821,0.0208014119416,-9.24833657336e-05,-15.0621118546
1495533233343700457,1528,0,,-19.1450481415,-20.300743103,0.101818472147,-0.0255704093724,0.407060980797,-1.31381964684,0.0516159683466,-0.00617770245299,0.000624985666946,-15.1224861145
1495533233390733807,1529,0,,-19.2067565918,-20.16522789,0.100326605141,-0.0254443529993,0.529586195946,-1.48824596405,0.0484496317804,-0.0149186225608,0.00126056023873,-15.18014431
1495533233454848741,1530,0,,-19.4500179291,-20.1315155029,0.0994027853012,-0.0253084041178,0.661768615246,-1.20523035526,0.0679827332497,-0.00923823285848,0.00135948800016,-15.2353572845
1495533233545862757,1531,0,,-19.5348720551,-20.0222568512,0.103758275509,-0.025374462828,0.78015178442,-1.38209831715,0.0597467385232,0.0435548759997,-0.000660585938022,-15.2903699875
1495533233649188957,1532,0,,-19.7572937012,-20.0414810181,0.104247309268,-0.025403086096,0.889954507351,-1.151242733,0.0615375116467,0.00489038415253,-0.000286225200398,-15.3464698792
1495533233752091288,1533,0,,-19.9404582977,-20.0739841461,0.103594996035,-0.0254909452051,0.996341705322,-1.01456952095,0.0613666288555,-0.00652315095067,-0.000878594873939,-15.4004278183
1495533233853810297,1534,0,,-20.0958786011,-20.1193523407,0.103303231299,-0.0255774017423,1.11291050911,-0.921281278133,0.0632605478168,-0.00291766785085,-0.000864561705384,-15.4524688721
1495533233943685624,1535,0,,-20.2305603027,-20.1690940857,0.10393987596,-0.0256416089833,1.11438643932,-0.857131123543,0.0632248446345,0.00636644009501,-0.000642069149762,-15.503329277
1495533234055153079,1536,0,,-20.3442668915,-20.2124977112,0.104419648647,-0.0256933178753,1.32038640976,-0.780545711517,0.0723840221763,0.0047977627255,-0.00051710131811,-15.5534067154
1495533234146667301,1537,0,,-20.4366264343,-20.183265686,0.106490164995,-0.0257313065231,1.41884708405,-0.966590583324,0.064486593008,0.0207051280886,-0.000379885663278,-15.6030015945
1495533234253971100,1538,0,,-20.5465278625,-20.2653713226,0.105648033321,-0.0256816837937,1.50996267796,-0.854190170765,0.0634860321879,-0.00842127110809,0.00049622746883,-15.6520061493
1495533234329342486,1539,0,,-20.6498584747,-20.2533493042,0.104561217129,-0.0256864055991,1.59458076954,-1.03865277767,0.0581567063928,-0.010868165642,-4.72045721835e-05,-15.6986227036
1495533234352410018,1540,0,,-20.7718486786,-20.250415802,0.103411875665,-0.0256087426096,1.67891931534,-1.21906101704,0.0540363378823,-0.0114934593439,0.000776614469942,-15.7432279587
1495533234397367898,1541,0,,-20.9112110138,-20.2593364716,0.1025364995,-0.0254881363362,1.74830889702,-1.39555537701,0.050813768059,-0.00875373370945,0.00120606948622,-15.7859954834
1495533234454439472,1542,0,,-20.9917755127,-20.3867359161,0.10078459233,-0.0227456092834,1.82320404053,-1.09596049786,0.0457031130791,-0.0175190642476,0.0274252742529,-15.8110466003
1495533234545077116,1543,0,,-21.1156482697,-20.4123039246,0.0993505567312,-0.0232053250074,1.89526903629,-1.26403439045,0.0446062684059,-0.0143403960392,-0.00459715211764,-15.8437948227
1495533234655077205,1544,0,,-21.248216629,-20.4501552582,0.0976562649012,-0.0192549154162,1.97266674042,-1.37795031071,0.0447017103434,-0.0169429071248,0.0395040921867,-15.8472280502
1495533234746615521,1545,0,,-21.2610588074,-20.5960464478,0.093620993197,-0.011234421283,2.05577254295,-0.943104207516,0.038835991174,-0.0403526984155,0.0802049413323,-15.8122272491
1495533234857155485,1546,0,,-21.2417373657,-20.7155380249,0.0888257920742,-0.00649374490604,2.13594031334,-0.604874253273,0.0278961528093,-0.047952003777,0.0474067591131,-15.7635288239
1495533234947625579,1547,0,,-21.2972755432,-20.7468795776,0.0852491781116,-0.00489294761792,2.19953179359,-0.636870145798,0.0327653326094,-0.035766158253,0.0160079766065,-15.7075614929
1495533235054568507,1548,0,,-21.2471523285,-20.8513221741,0.088013254106,-0.00827301107347,2.26129245758,-0.492373883724,0.0258130114526,0.0276408027858,-0.0338006354868,-15.6730117798
1495533235151469868,1549,0,,-21.2995452881,-20.8910045624,0.0936362370849,-0.0187185723335,2.32574105263,-0.65662831068,0.0286786220968,0.0562297813594,-0.10445562005,-15.6942720413
1495533235252087410,1550,0,,-21.1965255737,-20.9848556519,0.0947152003646,-0.0159412994981,2.3837454319,-0.484173953533,0.0143174724653,0.0107896421105,0.027772737667,-15.6754646301
1495533235313874040,1551,0,,-21.2384872437,-21.0261993408,0.0887051895261,-0.0145061947405,2.44553971291,-0.588620901108,0.0231563001871,-0.0601001344621,0.0143510457128,-15.6643981934
1495533235351337465,1552,0,,-21.2751636505,-21.0665035248,0.0818086043,-0.000898496538866,2.50682640076,-0.544068217278,0.0306293293834,-0.06896584481,0.136076971889,-15.5679807663
1495533235392372151,1553,0,,-21.3069763184,-21.1057987213,0.0790236592293,0.00498192943633,2.56767964363,-0.504372835159,0.03505923599,-0.0278494376689,0.0588042587042,-15.4720144272
1495533235455676009,1554,0,,-21.1574707031,-21.1675491333,0.0786798149347,0.0110055655241,2.63694357872,-0.238128513098,0.0214119683951,-0.0034384180326,0.0602363571525,-15.34395504
1495533235554870118,1555,0,,-21.1705970764,-21.1876964569,0.0794245973229,0.00393579946831,2.69030046463,-0.238836333156,0.0279147978872,0.00744783459231,-0.070697657764,-15.2721719742
1495533235662452514,1556,0,,-21.0415763855,-21.24284935,0.092113122344,-0.018777705729,2.74441790581,-0.251565992832,-0.00362090091221,0.126885220408,-0.227135047317,-15.3175678253
