%time,field.roll,field.pitch,field.yaw,field.rolld,field.pitchd,field.yawd,field.rolldd,field.pitchdd,field.yawdd
1495619588502809620,0.0,0.0,0.0,0.0,0.0,0.0,0.0,0.0,0.0
1495619588553922405,0.0,0.0,0.0,0.0,0.0,0.0,0.0,0.0,0.0
1495619588603010141,0.0,0.0,0.0,0.0,0.0,0.0,0.0,0.0,0.0
1495619588652547027,0.0,0.0,0.0,0.0,0.0,0.0,0.0,0.0,0.0
1495619588705423584,0.0,0.0,0.0,0.0,0.0,0.0,0.0,0.0,0.0
1495619588754513555,0.0,0.0,0.0,0.0,0.0,0.0,0.0,0.0,0.0
1495619588803258721,0.0,0.0,0.0,0.0,0.0,0.0,0.0,0.0,0.0
1495619588852675899,0.0,0.0,0.0,0.0,0.0,0.0,0.0,0.0,0.0
1495619588902946816,0.0,0.0,0.0,0.0,0.0,0.0,0.0,0.0,0.0
1495619588953820255,0.0,0.0,0.0,0.0,0.0,0.0,0.0,0.0,0.0
1495619589002312385,0.0,0.0,0.0,0.0,0.0,0.0,0.0,0.0,0.0
1495619589052202528,0.0,0.0,0.0,0.0,0.0,0.0,0.0,0.0,0.0
1495619589103902189,0.0,0.0,0.0,0.0,0.0,0.0,0.0,0.0,0.0
1495619589153325164,0.0,0.0,0.0,0.0,0.0,0.0,0.0,0.0,0.0
1495619589204089860,0.0,0.0,0.0,0.0,0.0,0.0,0.0,0.0,0.0
1495619589254062974,0.0,0.0,0.0,0.0,0.0,0.0,0.0,0.0,0.0
1495619589303438108,0.0,0.0,0.0,0.0,0.0,0.0,0.0,0.0,0.0
1495619589352314505,0.0,0.0,0.0,0.0,0.0,0.0,0.0,0.0,0.0
1495619589404761468,0.0,0.0,0.0,0.0,0.0,0.0,0.0,0.0,0.0
1495619589453869947,0.0,0.0,0.0,0.0,0.0,0.0,0.0,0.0,0.0
1495619589502676084,0.0,0.0,0.0,0.0,0.0,0.0,0.0,0.0,0.0
1495619589554506487,0.0,0.0,0.0,0.0,0.0,0.0,0.0,0.0,0.0
1495619589604042885,0.0,0.0,0.0,0.0,0.0,0.0,0.0,0.0,0.0
1495619589653350831,0.0,0.0,0.0,0.0,0.0,0.0,0.0,0.0,0.0
1495619589703931704,0.0,0.0,0.0,0.0,0.0,0.0,0.0,0.0,0.0
1495619589754185651,0.0,0.0,0.0,0.0,0.0,0.0,0.0,0.0,0.0
1495619589802877038,0.0,0.0,0.0,0.0,0.0,0.0,0.0,0.0,0.0
1495619589853379340,0.0,0.0,0.0,0.0,0.0,0.0,0.0,0.0,0.0
1495619589903266480,0.0,0.0,0.0,0.0,0.0,0.0,0.0,0.0,0.0
1495619589952227944,0.0,0.0,0.0,0.0,0.0,0.0,0.0,0.0,0.0
1495619590003633573,0.0,0.0,0.0,0.0,0.0,0.0,0.0,0.0,0.0
1495619590052769290,0.0,0.0,0.0,0.0,0.0,0.0,0.0,0.0,0.0
1495619590104092996,0.0,0.0,0.0,0.0,0.0,0.0,0.0,0.0,0.0
1495619590152771672,0.0,0.0,0.0,0.0,0.0,0.0,0.0,0.0,0.0
1495619590203650279,0.0,0.0,0.0,0.0,0.0,0.0,0.0,0.0,0.0
1495619590253315882,0.0,0.0,0.0,0.0,0.0,0.0,0.0,0.0,0.0
1495619590303860438,0.0,0.0,0.0,0.0,0.0,0.0,0.0,0.0,0.0
1495619590353985318,0.0,0.0,0.0,0.0,0.0,0.0,0.0,0.0,0.0
1495619590403383639,0.0,0.0,0.0,0.0,0.0,0.0,0.0,0.0,0.0
1495619590453139966,0.0,0.0,0.0,0.0,0.0,0.0,0.0,0.0,0.0
1495619590503830420,0.0,0.0,0.0,0.0,0.0,0.0,0.0,0.0,0.0
1495619590552348252,0.0,0.0,0.0,0.0,0.0,0.0,0.0,0.0,0.0
1495619590604182567,0.0,0.0,0.0,0.0,0.0,0.0,0.0,0.0,0.0
1495619590652552615,0.0,0.0,0.0,0.0,0.0,0.0,0.0,0.0,0.0
1495619590702961609,0.0,0.0,0.0,0.0,0.0,0.0,0.0,0.0,0.0
1495619590752735955,0.0,0.0,0.0,0.0,0.0,0.0,0.0,0.0,0.0
1495619590803062955,0.0,0.0,0.0,0.0,0.0,0.0,0.0,0.0,0.0
1495619590852335562,0.0,0.0,0.0,0.0,0.0,0.0,0.0,0.0,0.0
1495619590903310620,0.0,0.0,0.0,0.0,0.0,0.0,0.0,0.0,0.0
1495619590955016916,0.0,0.0,0.0,0.0,0.0,0.0,0.0,0.0,0.0
1495619591004485636,0.0,0.0,0.0,0.0,0.0,0.0,0.0,0.0,0.0
1495619591054103748,0.0,0.0,0.0,0.0,0.0,0.0,0.0,0.0,0.0
1495619591102977281,0.0,0.0,0.0,0.0,0.0,0.0,0.0,0.0,0.0
1495619591152444396,0.0,0.0,0.0,0.0,0.0,0.0,0.0,0.0,0.0
1495619591202679485,0.0,0.0,0.0,0.0,0.0,0.0,0.0,0.0,0.0
1495619591253247298,0.0,0.0,0.0,0.0,0.0,0.0,0.0,0.0,0.0
1495619591303335581,0.0,0.0,0.0,0.0,0.0,0.0,0.0,0.0,0.0
1495619591353482950,0.0,0.0,0.0,0.0,0.0,0.0,0.0,0.0,0.0
1495619591403930217,0.0,0.0,0.0,0.0,0.0,0.0,0.0,0.0,0.0
1495619591452249490,0.0,0.0,0.0,0.0,0.0,0.0,0.0,0.0,0.0
1495619591503795151,0.0,0.0,0.0,0.0,0.0,0.0,0.0,0.0,0.0
1495619591553450068,0.0,0.0,0.0,0.0,0.0,0.0,0.0,0.0,0.0
1495619591602928078,0.0,0.0,0.0,0.0,0.0,0.0,0.0,0.0,0.0
1495619591652916348,0.0,0.0,0.0,0.0,0.0,0.0,0.0,0.0,0.0
1495619591703487514,0.0,0.0,0.0,0.0,0.0,0.0,0.0,0.0,0.0
1495619591752245739,0.0,0.0,0.0,0.0,0.0,0.0,0.0,0.0,0.0
1495619591803534943,0.0,0.0,0.0,0.0,0.0,0.0,0.0,0.0,0.0
1495619591853283378,0.0,0.0,0.0,0.0,0.0,0.0,0.0,0.0,0.0
1495619591905201084,0.0,0.0,0.0,0.0,0.0,0.0,0.0,0.0,0.0
1495619591954745862,0.0,0.0,0.0,0.0,0.0,0.0,0.0,0.0,0.0
1495619592003602843,0.0,0.0,0.0,0.0,0.0,0.0,0.0,0.0,0.0
1495619592052253513,0.0,0.0,0.0,0.0,0.0,0.0,0.0,0.0,0.0
1495619592103773751,0.0,0.0,0.0,0.0,0.0,0.0,0.0,0.0,0.0
1495619592152705602,0.0,0.0,0.0,0.0,0.0,0.0,0.0,0.0,0.0
1495619592203103142,0.0,0.0,0.0,0.0,0.0,0.0,0.0,0.0,0.0
1495619592252790606,0.0,0.0,0.0,0.0,0.0,0.0,0.0,0.0,0.0
1495619592305477334,0.0,0.0,0.0,0.0,0.0,0.0,0.0,0.0,0.0
1495619592353492937,0.0,0.0,0.0,0.0,0.0,0.0,0.0,0.0,0.0
1495619592403207848,0.0,0.0,0.0,0.0,0.0,0.0,0.0,0.0,0.0
1495619592453330982,0.0,0.0,0.0,0.0,0.0,0.0,0.0,0.0,0.0
1495619592502677900,0.0,0.0,0.0,0.0,0.0,0.0,0.0,0.0,0.0
1495619592553188932,0.0,0.0,0.0,0.0,0.0,0.0,0.0,0.0,0.0
1495619592603069227,0.0,0.0,0.0,0.0,0.0,0.0,0.0,0.0,0.0
1495619592652472647,0.0,0.0,0.0,0.0,0.0,0.0,0.0,0.0,0.0
1495619592703151158,0.0,0.0,0.0,0.0,0.0,0.0,0.0,0.0,0.0
1495619592752972019,0.0,0.0,0.0,0.0,0.0,0.0,0.0,0.0,0.0
1495619592802387171,0.0,0.0,0.0,0.0,0.0,0.0,0.0,0.0,0.0
1495619592853956089,0.0,0.0,0.0,0.0,0.0,0.0,0.0,0.0,0.0
1495619592904222607,0.0,0.0,0.0,0.0,0.0,0.0,0.0,0.0,0.0
1495619592952604877,0.0,0.0,0.0,0.0,0.0,0.0,0.0,0.0,0.0
1495619593002744842,0.0,0.0,0.0,0.0,0.0,0.0,0.0,0.0,0.0
1495619593052511297,0.0,0.0,0.0,0.0,0.0,0.0,0.0,0.0,0.0
1495619593102763637,0.0,0.0,0.0,0.0,0.0,0.0,0.0,0.0,0.0
1495619593153802460,0.0,0.0,0.0,0.0,0.0,0.0,0.0,0.0,0.0
1495619593204477689,0.0,0.0,0.0,0.0,0.0,0.0,0.0,0.0,0.0
1495619593254150905,0.0,0.0,0.0,0.0,0.0,0.0,0.0,0.0,0.0
1495619593303288997,0.0,0.0,0.0,0.0,0.0,0.0,0.0,0.0,0.0
1495619593352617895,0.0,0.0,0.0,0.0,0.0,0.0,0.0,0.0,0.0
1495619593402735582,0.0,0.0,0.0,0.0,0.0,0.0,0.0,0.0,0.0
1495619593453708404,0.0,0.0,0.0,0.0,0.0,0.0,0.0,0.0,0.0
1495619593502453360,0.0,0.0,0.0,0.0,0.0,0.0,0.0,0.0,0.0
1495619593552769605,0.0,0.0,0.0,0.0,0.0,0.0,0.0,0.0,0.0
1495619593602868643,0.0,0.0,0.0,0.0,0.0,0.0,0.0,0.0,0.0
1495619593652618335,0.0,0.0,0.0,0.0,0.0,0.0,0.0,0.0,0.0
1495619593704680892,0.0,0.0,0.0,0.0,0.0,0.0,0.0,0.0,0.0
1495619593755223772,0.0,0.0,0.0,0.0,0.0,0.0,0.0,0.0,0.0
1495619593803488638,0.0,0.0,0.0,0.0,0.0,0.0,0.0,0.0,0.0
1495619593852599003,0.0,0.0,0.0,0.0,0.0,0.0,0.0,0.0,0.0
1495619593903056328,0.0,0.0,0.0,0.0,0.0,0.0,0.0,0.0,0.0
1495619593953491512,0.0,0.0,0.0,0.0,0.0,0.0,0.0,0.0,0.0
1495619594002233954,0.0,0.0,0.0,0.0,0.0,0.0,0.0,0.0,0.0
1495619594054533202,0.0,0.0,0.0,0.0,0.0,0.0,0.0,0.0,0.0
1495619594103579173,0.0,0.0,0.0,0.0,0.0,0.0,0.0,0.0,0.0
1495619594152805126,0.0,0.0,0.0,0.0,0.0,0.0,0.0,0.0,0.0
1495619594204047187,0.0,0.0,0.0,0.0,0.0,0.0,0.0,0.0,0.0
1495619594252818612,0.0,0.0,0.0,0.0,0.0,0.0,0.0,0.0,0.0
1495619594304388019,0.0,0.0,0.0,0.0,0.0,0.0,0.0,0.0,0.0
1495619594354532175,0.0,0.0,0.0,0.0,0.0,0.0,0.0,0.0,0.0
1495619594403166851,0.0,0.0,0.0,0.0,0.0,0.0,0.0,0.0,0.0
1495619594453520880,0.0,0.0,0.0,0.0,0.0,0.0,0.0,0.0,0.0
1495619594504907303,0.0,0.0,0.0,0.0,0.0,0.0,0.0,0.0,0.0
1495619594553026132,0.0,0.0,0.0,0.0,0.0,0.0,0.0,0.0,0.0
1495619594602940370,0.0,0.0,0.0,0.0,0.0,0.0,0.0,0.0,0.0
1495619594655348850,0.0,0.0,0.0,0.0,0.0,0.0,0.0,0.0,0.0
1495619594705416390,0.0,0.0,0.0,0.0,0.0,0.0,0.0,0.0,0.0
1495619594752242527,0.0,0.0,0.0,0.0,0.0,0.0,0.0,0.0,0.0
1495619594804050930,0.0,0.0,0.0,0.0,0.0,0.0,0.0,0.0,0.0
1495619594854033055,0.0,0.0,0.0,0.0,0.0,0.0,0.0,0.0,0.0
1495619594903686017,0.0,0.0,0.0,0.0,0.0,0.0,0.0,0.0,0.0
1495619594955202693,0.0,0.0,0.0,0.0,0.0,0.0,0.0,0.0,0.0
1495619595003614576,0.0,0.0,0.0,0.0,0.0,0.0,0.0,0.0,0.0
1495619595054077418,0.0,0.0,0.0,0.0,0.0,0.0,0.0,0.0,0.0
1495619595103847015,0.0,0.0,0.0,0.0,0.0,0.0,0.0,0.0,0.0
1495619595152728859,0.0,0.0,0.0,0.0,0.0,0.0,0.0,0.0,0.0
1495619595203770755,0.0,0.0,0.0,0.0,0.0,0.0,0.0,0.0,0.0
1495619595253215660,0.0,0.0,0.0,0.0,0.0,0.0,0.0,0.0,0.0
1495619595303655524,0.0,0.0,0.0,0.0,0.0,0.0,0.0,0.0,0.0
1495619595352069153,0.0,0.0,0.0,0.0,0.0,0.0,0.0,0.0,0.0
1495619595403415836,0.0,0.0,0.0,0.0,0.0,0.0,0.0,0.0,0.0
1495619595453008525,0.0,0.0,0.0,0.0,0.0,0.0,0.0,0.0,0.0
1495619595502811227,0.0,0.0,0.0,0.0,0.0,0.0,0.0,0.0,0.0
1495619595553243129,0.0,0.0,0.0,0.0,0.0,0.0,0.0,0.0,0.0
1495619595605216777,0.0,0.0,0.0,0.0,0.0,0.0,0.0,0.0,0.0
1495619595653117421,0.0,0.0,0.0,0.0,0.0,0.0,0.0,0.0,0.0
1495619595703248447,0.0,0.0,0.0,0.0,0.0,0.0,0.0,0.0,0.0
1495619595753902654,0.0,0.0,0.0,0.0,0.0,0.0,0.0,0.0,0.0
1495619595805830067,0.0,0.0,0.0,0.0,0.0,0.0,0.0,0.0,0.0
1495619595853844832,0.0,0.0,0.0,0.0,0.0,0.0,0.0,0.0,0.0
1495619595904072099,0.0,0.0,0.0,0.0,0.0,0.0,0.0,0.0,0.0
1495619595952165366,0.0,0.0,0.0,0.0,0.0,0.0,0.0,0.0,0.0
1495619596003072538,0.0,0.0,0.0,0.0,0.0,0.0,0.0,0.0,0.0
1495619596053370903,0.0,0.0,0.0,0.0,0.0,0.0,0.0,0.0,0.0
1495619596104407491,0.0,0.0,0.0,0.0,0.0,0.0,0.0,0.0,0.0
1495619596154213406,0.0,0.0,0.0,0.0,0.0,0.0,0.0,0.0,0.0
1495619596203502355,0.0,0.0,0.0,0.0,0.0,0.0,0.0,0.0,0.0
1495619596255156200,0.0,0.0,0.0,0.0,0.0,0.0,0.0,0.0,0.0
1495619596303761962,0.0,0.0,0.0,0.0,0.0,0.0,0.0,0.0,0.0
1495619596353232359,0.0,0.0,0.0,0.0,0.0,0.0,0.0,0.0,0.0
1495619596403931334,0.0,0.0,0.0,0.0,0.0,0.0,0.0,0.0,0.0
1495619596453387693,0.0,0.0,0.0,0.0,0.0,0.0,0.0,0.0,0.0
1495619596502447074,0.0,0.0,0.0,0.0,0.0,0.0,0.0,0.0,0.0
1495619596553294183,0.0,0.0,0.0,0.0,0.0,0.0,0.0,0.0,0.0
1495619596602864313,0.0,0.0,0.0,0.0,0.0,0.0,0.0,0.0,0.0
1495619596652695231,0.0,0.0,0.00399435512015,0.0,0.0,0.0878758126432,0.0,0.0,0.0
1495619596705543781,0.0,0.0,0.0123561381287,0.0,0.0,0.174714690697,0.0,0.0,0.0
1495619596753103041,0.0,0.0,0.024497094827,0.0,0.0,0.248721061902,0.0,0.0,0.0
1495619596803674486,0.0,0.0,0.0401761546396,0.0,0.0,0.318773860165,0.0,0.0,0.0
1495619596853422851,0.0,0.0,0.0586738225133,0.0,0.0,0.373413683133,0.0,0.0,0.0
1495619596903071832,0.0,0.0,0.07946633631,0.0,0.0,0.418152184062,0.0,0.0,0.0
1495619596953080287,0.0,0.0,0.102236350122,0.0,0.0,0.456950694104,0.0,0.0,0.0
1495619597003918106,0.0,0.0,0.126670031355,0.0,0.0,0.489469774113,0.0,0.0,0.0
1495619597054271577,0.0,0.0,0.152485575179,0.0,0.0,0.516449743882,0.0,0.0,0.0
1495619597102979656,0.0,0.0,0.179415881982,0.0,0.0,0.538136236612,0.0,0.0,0.0
1495619597152139818,0.0,0.0,0.207224675172,0.0,0.0,0.555181518073,0.0,0.0,0.0
1495619597203387327,0.0,0.0,0.235684760173,0.0,0.0,0.567716774336,0.0,0.0,0.0
1495619597253128987,0.0,0.0,0.264610465745,0.0,0.0,0.576641717919,0.0,0.0,0.0
1495619597302833702,0.0,0.0,0.293807217926,0.0,0.0,0.58166583925,0.0,0.0,0.0
1495619597352998740,0.0,0.0,0.32313476428,0.0,0.0,0.584014773513,0.0,0.0,0.0
1495619597403685493,0.0,0.0,0.3524328441,0.0,0.0,0.58311940185,0.0,0.0,0.0
1495619597453815820,0.0,0.0,0.381580434001,0.0,0.0,0.579902816759,0.0,0.0,0.0
1495619597503677049,0.0,0.0,0.410447028257,0.0,0.0,0.574059297299,0.0,0.0,0.0
1495619597553183065,0.0,0.0,0.43893235107,0.0,0.0,0.566286063813,0.0,0.0,0.0
1495619597602784345,0.0,0.0,0.466970778495,0.0,0.0,0.557272109446,0.0,0.0,0.0
1495619597652983326,0.0,0.0,0.494455222443,0.0,0.0,0.546032740926,0.0,0.0,0.0
1495619597702729177,0.0,0.0,0.521320504091,0.0,0.0,0.533593551919,0.0,0.0,0.0
1495619597753027962,0.0,0.0,0.547551921928,0.0,0.0,0.520957150758,0.0,0.0,0.0
1495619597803829115,0.0,0.0,0.573063215187,0.0,0.0,0.506443759433,0.0,0.0,0.0
1495619597854475709,0.0,0.0,0.597799574466,0.0,0.0,0.490922020647,0.0,0.0,0.0
1495619597904053172,0.0,0.0,0.621752835533,0.0,0.0,0.475326746898,0.0,0.0,0.0
1495619597953089855,0.0,0.0,0.644904202279,0.0,0.0,0.459325694641,0.0,0.0,0.0
1495619598002988938,0.0,0.0,0.667206698297,0.0,0.0,0.442333849321,0.0,0.0,0.0
1495619598053072611,0.0,0.0,0.688668173229,0.0,0.0,0.425618927555,0.0,0.0,0.0
1495619598102606843,0.0,0.0,0.709280301502,0.0,0.0,0.408691710828,0.0,0.0,0.0
1495619598154411406,0.0,0.0,0.729027811515,0.0,0.0,0.391450852297,0.0,0.0,0.0
1495619598203627022,0.0,0.0,0.747918450858,0.0,0.0,0.374413435898,0.0,0.0,0.0
1495619598252766022,0.0,0.0,0.765962330607,0.0,0.0,0.357577061012,0.0,0.0,0.0
1495619598303422184,0.0,0.0,0.783154301103,0.0,0.0,0.34060624409,0.0,0.0,0.0
1495619598352961166,0.0,0.0,0.799517963418,0.0,0.0,0.324168794067,0.0,0.0,0.0
1495619598404909601,0.0,0.0,0.815064684468,0.0,0.0,0.307925305955,0.0,0.0,0.0
1495619598454925668,0.0,0.0,0.829804104158,0.0,0.0,0.291873491002,0.0,0.0,0.0
1495619598503035278,0.0,0.0,0.84375741644,0.0,0.0,0.276267778946,0.0,0.0,0.0
1495619598552785598,0.0,0.0,0.856950266253,0.0,0.0,0.261179325551,0.0,0.0,0.0
1495619598603570408,0.0,0.0,0.869393219933,0.0,0.0,0.246268915907,0.0,0.0,0.0
1495619598652679517,0.0,0.0,0.881106794048,0.0,0.0,0.231791140576,0.0,0.0,0.0
1495619598702652771,0.0,0.0,0.892127631945,0.0,0.0,0.218074005734,0.0,0.0,0.0
1495619598752803841,0.0,0.0,0.902466728239,0.0,0.0,0.204518733082,0.0,0.0,0.0
1495619598803442613,0.0,0.0,0.912158936699,0.0,0.0,0.191713215388,0.0,0.0,0.0
1495619598853769264,0.0,0.0,0.921241520144,0.0,0.0,0.179648605541,0.0,0.0,0.0
1495619598903946595,0.0,0.0,0.92970935106,0.0,0.0,0.167393246832,0.0,0.0,0.0
1495619598952174934,0.0,0.0,0.937610041283,0.0,0.0,0.156205415353,0.0,0.0,0.0
1495619599004034671,0.0,0.0,0.944951222656,0.0,0.0,0.145073180508,0.0,0.0,0.0
1495619599051647290,0.0,0.0,0.951769414799,0.0,0.0,0.134738528551,0.0,0.0,0.0
1495619599103182126,0.0,0.0,0.958085642534,0.0,0.0,0.124782516968,0.0,0.0,0.0
1495619599155598428,0.0,0.0,0.963933865709,0.0,0.0,0.115533789061,0.0,0.0,0.0
1495619599202846336,0.0,0.0,0.969334094901,0.0,0.0,0.106650887624,0.0,0.0,0.0
1495619599252196885,0.0,0.0,0.974292843892,0.0,0.0,0.0978728044231,0.0,0.0,0.0
1495619599302851651,0.0,0.0,0.978842131363,0.0,0.0,0.0897881053437,0.0,0.0,0.0
1495619599352793127,0.0,0.0,0.983004750711,0.0,0.0,0.0821319169725,0.0,0.0,0.0
1495619599403837537,0.0,0.0,0.986799019988,0.0,0.0,0.0748336464282,0.0,0.0,0.0
1495619599453295922,0.0,0.0,0.99024570664,0.0,0.0,0.0679546067355,0.0,0.0,0.0
1495619599503680541,0.0,0.0,0.993380787861,0.0,0.0,0.0618229622294,0.0,0.0,0.0
1495619599552032011,0.0,0.0,0.99621112635,0.0,0.0,0.0557636711285,0.0,0.0,0.0
1495619599603238593,0.0,0.0,0.998770600913,0.0,0.0,0.050442102181,0.0,0.0,0.0
1495619599653283853,0.0,0.0,1.00105045208,0.0,0.0,0.0448502164878,0.0,0.0,0.0
1495619599703308511,0.0,0.0,1.00309781079,0.0,0.0,0.0403236488233,0.0,0.0,0.0
1495619599755331956,0.0,0.0,1.00490505766,0.0,0.0,0.0355173833981,0.0,0.0,0.0
1495619599803111007,0.0,0.0,1.00650371599,0.0,0.0,0.0314340544233,0.0,0.0,0.0
1495619599852333677,0.0,0.0,1.00791457428,0.0,0.0,0.0277320199895,0.0,0.0,0.0
1495619599902606340,0.0,0.0,1.00912630005,0.0,0.0,0.0237405583028,0.0,0.0,0.0
1495619599953352528,0.0,0.0,1.01016993301,0.0,0.0,0.0204624183824,0.0,0.0,0.0
1495619600003224443,0.0,0.0,1.01106578383,0.0,0.0,0.0175560717722,0.0,0.0,0.0
1495619600054421945,0.0,0.0,1.01181718923,0.0,0.0,0.014684020052,0.0,0.0,0.0
1495619600102821046,0.0,0.0,1.01242585366,0.0,0.0,0.0118458585421,0.0,0.0,0.0
1495619600152995234,0.0,0.0,1.01292374431,0.0,0.0,0.00970740985637,0.0,0.0,0.0
1495619600203045174,0.0,0.0,1.01330021263,0.0,0.0,0.00726108360594,0.0,0.0,0.0
1495619600253600765,0.0,0.0,1.01357023996,0.0,0.0,0.00517673526442,0.0,0.0,0.0
1495619600304664801,0.0,0.0,1.01376695802,0.0,0.0,0.00378320475166,0.0,0.0,0.0
1495619600352966753,0.0,0.0,1.01386413477,0.0,0.0,0.00173989538063,0.0,0.0,0.0
1495619600403883144,0.0,0.0,1.01389004189,0.0,0.0,0.000386919578494,0.0,0.0,0.0
1495619600453940138,0.0,0.0,1.01384870611,0.0,0.0,-0.000950091109175,0.0,0.0,0.0
1495619600502727557,0.0,0.0,1.01375606232,0.0,0.0,-0.00193821381157,0.0,0.0,0.0
1495619600552589764,0.0,0.0,1.01361430883,0.0,0.0,-0.00291467666607,0.0,0.0,0.0
1495619600602701094,0.0,0.0,1.01342402514,0.0,0.0,-0.0038796172589,0.0,0.0,0.0
1495619600653013288,0.0,0.0,1.01320092532,0.0,0.0,-0.00450006029356,0.0,0.0,0.0
1495619600702839317,0.0,0.0,1.01293184806,0.0,0.0,-0.00544629335958,0.0,0.0,0.0
1495619600754305987,0.0,0.0,1.01263088444,0.0,0.0,-0.00604824961626,0.0,0.0,0.0
1495619600802678270,0.0,0.0,1.01231514501,0.0,0.0,-0.00630999152995,0.0,0.0,0.0
1495619600855077252,0.0,0.0,1.01197125559,0.0,0.0,-0.00690175614821,0.0,0.0,0.0
1495619600902852391,0.0,0.0,1.01159795547,0.0,0.0,-0.00748653794399,0.0,0.0,0.0
1495619600954423195,0.0,0.0,1.01122587453,0.0,0.0,-0.00739819679625,0.0,0.0,0.0
1495619601002731084,0.0,0.0,1.01082790131,0.0,0.0,-0.00797712059237,0.0,0.0,0.0
1495619601052303240,0.0,0.0,1.01043143841,0.0,0.0,-0.00788299056938,0.0,0.0,0.0
1495619601102602304,0.0,0.0,1.01003965378,0.0,0.0,-0.00778997128066,0.0,0.0,0.0
1495619601153453742,0.0,0.0,1.00963735079,0.0,0.0,-0.00803116087871,0.0,0.0,0.0
1495619601202651269,0.0,0.0,1.00922306067,0.0,0.0,-0.0082695044395,0.0,0.0,0.0
1495619601253282429,0.0,0.0,1.00882720772,0.0,0.0,-0.00783881302796,0.0,0.0,0.0
1495619601302785372,0.0,0.0,1.00842247729,0.0,0.0,-0.00807942629339,0.0,0.0,0.0
1495619601352134245,0.0,0.0,1.00803607123,0.0,0.0,-0.00765097780397,0.0,0.0,0.0
1495619601403930776,0.0,0.0,1.00764067621,0.0,0.0,-0.00789380752504,0.0,0.0,0.0
1495619601453914576,0.0,0.0,1.0072634954,0.0,0.0,-0.00746754933708,0.0,0.0,0.0
1495619601504942434,0.0,0.0,1.00687721677,0.0,0.0,-0.00771254351407,0.0,0.0,0.0
1495619601552479973,0.0,0.0,1.00650904478,0.0,0.0,-0.00728842424144,0.0,0.0,0.0
1495619601603336720,0.0,0.0,1.0061468101,0.0,0.0,-0.00720242083539,0.0,0.0,0.0
1495619601653226514,0.0,0.0,1.00578884978,0.0,0.0,-0.00711743226953,0.0,0.0,0.0
1495619601704166651,0.0,0.0,1.00545025482,0.0,0.0,-0.00670033530959,0.0,0.0,0.0
1495619601754808775,0.0,0.0,1.00513238958,0.0,0.0,-0.00628816009378,0.0,0.0,0.0
1495619601802813902,0.0,0.0,1.0048047266,0.0,0.0,-0.00654707106383,0.0,0.0,0.0
1495619601853643201,0.0,0.0,1.00449447859,0.0,0.0,-0.00613670436612,0.0,0.0,0.0
1495619601903554506,0.0,0.0,1.0042046258,0.0,0.0,-0.00573117999544,0.0,0.0,0.0
1495619601952334871,0.0,0.0,1.00393492758,0.0,0.0,-0.00533044081233,0.0,0.0,0.0
1495619602003924672,0.0,0.0,1.00365486325,0.0,0.0,-0.00560065286991,0.0,0.0,0.0
1495619602055654993,0.0,0.0,1.00339165222,0.0,0.0,-0.00520145390688,0.0,0.0,0.0
1495619602104946037,0.0,0.0,1.00314828138,0.0,0.0,-0.00480696549162,0.0,0.0,0.0
1495619602152733888,0.0,0.0,1.00292451662,0.0,0.0,-0.00441713203966,0.0,0.0,0.0
1495619602203360298,0.0,0.0,1.00270498516,0.0,0.0,-0.00436500988159,0.0,0.0,0.0
1495619602252824270,0.0,0.0,1.00248804416,0.0,0.0,-0.00431350276499,0.0,0.0,0.0
1495619602305281150,0.0,0.0,1.0022888045,0.0,0.0,-0.0039294921732,0.0,0.0,0.0
1495619602352626277,0.0,0.0,1.00209350874,0.0,0.0,-0.00388312416556,0.0,0.0,0.0
1495619602403052102,0.0,0.0,1.00191565889,0.0,0.0,-0.00350419204124,0.0,0.0,0.0
1495619602453606087,0.0,0.0,1.00174150054,0.0,0.0,-0.00346284257515,0.0,0.0,0.0
1495619602502983944,0.0,0.0,1.00158453869,0.0,0.0,-0.00308886977361,0.0,0.0,0.0
1495619602553894818,0.0,0.0,1.00143102186,0.0,0.0,-0.00305242111028,0.0,0.0,0.0
1495619602603614967,0.0,0.0,1.00129445795,0.0,0.0,-0.00268329128202,0.0,0.0,0.0
1495619602652799504,0.0,0.0,1.00116109837,0.0,0.0,-0.00265162844489,0.0,0.0,0.0
1495619602702905946,0.0,0.0,1.00104445386,0.0,0.0,-0.00228722797008,0.0,0.0,0.0
1495619602752581606,0.0,0.0,1.00093077863,0.0,0.0,-0.00226023868003,0.0,0.0,0.0
1495619602803185527,0.0,0.0,1.00081844477,0.0,0.0,-0.00223356786361,0.0,0.0,0.0
1495619602854496382,0.0,0.0,1.00072257787,0.0,0.0,-0.00187410050366,0.0,0.0,0.0
1495619602902804690,0.0,0.0,1.00062943507,0.0,0.0,-0.00185198611771,0.0,0.0,0.0
1495619602953774509,0.0,0.0,1.00053739136,0.0,0.0,-0.00183013268152,0.0,0.0,0.0
1495619603003739383,0.0,0.0,1.00046157519,0.0,0.0,-0.00147542585672,0.0,0.0,0.0
1495619603053055710,0.0,0.0,1.00038824652,0.0,0.0,-0.00145801583161,0.0,0.0,0.0
1495619603103018907,0.0,0.0,1.00033092456,0.0,0.0,-0.00110769998564,0.0,0.0,0.0
1495619603153312383,0.0,0.0,1.00027587187,0.0,0.0,-0.00109462912581,0.0,0.0,0.0
1495619603203013815,0.0,0.0,1.0002214688,0.0,0.0,-0.00108171250212,0.0,0.0,0.0
1495619603253461502,0.0,0.0,1.00016770769,0.0,0.0,-0.0010689482946,0.0,0.0,0.0
1495619603304197143,0.0,0.0,1.00011458096,0.0,0.0,-0.00105633470472,0.0,0.0,0.0
1495619603353267350,0.0,0.0,1.00007722254,0.0,0.0,-0.000710758696046,0.0,0.0,0.0
1495619603404445087,0.0,0.0,1.00004189784,0.0,0.0,-0.000702371743433,0.0,0.0,0.0
1495619603452667350,0.0,0.0,1.00000698996,0.0,0.0,-0.00069408375686,0.0,0.0,0.0
1495619603503204852,0.0,0.0,0.99998763542,0.0,0.0,-0.000352782309369,0.0,0.0,0.0
1495619603553015446,0.0,0.0,0.999954960718,0.0,0.0,-0.000681730737279,0.0,0.0,0.0
1495619603602772193,0.0,0.0,0.999936220122,0.0,0.0,-0.000340575055418,0.0,0.0,0.0
1495619603652581879,0.0,0.0,0.99990415212,0.0,0.0,-0.000669667528925,0.0,0.0,0.0
1495619603704413959,0.0,0.0,0.999886011065,0.0,0.0,-0.000328654192923,0.0,0.0,0.0
1495619603752360209,0.0,0.0,0.999869676952,0.0,0.0,-0.000324776073446,0.0,0.0,0.0
1495619603804255147,0.0,0.0,0.999853535581,0.0,0.0,-0.00032094371578,0.0,0.0,0.0
1495619603853017912,0.0,0.0,0.999852726099,0.0,0.0,1.5954679227e-05,0.0,0.0,0.0
1495619603902872506,0.0,0.0,0.999838377626,0.0,0.0,-0.000317344845148,0.0,0.0,0.0
1495619603953634757,0.0,0.0,0.999837747008,0.0,0.0,1.95110831848e-05,0.0,0.0,0.0
1495619604001908144,0.0,0.0,0.999823575288,0.0,0.0,-0.000313830406757,0.0,0.0,0.0
1495619604052664948,0.0,0.0,0.999823119337,0.0,0.0,2.2984051203e-05,0.0,0.0,0.0
1495619604103328653,0.0,0.0,0.999809120224,0.0,0.0,-0.000310398419762,0.0,0.0,0.0
1495619604153244498,0.0,0.0,0.999808834843,0.0,0.0,2.6375540752e-05,0.0,0.0,0.0
1495619604203017377,0.0,0.0,0.999810145708,0.0,0.0,2.60643093711e-05,0.0,0.0,0.0
1495619604252528981,0.0,0.0,0.999811441104,0.0,0.0,2.57567505205e-05,0.0,0.0,0.0
1495619604303498381,0.0,0.0,0.999812721214,0.0,0.0,2.54528208644e-05,0.0,0.0,0.0
1495619604352491413,0.0,0.0,0.99981398622,0.0,0.0,2.51524775782e-05,0.0,0.0,0.0
1495619604404872236,0.0,0.0,0.999815236298,0.0,0.0,2.48556783428e-05,0.0,0.0,0.0
1495619604452992322,0.0,0.0,0.999816471625,0.0,0.0,2.45623813383e-05,0.0,0.0,0.0
1495619604502757938,0.0,0.0,0.999817692375,0.0,0.0,2.42725452385e-05,0.0,0.0,0.0
1495619604552810532,0.0,0.0,0.999818898721,0.0,0.0,2.39861292047e-05,0.0,0.0,0.0
1495619604602408389,0.0,0.0,0.999835232252,0.0,0.0,0.000356814352041,0.0,0.0,0.0
1495619604653033891,0.0,0.0,0.999837824505,0.0,0.0,1.9492683526e-05,0.0,0.0,0.0
1495619604702442479,0.0,0.0,0.999838793291,0.0,0.0,1.92626698604e-05,0.0,0.0,0.0
1495619604753861168,0.0,0.0,0.999839750646,0.0,0.0,1.90353703561e-05,0.0,0.0,0.0
1495619604804117629,0.0,0.0,0.999840696704,0.0,0.0,1.88107529859e-05,0.0,0.0,0.0
1495619604855299557,0.0,0.0,0.999841631598,0.0,0.0,1.85887861006e-05,0.0,0.0,0.0
1495619604903457706,0.0,0.0,0.999857696882,0.0,0.0,0.000351480697585,0.0,0.0,0.0
1495619604952595798,0.0,0.0,0.999860024051,0.0,0.0,1.42219661931e-05,0.0,0.0,0.0
1495619605003668983,0.0,0.0,0.999860730883,0.0,0.0,1.40541469921e-05,0.0,0.0,0.0
1495619605054758231,0.0,0.0,0.999861429374,0.0,0.0,1.38883080576e-05,0.0,0.0,0.0
1495619605103133097,0.0,0.0,0.999862119623,0.0,0.0,1.37244260225e-05,0.0,0.0,0.0
1495619605153030295,0.0,0.0,0.999862801727,0.0,0.0,1.35624777954e-05,0.0,0.0,0.0
1495619605204439486,0.0,0.0,0.999863475782,0.0,0.0,1.34024405574e-05,0.0,0.0,0.0
1495619605252070054,0.0,0.0,0.999864141884,0.0,0.0,1.32442917588e-05,0.0,0.0,0.0
1495619605303414502,0.0,0.0,0.999864800125,0.0,0.0,1.30880091161e-05,0.0,0.0,0.0
1495619605354307287,0.0,0.0,0.99988059202,0.0,0.0,0.000346044829769,0.0,0.0,0.0
1495619605402995182,0.0,0.0,0.999882649027,0.0,0.0,8.85024161725e-06,0.0,0.0,0.0
1495619605453864640,0.0,0.0,0.999898230305,0.0,0.0,0.000341857067927,0.0,0.0,0.0
1495619605503248852,0.0,0.0,0.99990007918,0.0,0.0,4.71189536463e-06,0.0,0.0,0.0
1495619605552200049,0.0,0.0,0.999900313361,0.0,0.0,4.65629499932e-06,0.0,0.0,0.0
1495619605602887291,0.0,0.0,0.999900544779,0.0,0.0,4.60135071833e-06,0.0,0.0,0.0
1495619605652788329,0.0,0.0,0.999915914887,0.0,0.0,0.00033765831394,0.0,0.0,0.0
1495619605704615800,0.0,0.0,0.999917555085,0.0,0.0,5.62686675359e-07,0.0,0.0,0.0
1495619605752696076,0.0,0.0,0.999932724471,0.0,0.0,0.000333667306133,0.0,0.0,0.0
1495619605805002867,0.0,0.0,0.999934166315,0.0,0.0,-3.38122723978e-06,0.0,0.0,0.0
1495619605852411550,0.0,0.0,0.999949139689,0.0,0.0,0.000329769930402,0.0,0.0,0.0
1495619605902796029,0.0,0.0,0.999950387834,0.0,0.0,-7.2326139371e-06,0.0,0.0,0.0
1495619605953367963,0.0,0.0,0.999950028373,0.0,0.0,-7.14726909264e-06,0.0,0.0,0.0
1495619606003302735,0.0,0.0,0.999949673154,0.0,0.0,-7.06293131735e-06,0.0,0.0,0.0
1495619606052979932,0.0,0.0,0.999964463547,0.0,0.0,0.000326131670433,0.0,0.0,0.0
1495619606102801421,0.0,0.0,0.99996553087,0.0,0.0,-1.08279424389e-05,0.0,0.0,0.0
1495619606152267558,0.0,0.0,0.999980134142,0.0,0.0,0.000322411086442,0.0,0.0,0.0
1495619606203968895,0.0,0.0,0.999981016552,0.0,0.0,-1.45046235382e-05,0.0,0.0,0.0
1495619606253332714,0.0,0.0,0.999995437093,0.0,0.0,0.00031877779018,0.0,0.0,0.0
1495619606305028045,0.0,0.0,0.999996138929,0.0,0.0,-1.80950469045e-05,0.0,0.0,0.0
1495619606353838023,0.0,0.0,1.00001038103,0.0,0.0,0.00031522973381,0.0,0.0,0.0
1495619606403885519,0.0,0.0,1.00001090652,0.0,0.0,-2.160123621e-05,0.0,0.0,0.0
1495619606452073769,0.0,0.0,1.00002497436,0.0,0.0,0.000311764917538,0.0,0.0,0.0
1495619606502734192,0.0,0.0,1.00002532766,0.0,0.0,-2.50251676497e-05,0.0,0.0,0.0
1495619606553984564,0.0,0.0,1.00002408391,0.0,0.0,-2.47298706714e-05,0.0,0.0,0.0
1495619606602498764,0.0,0.0,1.00002285483,0.0,0.0,-2.44380581975e-05,0.0,0.0,0.0
1495619606653334698,0.0,0.0,1.00000649884,0.0,0.0,-0.000357260948271,0.0,0.0,0.0
1495619606702522447,0.0,0.0,1.00000388439,0.0,0.0,-1.99340099212e-05,0.0,0.0,0.0
1495619606752985568,0.0,0.0,1.00000289367,0.0,0.0,-1.96987886041e-05,0.0,0.0,0.0
1495619606803877794,0.0,0.0,1.00000191464,0.0,0.0,-1.94663428986e-05,0.0,0.0,0.0
1495619606853364534,0.0,0.0,1.00000094716,0.0,0.0,-1.92366400524e-05,0.0,0.0,0.0
1495619606902917623,0.0,0.0,0.999999991103,0.0,0.0,-1.90096476997e-05,0.0,0.0,0.0
1495619606953531252,0.0,0.0,0.999999046324,0.0,0.0,-1.87853338569e-05,0.0,0.0,0.0
1495619607005463694,0.0,0.0,0.999998112693,0.0,0.0,-1.85636669174e-05,0.0,0.0,0.0
1495619607052267551,0.0,0.0,0.999997190078,0.0,0.0,-1.83446156477e-05,0.0,0.0,0.0
1495619607103043980,0.0,0.0,0.999996278351,0.0,0.0,-1.81281491831e-05,0.0,0.0,0.0
1495619607153004803,0.0,0.0,0.999995377382,0.0,0.0,-1.79142370227e-05,0.0,0.0,0.0
1495619607211536059,0.0,0.0,0.999994487044,0.0,0.0,-1.77028490259e-05,0.0,0.0,0.0
1495619607252565368,0.0,0.0,0.999993607213,0.0,0.0,-1.74939554074e-05,0.0,0.0,0.0
1495619607302965911,0.0,0.0,0.999992737763,0.0,0.0,-1.72875267336e-05,0.0,0.0,0.0
1495619607352226296,0.0,0.0,0.999991878573,0.0,0.0,-1.70835339181e-05,0.0,0.0,0.0
1495619607402749969,0.0,0.0,0.999991029521,0.0,0.0,-1.68819482179e-05,0.0,0.0,0.0
1495619607452688931,0.0,0.0,0.999990190489,0.0,0.0,-1.66827412289e-05,0.0,0.0,0.0
1495619607505562624,0.0,0.0,0.999989361356,0.0,0.0,-1.64858848824e-05,0.0,0.0,0.0
