%time,field.header.seq,field.header.stamp,field.header.frame_id,field.x,field.y,field.phi,field.theta,field.psi,field.u,field.v,field.p,field.q,field.r
1495278874378917078,1,0,,-39.3355903625,-49.3836326599,-0.00815892592072,0.0364264287055,1.20279955864,0.770514905453,0.00257507711649,-0.0092318309471,0.0106402840465,0.138122349977
1495278874413672196,2,0,,-39.3006324768,-49.2871131897,-0.00563007593155,0.0354710370302,1.16643106937,1.02654182911,0.0021982844919,0.0252884980291,-0.00955392140895,0.183331102133
1495278874506336563,3,0,,-39.2602729797,-49.18567276,-0.00657437834889,0.0178422536701,1.16600418091,1.09174191952,0.0035605779849,-0.00944302417338,-0.176287814975,0.224570080638
1495278874604520208,4,0,,-39.2180404663,-49.0785903931,-0.00354567565955,0.00923155527562,1.12579298019,1.15107703209,0.00271256454289,0.030287027359,-0.0861069858074,0.267874985933
1495278874703335008,5,0,,-39.1661338806,-48.9617080688,0.00264916219749,0.0145839015022,1.1034938097,1.27892553806,0.00102325843181,0.0619483776391,0.0535234585404,0.262508958578
1495278874807543861,6,0,,-39.1075592041,-48.8373603821,0.00096681661671,0.0158717352897,1.07841145992,1.37452399731,0.00247749499977,-0.0168234556913,0.0128783322871,0.252893567085
1495278874903601188,7,0,,-39.0533218384,-48.7312164307,1.32823115564e-05,-0.0095281265676,1.05321860313,1.19197952747,0.000101410303614,-0.00953534338623,-0.253998607397,0.198946774006
1495278875002427512,8,0,,-38.9905815125,-48.6161460876,0.0054546832107,0.00525286747143,1.02625608444,1.31062722206,-0.00172218959779,0.054414011538,0.147809937596,0.197183310986
1495278875106241412,9,0,,-38.9330444336,-48.5181236267,0.00118828192353,-0.00966391246766,1.02582478523,1.13661313057,-0.000407951854868,-0.042664013803,-0.149167791009,0.14100728929
1495278875204263304,10,0,,-38.8689613342,-48.4093894958,0.00320373172872,0.00763193145394,0.974757015705,1.26214075089,-0.0020430686418,0.0201544966549,0.172958433628,0.140565529466
1495278875309253401,11,0,,-38.8080787659,-48.3182144165,-0.000484329415485,-0.00780856190249,0.946062326431,1.09632146358,-0.00161318178289,-0.0368806123734,-0.154404938221,0.0873631462455
1495278875314351535,12,0,,-38.7527084351,-48.2415542603,0.00390917109326,-0.0170456506312,0.91801160574,0.945658266544,-0.00466141430661,0.0439350046217,-0.0923708900809,0.0413064919412
1495278875382530806,13,0,,-38.6910629272,-48.1595458984,0.000379941775464,0.00196077744476,0.917698979378,1.02591657639,-0.000364029809134,-0.0352922938764,0.190064281225,0.0856833159924
1495278875406526036,14,0,,-38.6259155273,-48.0717506409,-0.00760927610099,0.0116475429386,0.857620835304,1.09329140186,0.00194840633776,-0.07989218086,0.0968676507473,0.129318132997
1495278875515506305,15,0,,-38.5476226807,-47.9790725708,-0.00383708719164,0.017830312252,0.823954999447,1.21319413185,-0.00163301033899,0.0377218909562,0.0618276894093,0.130627989769
1495278875617016071,16,0,,-38.4598197937,-47.881942749,-0.000998286646791,0.0169793535024,0.789904415607,1.30934357643,-0.00116926827468,0.0283880066127,-0.008509574458,0.127338185906
1495278875716353354,17,0,,-38.3808441162,-47.8013305664,0.00103328935802,-0.00953855272382,0.757913291454,1.12852096558,-0.002149265958,0.020315758884,-0.26517906785,0.0763610973954
1495278875811991354,18,0,,-38.2903289795,-47.7146911621,0.0065622231923,0.00545919081196,0.727392733097,1.25296592712,-0.00256626564078,0.0552893392742,0.149977430701,0.0767248645425
1495278875918582003,19,0,,-38.209777832,-47.6427345276,0.00142030534334,-0.00955156981945,0.691295981407,1.08011436462,-0.000671560293995,-0.0514191798866,-0.150107607245,0.0231592599303
1495278876016368670,20,0,,-38.1168479919,-47.5657272339,0.00322740175761,0.00768002914265,0.655373632908,1.20688021183,-0.0022733444348,0.0180709660053,0.172315984964,0.0258344952017
1495278876117428449,21,0,,-38.0339546204,-47.5025444031,-0.000268746371148,-0.00777672510594,0.62129765749,1.04227769375,-0.00174927536864,-0.0349614806473,-0.154567539692,-0.0244346950203
1495278876216886278,22,0,,-37.9381942749,-47.4346694946,0.00343824131414,0.00849599484354,0.581505060196,1.17373585701,-0.00310026737861,0.037069875747,0.162727192044,-0.0203518010676
1495278876322510254,23,0,,-37.8322219849,-47.3653945923,-0.000802928057965,0.0155620565638,0.538000106812,1.2660728693,-0.000358955614502,-0.0424116924405,0.0706606209278,-0.0226690769196
1495278876333549926,24,0,,-37.7154808044,-47.2961769104,-0.0025006851647,0.01611847803,0.494181483984,1.35720562935,-0.000920239079278,-0.0169775690883,0.00556421093643,-0.0211281962693
1495278876393663576,25,0,,-37.6137046814,-47.2425498962,-0.000488980091177,-0.0117982290685,0.449172496796,1.15038740635,-0.00293636787683,0.0201170500368,-0.279167056084,-0.0668267011642
1495278876413614577,26,0,,-37.5264587402,-47.2022094727,0.00749426614493,-0.0238993968815,0.404471337795,0.961196899414,-0.00492221536115,0.079832457006,-0.121011674404,-0.109734803438
1495278876520088242,27,0,,-37.4239311218,-47.1598320007,0.00862803682685,0.00560316769406,0.367350965738,1.10940027237,-0.00182914105244,0.0113377077505,0.295025646687,-0.108646988869
1495278876617235512,28,0,,-37.310710907,-47.117515564,-0.00211849925108,0.0175839699805,0.325430959463,1.20870757103,0.00169912190177,-0.107465356588,0.119808025658,-0.11073871702
1495278876715136789,29,0,,-37.2120780945,-47.0861320496,-0.00382846547291,-0.0064930501394,0.27941262722,1.03503119946,-0.00219122390263,-0.0170996636152,-0.240770205855,-0.152666151524
1495278876816295532,30,0,,-37.0995941162,-47.0560302734,0.00499553233385,0.00715271523222,0.234187707305,1.16440665722,-0.00409776577726,0.0882399827242,0.136457651854,-0.144041791558
1495278876917112193,31,0,,-37.0016975403,-47.0348052979,0.00273990654387,-0.0085067525506,0.18773317337,1.00173211098,-0.00145307811908,-0.0225562583655,-0.15659467876,-0.192247241735
1495278877016972937,32,0,,-36.8898582458,-47.0158920288,0.00472518242896,0.00826117116958,0.139599069953,1.13427937031,-0.0019119551871,0.0198527555913,0.167679235339,-0.185394659638
1495278877117234779,33,0,,-36.7680244446,-47.0009918213,-0.000563412497286,0.0155988624319,0.0905774831772,1.22740840912,0.000586986192502,-0.0528859496117,0.0733769088984,-0.183698162436
1495278877217015903,34,0,,-36.6635894775,-46.9940567017,-0.00125682959333,-0.0085623357445,0.0454956814647,1.04663670063,-0.00180895137601,-0.0069341706112,-0.241611987352,-0.225439175963
1495278877335654803,35,0,,-36.5464057922,-46.9915618896,0.00599196786061,0.00616711378098,6.19893312454,1.17208480835,-0.00305445049889,0.0724879726768,0.147294491529,-0.216170683503
1495278877340053756,36,0,,-36.4189300537,-47.0050125122,0.00175878545269,0.0161498431116,6.233751297,1.28186058998,0.000838903069962,-0.0423318222165,0.0998272970319,-0.215191230178
1495278877408620017,37,0,,-36.3109817505,-47.013217926,-0.00123459927272,-0.00954351201653,6.18482303619,1.08258402348,-0.000735765846912,-0.029933847487,-0.256933569908,-0.257616847754
1495278877427831678,38,0,,-36.2215614319,-47.0251312256,0.00642036367208,-0.0221090819687,6.13385438919,0.902112901211,-0.00418516760692,0.0765496268868,-0.125655695796,-0.29447478056
1495278877515774146,39,0,,-36.1257209778,-47.0418319702,0.00349549530074,-0.00109136058018,6.08329963684,0.972840070724,0.00112095638178,-0.0292486846447,0.210177212954,-0.243168890476
1495278877633903204,40,0,,-36.0184898376,-47.0660743713,-0.000661267957184,0.0164063051343,6.03739833832,1.09937095642,0.00148942158557,-0.0415676310658,0.174976661801,-0.238073289394
1495278877732467624,41,0,,-35.903213501,-47.0977516174,-0.00297706644051,0.0184304602444,5.9853181839,1.19549119473,0.000957489653956,-0.023157985881,0.0202415473759,-0.232052326202
1495278877822485146,42,0,,-35.8065834045,-47.1304969788,0.000199736765353,-0.0082134809345,5.98457527161,1.02027618885,-0.00166239903774,0.0317680314183,-0.266439408064,-0.272293031216
1495278877934772819,43,0,,-35.6979637146,-47.1672973633,0.00781275890768,0.00586268818006,5.88654947281,1.1468411684,-0.00197762274183,0.0761302262545,0.140761688352,-0.263312518597
1495278878024833853,44,0,,-35.608707428,-47.2079086304,0.00340495468117,-0.00916917994618,5.83854579926,0.980586409569,0.000564831658266,-0.0440780445933,-0.150318682194,-0.30938744545
1495278878134171151,45,0,,-35.5096855164,-47.2588500977,0.00484207831323,0.00819726474583,5.78356218338,1.11358463764,-0.00061698409263,0.0143712367862,0.173664450645,-0.299415230751
1495278878228935366,46,0,,-35.4054107666,-47.319644928,-0.000210295795114,0.0156896412373,5.72988080978,1.20703220367,0.00153418828268,-0.0505237430334,0.074923761189,-0.294889569283
1495278878305307019,47,0,,-35.3203086853,-47.3763313293,-0.000725133519154,-0.00887922663242,5.67917919159,1.02251696587,-0.000919996120501,-0.00514837726951,-0.245688676834,-0.3341537714
1495278878334221241,48,0,,-35.2519760132,-47.4277763367,0.00735226785764,-0.0206108111888,5.67846059799,0.855327367783,-0.00369783677161,0.0807740092278,-0.117315836251,-0.369979679585
1495278878386494787,49,0,,-35.1770210266,-47.4829406738,0.00380578194745,-0.000154495035531,5.577729702,0.930679500103,0.0018548683729,-0.0354648567736,0.20456315577,-0.317383795977
1495278878434830753,50,0,,-35.1029281616,-47.5488967896,-0.0058134351857,0.0105706676841,5.52635145187,0.991962850094,0.00457636127248,-0.0961921736598,0.107251629233,-0.265137225389
1495278878531966359,51,0,,-35.0241546631,-47.6270904541,-0.00262018037029,0.0173737872392,5.47419643402,1.1099255085,0.000624241540208,0.0319325476885,0.0680311918259,-0.254414141178
1495278878622331691,52,0,,-34.9431686401,-47.7162017822,0.000389058666769,0.0166277252138,5.42477178574,1.20414853096,0.000871821248438,0.0300923883915,-0.00746062258258,-0.248575910926
1495278878734609167,53,0,,-34.8786811829,-47.7954292297,0.00266187218949,-0.00994565151632,5.37525510788,1.02154695988,-0.000112197703857,0.0227281358093,-0.265733748674,-0.29087677598
1495278878828788392,54,0,,-34.810874939,-47.8876075745,0.00823751930147,0.00501076504588,5.32060861588,1.14430344105,-0.000476518878713,0.0557564683259,0.149564161897,-0.282148450613
1495278878935474445,55,0,,-34.7577514648,-47.9692382812,0.00308236968704,-0.00963226985186,5.266477108,0.973937392235,0.0014144066954,-0.0515514947474,-0.14643034339,-0.327499330044
1495278879033392762,56,0,,-34.7027320862,-48.06483078,0.00474950997159,0.00776393106207,5.21420049667,1.10295331478,-0.000185180120752,0.0166714042425,0.173962011933,-0.316838294268
1495278879128140984,57,0,,-34.6604576111,-48.1488494873,0.00119148171507,-0.0076784575358,5.1614356041,0.940567553043,0.000278287334368,-0.0355802848935,-0.154423892498,-0.359229803085
1495278879233415894,58,0,,-34.6173171997,-48.2472305298,0.00490255793557,0.00857358518988,5.11414146423,1.07422852516,-0.00112589623313,0.037110760808,0.162520423532,-0.347451090813
1495278879342364944,59,0,,-34.575176239,-48.3562431335,0.000656688469462,0.0156268645078,5.01614570618,1.16873311996,0.00158372533042,-0.0424586944282,0.0705327987671,-0.342277318239
1495278879346933821,60,0,,-34.5413665771,-48.4778289795,-0.00107177568134,0.0161798596382,5.0148601532,1.26198685169,0.000992711633444,-0.0172846410424,0.00552994478494,-0.333426147699
1495278879402629730,61,0,,-34.5136451721,-48.580280304,0.000954857619945,-0.0113616865128,4.95797634125,1.06137299538,-0.00107272877358,0.0202663317323,-0.275415450335,-0.371951162815
1495278879433281324,62,0,,-34.4960861206,-48.6663169861,0.00883028376848,-0.0233034044504,4.90879821777,0.878075778484,-0.00306421844289,0.0787542685866,-0.119417183101,-0.407923221588
1495278879526757247,63,0,,-34.4800758362,-48.7678565979,0.00985601451248,0.0058327591978,4.84934997559,1.02793216705,-1.69447885128e-05,0.0102573046461,0.291361629963,-0.400018543005
1495278879628377641,64,0,,-34.4687538147,-48.880191803,-0.000816129497252,0.0176299195737,4.79673719406,1.12906658649,0.00342251872644,-0.106721438468,0.117971614003,-0.395367741585
1495278879740718324,65,0,,-34.4648551941,-48.9758300781,-0.0025072270073,-0.00647211680189,4.74308872223,0.957170188427,-0.000484064046759,-0.016910975799,-0.241020366549,-0.430795133114
1495278879827374176,66,0,,-34.4662780762,-49.0846481323,0.00625931750983,0.00719057815149,4.69163513184,1.08825230598,-0.00240660924464,0.0876654461026,0.136626943946,-0.415833085775
1495278879941471646,67,0,,-34.4711074829,-49.1772422791,-0.00500575779006,-0.0085052382201,4.64334440231,0.927219212055,0.0049103172496,-0.112650752068,-0.156958162785,-0.366390794516
1495278880041980447,68,0,,-34.4822349548,-49.2832183838,0.00312550598755,0.00876767002046,4.5958070755,1.06556844711,-0.000604827830102,0.0813126415014,0.172729089856,-0.350272655487
1495278880140555971,69,0,,-34.4994659424,-49.3979263306,0.00184281228576,0.0158297345042,4.59518384933,1.15996110439,0.0023914212361,-0.0128269381821,0.0706206336617,-0.345688819885
1495278880240588245,70,0,,-34.5145950317,-49.4948196411,0.00106164184399,-0.0085394885391,4.48649835587,0.980677306652,0.000844909925945,-0.00781170418486,-0.243692219257,-0.385483145714
1495278880338333635,71,0,,-34.5434684753,-49.6017532349,0.00720504065976,0.00616564042866,4.43439340591,1.10761523247,-0.000544270733371,0.0614339858294,0.147051289678,-0.373220235109
1495278880346088811,72,0,,-34.5809440613,-49.7177314758,0.00249444996007,0.0161807704717,4.37304639816,1.21881067753,0.00281609641388,-0.0471059083939,0.10015130043,-0.368635356426
1495278880407986487,73,0,,-34.6187400818,-49.8125648499,-0.000477739842609,-0.00949693284929,4.32650995255,1.02090108395,0.000861262262333,-0.0297218970954,-0.256777018309,-0.407508760691
1495278880442203618,74,0,,-34.6658554077,-49.9162902832,0.00662463949993,0.00494787981734,4.26828765869,1.1392339468,-0.00130619353149,0.0710237920284,0.144448116422,-0.39344856143
1495278880539549446,75,0,,-34.7108078003,-50.0012130737,0.0035287134815,-0.0104761989787,4.22522974014,0.960857987404,0.000789812824223,-0.0309592615813,-0.154240787029,-0.435796260834
1495278880640123688,76,0,,-34.7656936646,-50.0949707031,0.00574918277562,0.00702683068812,4.17598485947,1.08640134335,-0.00014092726633,0.0222046934068,0.17503029108,-0.423046201468
1495278880741197645,77,0,,-34.8162841797,-50.1718559265,0.00176541192923,-0.00824056006968,4.1277422905,0.920375406742,0.000694233342074,-0.0398377105594,-0.152673900127,-0.463304698467
1495278880840294324,78,0,,-34.8784332275,-50.2570533752,0.00523134320974,0.00845580920577,4.12712240219,1.05455541611,-0.000720599491615,0.0346593111753,0.16696369648,-0.449034541845
1495278880939418941,79,0,,-34.9459342957,-50.3500823975,0.000927504093852,0.0156742110848,4.0179104805,1.1494051218,0.00197678664699,-0.0430383905768,0.0721840262413,-0.441429138184
1495278881039950230,80,0,,-35.0112533569,-50.4212799072,0.000154797409778,-0.00890635419637,3.96535015106,0.966221570969,-0.00013650933397,-0.0077270665206,-0.245805665851,-0.477668583393
1495278881140048225,81,0,,-35.0892944336,-50.4978942871,0.00724716670811,0.00604321900755,3.91864275932,1.09360909462,-0.00142265576869,0.0709236934781,0.149495735765,-0.462669402361
1495278881240642022,82,0,,-35.1586112976,-50.5596351624,0.00372657552361,-0.00894854776561,3.87372422218,0.92826539278,0.000890123192221,-0.0352059155703,-0.149917662144,-0.503516674042
1495278881342769814,83,0,,-35.2406806946,-50.6264381409,0.0056797368452,0.00791086163372,3.87314867973,1.05821967125,-2.28595145018e-05,0.0195316150784,0.168594092131,-0.489116996527
1495278881349097853,84,0,,-35.3315429688,-50.7007408142,0.00105180649552,0.0174315012991,3.77704000473,1.17372500896,0.002264930401,-0.0462793037295,0.0952064022422,-0.480166733265
1495278881404374715,85,0,,-35.4137077332,-50.7550506592,-0.000331111892592,-0.00844609271735,3.72281002998,0.984924972057,0.000199627436814,-0.0138291837648,-0.258775919676,-0.515681445599
1495278881440398779,86,0,,-35.5006523132,-50.8049850464,0.0116146607324,-0.00395285943523,3.66893410683,1.00265359879,-0.00408870540559,0.11945772171,0.0449323281646,-0.558317422867
1495278881540214824,87,0,,-35.5996513367,-50.855758667,0.00685822544619,0.0110300062224,3.61884641647,1.11259174347,0.00182050419971,-0.0475643500686,0.149828657508,-0.550953626633
1495278881643215911,88,0,,-35.6852607727,-50.8939743042,0.000281999527942,-0.00824853777885,3.57100248337,0.937515735626,0.00121574860532,-0.0657622590661,-0.192785441875,-0.586745917797
1495278881741954864,89,0,,-35.7847938538,-50.9327507019,0.00526135182008,0.00747217889875,3.52740001678,1.06820356846,-0.00120561290532,0.049793522805,0.157207176089,-0.567934393883
1495278881843578820,90,0,,-35.8707313538,-50.9617729187,0.00302938790992,-0.00802073348314,3.48251581192,0.907056093216,0.000324815890053,-0.022319637239,-0.154929131269,-0.604951024055
1495278881942627938,91,0,,-35.9707794189,-50.990737915,0.00621716724709,0.00847374089062,3.43705773354,1.04153311253,-0.00031010285602,0.0318777933717,0.16494473815,-0.588058888912
1495278882040094383,92,0,,-36.0811920166,-51.0177536011,0.00142785406206,0.0156530383974,3.38571476936,1.13671445847,0.00251831975766,-0.0478931330144,0.0717929676175,-0.577285706997
1495278882144573870,93,0,,-36.1749725342,-51.03515625,0.00054785964312,-0.00890938006341,3.34059476852,0.953824102879,0.00035537200165,-0.00879994500428,-0.245624184608,-0.610218048096
1495278882242027045,94,0,,-36.282081604,-51.0501327515,0.00771978963166,0.00605240417644,3.2917368412,1.08147954941,-0.000922600331251,0.0717192962766,0.14961785078,-0.592059075832
1495278882341361814,95,0,,-36.3733596802,-51.0582542419,0.00425718352199,-0.00893851462752,3.2484869957,0.91639649868,0.00144596386235,-0.0346260592341,-0.149909183383,-0.629906654358
1495278882353442610,96,0,,-36.4498672485,-51.061290741,0.00704878056422,-0.0175915285945,3.20391249657,0.765667438507,-0.000933633185923,0.0279159713537,-0.086530148983,-0.660069704056
1495278882395017240,97,0,,-36.5344352722,-51.0618095398,0.00282563827932,0.00161691848189,3.16206669807,0.845708370209,0.00316538591869,-0.042231425643,0.192084476352,-0.599188864231
1495278882443928278,98,0,,-36.6326904297,-51.0583496094,0.000392653775634,0.0177060645074,3.1197385788,0.983166575432,0.00275521771982,-0.0243298448622,0.160891458392,-0.584699988365
1495278882542298329,99,0,,-36.7413902283,-51.0500106812,-0.000929593690671,0.0193699169904,3.07814693451,1.09016752243,0.00256928312592,-0.0132224746048,0.016638526693,-0.570885837078
1495278882643689924,100,0,,-36.8328170776,-51.0386619568,0.00198946730234,-0.00759292207658,3.03717803955,0.921277284622,0.000330736336764,0.0291906092316,-0.269628405571,-0.603797674179
1495278882745104147,101,0,,-36.9368247986,-51.0215415955,0.0092746168375,0.00640678126365,2.99415135384,1.05408895016,-1.93505707102e-06,0.0728515014052,0.139997035265,-0.587248027325
1495278882843505766,102,0,,-37.0243034363,-51.0031471252,0.00476460903883,-0.00860953330994,2.9535548687,0.893900215626,0.00244350126013,-0.045100081712,-0.150163143873,-0.625813484192
1495278882945341482,103,0,,-37.1244277954,-50.9778213501,0.00620708474889,0.00877178739756,2.9530403614,1.03280496597,0.00120834505651,0.0144247598946,0.173813208938,-0.608543455601
1495278883043937958,104,0,,-37.2342453003,-50.9503326416,0.00115544046275,0.0162646360695,2.87277555466,1.13202643394,0.00333780539222,-0.0505164451897,0.0749284923077,-0.596930742264
1495278883142013419,105,0,,-37.3243904114,-50.9193687439,0.000616480712779,-0.00830915104598,2.83339834213,0.953162133694,0.000862889690325,-0.00538959773257,-0.245737865567,-0.629281699657
1495278883246188049,106,0,,-37.4251594543,-50.880317688,0.00793309789151,0.00621614744887,2.79496741295,1.08070623875,-0.000454554799944,0.0731661692262,0.145252987742,-0.610829114914
1495278883329367272,107,0,,-37.5091629028,-50.8438644409,0.0045177792199,-0.0089615797624,2.79440879822,0.915714204311,0.00185751810204,-0.0341531857848,-0.151777267456,-0.648338019848
1495278883341809217,108,0,,-37.5791511536,-50.8129692078,0.00725373858586,-0.0176274757832,2.72393488884,0.765051603317,-0.000565441674553,0.0273595936596,-0.0866589546204,-0.678165078163
1495278883396087628,109,0,,-37.654296875,-50.7742996216,0.00295994523913,0.0016051834682,2.6917552948,0.845116972923,0.00347681459971,-0.0429379306734,0.192326590419,-0.61691570282
1495278883443025510,110,0,,-37.740196228,-50.7265930176,0.000495307496749,0.0177071858197,2.65856075287,0.98258459568,0.00300858030096,-0.0246463771909,0.161020025611,-0.602037012577
1495278883555353202,111,0,,-37.833694458,-50.6706390381,-0.000830545090139,0.0193727239966,2.62987422943,1.089594841,0.00278017856181,-0.0132585261017,0.0166553705931,-0.587837576866
1495278883653013665,112,0,,-37.9113960266,-50.6204833984,0.00214188615791,-0.00721607264131,2.5975985527,0.924847781658,0.000502203067299,0.0297243129462,-0.265887975693,-0.620350718498
1495278883743931093,113,0,,-37.9984207153,-50.5604133606,0.00929468031973,0.00656711915508,2.56491947174,1.05740666389,0.0001976886997,0.0715279430151,0.137831926346,-0.603513896465
1495278883845469494,114,0,,-38.0704917908,-50.506980896,0.00482651544735,-0.00859908945858,2.53270530701,0.89716565609,0.00257390597835,-0.0446816533804,-0.15166208148,-0.641651988029
1495278883943970567,115,0,,-38.1516952515,-50.4426460266,0.00631738407537,0.0087497709319,2.50193953514,1.03603422642,0.00132800126448,0.0149086844176,0.173488602042,-0.624020457268
1495278884057058901,116,0,,-38.2383651733,-50.369972229,0.00120179832447,0.0158760491759,2.47115540504,1.13106608391,0.00347741297446,-0.0511558540165,0.0712627843022,-0.612106144428
1495278884144819642,117,0,,-38.3090934753,-50.306186676,0.000764626311138,-0.00847287196666,2.44601368904,0.952398002148,0.0009490789962,-0.00437172036618,-0.243489205837,-0.644043982029
1495278884255021016,118,0,,-38.3874893188,-50.2319107056,0.00802219472826,0.0062050325796,2.42254042625,1.07993721962,-0.000328088295646,0.0725756809115,0.146779045463,-0.625317871571
1495278884304778251,119,0,,-38.4523277283,-50.1673622131,0.0045536281541,-0.00894035585225,2.3970990181,0.914926171303,0.00197178055532,-0.0346856638789,-0.151453882456,-0.662499964237
1495278884353761086,120,0,,-38.5248336792,-50.091506958,0.00651540467516,0.00827037449926,2.38065028191,1.04934072495,0.00102707115002,0.0196177642792,0.172107309103,-0.64448851347
1495278884375218912,121,0,,-38.604473114,-50.0059280396,0.00174942344893,0.0179648865014,2.35643553734,1.16900682449,0.00331039587036,-0.0476598143578,0.0969451144338,-0.632056713104
1495278884454867938,122,0,,-38.6691360474,-49.93227005,0.000251405872405,-0.00826800148934,2.33872866631,0.980152785778,0.00119259627536,-0.0149801755324,-0.262328863144,-0.664108276367
1495278884555353621,123,0,,-38.7404747009,-49.8480949402,0.00794414896518,0.00559007190168,2.31409811974,1.10338389874,-0.000496536202263,0.0769274234772,0.138580739498,-0.644331455231
1495278884649764509,124,0,,-38.7987480164,-49.7756271362,0.00477217696607,-0.0100018959492,2.28995108604,0.929932832718,0.00190245418344,-0.0317197181284,-0.155919671059,-0.681084692478
1495278884755457838,125,0,,-38.8632392883,-49.6914710999,0.00678299926221,0.00752160558477,2.26668906212,1.06022548676,0.00106166000478,0.0201082210988,0.175235003233,-0.662710249424
1495278884859581903,126,0,,-38.9160652161,-49.6187553406,0.00271331472322,-0.00771118933335,2.24870872498,0.898793697357,0.00189433654305,-0.0406968444586,-0.152327939868,-0.69739061594
1495278884953792207,127,0,,-38.975315094,-49.5340957642,0.0061351233162,0.00861902814358,2.23820137978,1.03332471848,0.000491037964821,0.0342180840671,0.16330216825,-0.677711904049
1495278885054255192,128,0,,-39.0393943787,-49.4411773682,0.00192271429114,0.0156734082848,2.22548365593,1.12869644165,0.00316829863004,-0.0421240888536,0.0705438032746,-0.664784431458
1495278885157000590,129,0,,-39.0919570923,-49.3620300293,0.00122299708892,-0.00854734890163,2.21215176582,0.950139164925,0.00107340142131,-0.00699717178941,-0.242207571864,-0.695883572102
1495278885256762578,130,0,,-39.1504402161,-49.2715072632,0.00813996419311,0.00620534783229,2.19776010513,1.07771158218,-0.000149498271639,0.0691696703434,0.147526964545,-0.675973951817
1495278885335859089,131,0,,-39.1987762451,-49.1940803528,0.00462550297379,-0.00892527960241,2.18452072144,0.912731230259,0.00209749303758,-0.0351446084678,-0.151306271553,-0.71185874939
1495278885354013492,132,0,,-39.2379112244,-49.1286849976,0.00744962552562,-0.0176073089242,2.1688451767,0.76211476326,-0.000347291497746,0.0282412264496,-0.0868202894926,-0.740133464336
1495278885394734802,133,0,,-39.280834198,-49.0562171936,0.0032239255961,0.00160948582925,2.15901660919,0.84224408865,0.00372930197045,-0.0422569997609,0.192167952657,-0.677447795868
1495278885455487849,134,0,,-39.3299789429,-48.9714584351,0.000763750169426,0.0177068524063,2.14569354057,0.979777634144,0.00329656968825,-0.0246017556638,0.160973668098,-0.661190032959
1495278885556268961,135,0,,-39.3833389282,-48.8767700195,-0.000579123327043,0.019373152405,2.13638353348,1.08685052395,0.00308294221759,-0.0134287355468,0.0166630018502,-0.645633220673
1495278885655058409,136,0,,-39.4272537231,-48.7961540222,0.00233005173504,-0.0075899255462,2.13043045998,0.91803175211,0.000819757930003,0.0290917512029,-0.269630789757,-0.676837921143
1495278885758855337,137,0,,-39.477104187,-48.7036361694,0.00960813928396,0.00640919664875,2.12865948677,1.05091392994,0.000467908539576,0.0727808699012,0.139991223812,-0.658621132374
1495278885857807934,138,0,,-39.5191497803,-48.6251068115,0.00508979940787,-0.00860739499331,2.12706542015,0.890794336796,0.00289743067697,-0.0451833978295,-0.150165915489,-0.695557892323
1495278885955390595,139,0,,-39.5676307678,-48.5342559814,0.00652322545648,0.00877386704087,2.12643289566,1.02976679802,0.0016477489844,0.0143342614174,0.173812627792,-0.676695287228
1495278886053285865,140,0,,-39.6210289001,-48.4347724915,0.00146302639041,0.0162667091936,2.12510585785,1.12905442715,0.00376364495605,-0.0506019927561,0.0749284252524,-0.663525283337
1495278886158239575,141,0,,-39.6654319763,-48.3507614136,0.000916255812626,-0.00830710306764,2.11818861961,0.950254738331,0.00127620471176,-0.0054677054286,-0.245738118887,-0.694353818893
1495278886255386565,142,0,,-39.7151947021,-48.2551498413,0.00822553411126,0.00621815212071,2.112241745,1.07786214352,-5.27830743522e-05,0.0730927810073,0.145252540708,-0.674413383007
1495278886337401603,143,0,,-39.7567749023,-48.1738739014,0.0048031383194,-0.00895962305367,2.11414265633,0.912931919098,0.00224853307009,-0.0342239551246,-0.151777744293,-0.710468173027
1495278886367759654,144,0,,-39.7912445068,-48.1058807373,0.0075322361663,-0.0176255628467,2.11358833313,0.762329876423,-0.000184574368177,0.0272909794003,-0.0866594091058,-0.738874077797
1495278886396268726,145,0,,-39.8301277161,-48.0311431885,0.00323180598207,0.00160705309827,2.12352919579,0.842454433441,0.00384803419001,-0.0430043041706,0.192326173186,-0.67623591423
1495278886458093837,146,0,,-39.8762664795,-47.944683075,0.000760748749599,0.0177090149373,2.12844896317,0.979980051517,0.00337058398873,-0.0247105713934,0.16101962328,-0.660000085831
1495278886566156321,147,0,,-39.9280090332,-47.8490829468,-0.000571326585487,0.019374512136,2.14254832268,1.08704698086,0.00313334399834,-0.0133207533509,0.016654971987,-0.644474446774
1495278886658458771,148,0,,-39.9726409912,-47.7683677673,0.00239505874924,-0.00721432315186,2.14269351959,0.922355353832,0.000846861745231,0.0296638533473,-0.265888363123,-0.675691604614
1495278886766081186,149,0,,-40.0238304138,-47.6761207581,0.00954197067767,0.00656883092597,2.15617871284,1.0549684763,0.00053413346177,0.0714691206813,0.137831538916,-0.657588481903
1495278886867634743,150,0,,-40.0682296753,-47.5984344482,0.0050680777058,-0.0085974149406,2.15630841255,0.894780516624,0.00290239974856,-0.0447389297187,-0.151662454009,-0.694489181042
1495278886972478173,151,0,,-40.1195487976,-47.5087051392,0.0065533653833,0.00875140912831,2.15977835655,1.03370094299,0.00164878403302,0.0148528758436,0.173488229513,-0.675648450851
1495278887081071312,152,0,,-40.1762313843,-47.4110870361,0.00143233896233,0.0158776510507,2.15984177589,1.12878370285,0.00379070546478,-0.0512102656066,0.0712624266744,-0.662552654743
1495278887167423843,153,0,,-40.2235298157,-47.3286819458,0.000989859807305,-0.00847130455077,2.17899608612,0.950165212154,0.00125508720521,-0.00442479224876,-0.243489563465,-0.693335950375
1495278887264864586,154,0,,-40.2790145874,-47.2362861633,0.00824224948883,0.0062065650709,2.19108104706,1.07775294781,-2.91713859042e-05,0.0725238993764,0.146778702736,-0.673481762409
1495278887335496543,155,0,,-40.3268661499,-47.1585540771,0.00476862862706,-0.00893885735422,2.19865560532,0.912789463997,0.00226378883235,-0.0347362086177,-0.151454225183,-0.70956158638
1495278887368422308,156,0,,-40.3669548035,-47.0937309265,0.00750714866444,-0.0176142472774,2.21248221397,0.762178122997,-0.000189439655514,0.0273851994425,-0.0867539048195,-0.737967610359
1495278887393022573,157,0,,-40.4130249023,-47.0232124329,0.00322921969928,0.00160885800142,2.21944260597,0.842306017876,0.00383993750438,-0.042779289186,0.192231059074,-0.675345003605
1495278887466739769,158,0,,-40.4672241211,-46.9415855408,0.000764561293181,0.0177079737186,2.23379945755,0.979836821556,0.00336738559417,-0.0246465839446,0.160991162062,-0.659135520458
1495278887565154099,159,0,,-40.5287322998,-46.8519744873,-0.000571555341594,0.0193737726659,2.24232888222,1.08690774441,0.00313243386336,-0.0133611662313,0.0166579894722,-0.643634140491
1495278887667816386,160,0,,-40.5811843872,-46.7761192322,0.00239127851091,-0.00721441023052,2.25054073334,0.922219276428,0.000844947935548,0.0296283382922,-0.265881836414,-0.67487102747
1495278887765940107,161,0,,-40.6422424316,-46.6895980835,0.00959130004048,0.00694449711591,2.25963044167,1.05896687508,0.000518433749676,0.0720002129674,0.141589075327,-0.65676009655
1495278887880693875,162,0,,-40.6946487427,-46.6166114807,0.00499088549986,-0.00843731407076,2.2733528614,0.898516595364,0.00293362792581,-0.0460041463375,-0.153818115592,-0.693756639957
1495278887969125093,163,0,,-40.7563209534,-46.5331954956,0.00652548903599,0.00876172818244,2.29310011864,1.03737533092,0.00162698409986,0.0153460334986,0.171990424395,-0.674867212772
1495278888067408960,164,0,,-40.8257026672,-46.4436988831,0.00145860831253,0.0158553924412,2.30497956276,1.13241291046,0.00377203244716,-0.0506688058376,0.0709366425872,-0.661783337593
1495278888164186420,165,0,,-40.8846473694,-46.3687210083,0.00100971071515,-0.00848469417542,2.31896448135,0.953727781773,0.00125520664733,-0.00448897713795,-0.243400856853,-0.692605912685
1495278888264786015,166,0,,-40.9527053833,-46.2847061157,0.00823982898146,0.00620248960331,2.32824802399,1.0812381506,-2.60891720245e-05,0.0723011791706,0.146871834993,-0.672775626183
1495278888329328021,167,0,,-41.0109558105,-46.2139892578,0.0047589824535,-0.00894003361464,2.3415594101,0.916196882725,0.00226136320271,-0.034808460623,-0.151425242424,-0.708866834641
1495278888365942454,168,0,,-41.0600852966,-46.1552810669,0.00750108063221,-0.0176156274974,2.35148501396,0.765510499477,-0.000194940643269,0.0274209827185,-0.0867559462786,-0.737284779549
1495278888394840472,169,0,,-41.1156959534,-46.091583252,0.00322669977322,0.00160689197946,2.36618280411,0.845565736294,0.0038348545786,-0.0427438132465,0.192225202918,-0.674677550793
1495278888481288337,170,0,,-41.1814689636,-46.0185241699,0.000762589741498,0.0177058018744,2.37744379044,0.983025729656,0.00336338463239,-0.0246410984546,0.160989105701,-0.658484399319
1495278888565820385,171,0,,-41.2553863525,-45.9384155273,-0.000574173405766,0.019371651113,2.39160823822,1.09002745152,0.00312881823629,-0.0133676314726,0.0166584830731,-0.64299839735
1495278888681574560,172,0,,-41.3187484741,-45.8709869385,0.00238831713796,-0.00721643678844,2.4072432518,0.925271034241,0.000841267348733,0.0296249072999,-0.26588088274,-0.674249768257
1495278888780831176,173,0,,-41.3924865723,-45.7951393127,0.00953488051891,0.00656703254208,2.41891813278,1.05782055855,0.000527074967977,0.0714656338096,0.137834697962,-0.656178712845
1495278888881987057,174,0,,-41.4742355347,-45.7137260437,0.00390543532558,0.0146583793685,2.4362154007,1.15372180939,0.00448330119252,-0.056294452399,0.0809134691954,-0.645797491074
1495278888984174982,175,0,,-41.5438461304,-45.6461105347,0.00107770587783,-0.00905689131469,2.44854474068,0.970441401005,0.00223433319479,-0.0282772947103,-0.237152710557,-0.67785346508
1495278889078938080,176,0,,-41.6232070923,-45.570892334,0.00758128706366,0.00577093847096,2.46157646179,1.09342396259,0.000283207045868,0.0650358125567,0.148278295994,-0.657874464989
1495278889184545923,177,0,,-41.6910057068,-45.5081100464,0.00446821236983,-0.00941142719239,2.47203731537,0.924043536186,0.00220398465171,-0.0311307478696,-0.151823654771,-0.693931281567
1495278889279895687,178,0,,-41.7691497803,-45.4373435974,0.00675603328273,0.00775364600122,2.4849114418,1.05423665047,0.00125677487813,0.0228782109916,0.171650737524,-0.675216436386
1495278889332546028,179,0,,-41.8571090698,-45.3602256775,0.00201277341694,0.0174344703555,2.4990799427,1.16978538036,0.00360518647358,-0.0474326014519,0.096808232367,-0.662208259106
1495278889376179719,180,0,,-41.9333572388,-45.2946281433,0.000805663061328,-0.00616523111239,2.51084733009,1.00582039356,0.00139894790482,-0.0120711037889,-0.235997006297,-0.693448781967
1495278889392329608,181,0,,-41.9965820312,-45.2408676147,0.00823662150651,-0.0204461105168,2.52543091774,0.829911291599,-0.00147393904626,0.0743095800281,-0.142808780074,-0.721088290215
1495278889477925828,182,0,,-42.0725021362,-45.1787719727,0.0109164360911,0.00629755621776,2.54068922997,0.980801701546,0.00107783207204,0.0267981439829,0.267436653376,-0.705117166042
1495278889577188870,183,0,,-42.1580352783,-45.1115913391,0.00122611632105,0.0177768133581,2.55408024788,1.08759772778,0.00483516370878,-0.0969031974673,0.114792577922,-0.693603754044
1495278889678177550,184,0,,-42.2308692932,-45.0552558899,-0.000805479765404,-0.00609530089423,2.56811761856,0.920786619186,0.00132269761525,-0.0203159600496,-0.23872114718,-0.722662866116
1495278889785551889,185,0,,-42.3150291443,-44.9920501709,0.00742699718103,0.00734772952273,2.56833195686,1.05252718925,-0.000595680088736,0.0823247656226,0.13443030417,-0.701105415821
1495278889884206194,186,0,,-42.3866729736,-44.938167572,0.00512925395742,-0.00805243384093,2.58737301826,0.896444499493,0.00181892223191,-0.0229774322361,-0.154001638293,-0.736344814301
1495278889981437413,187,0,,-42.4703140259,-44.8778648376,0.00705185672268,0.00847735255957,2.59904050827,1.03113532066,0.00131046865135,0.01922602579,0.165297865868,-0.717037677765
1495278890074518663,188,0,,-42.5630187988,-44.813129425,0.00185492017772,0.0160464178771,2.61428499222,1.13066828251,0.00371307181194,-0.0519693642855,0.0756906419992,-0.703095197678
1495278890184050050,189,0,,-42.641620636,-44.7594451904,0.00101865804754,-0.0083578415215,2.62828946114,0.951861083508,0.0013237465173,-0.00836262106895,-0.244042590261,-0.733033835888
1495278890278577363,190,0,,-42.7316398621,-44.6998825073,0.00824249256402,0.00623144069687,2.63927125931,1.07940220833,-2.06084041565e-05,0.0722383409739,0.145892813802,-0.712098121643
1495278890303465654,191,0,,-42.8319854736,-44.6356887817,0.00399033632129,0.0161894727498,2.6481757164,1.19122898579,0.00381056941114,-0.042521558702,0.0995803177357,-0.699758827686
1495278890381729796,192,0,,-42.9159698486,-44.5825309753,0.00093832903076,-0.0094939628616,2.65780329704,0.993934810162,0.00218490161933,-0.0305200740695,-0.256834357977,-0.731105148792
1495278890390283049,193,0,,-42.985004425,-44.5391387939,0.00852801091969,-0.0220520552248,2.66612672806,0.815391898155,-0.00132648402359,0.0758968219161,-0.125580921769,-0.757127225399
1495278890484276426,194,0,,-43.0611457825,-44.4934387207,0.00555151561275,-0.00103341322392,2.67784309387,0.888004183769,0.00391288800165,-0.0297649558634,0.210186421871,-0.695226192474
1495278890580160267,195,0,,-43.1489639282,-44.4422683716,0.00135160423815,0.0164625495672,2.68547034264,1.01638031006,0.00421772897243,-0.04199911654,0.174959629774,-0.679779708385
1495278890683425354,196,0,,-43.2457084656,-44.3869743347,-0.00100717472378,0.0184848923236,2.69730973244,1.11430633068,0.00362564320676,-0.0235877893865,0.0202234294266,-0.66364812851
1495278890792862944,197,0,,-43.3276977539,-44.3408241272,0.00212511653081,-0.00816043000668,2.69742631912,0.940858006477,0.000946876825765,0.0313229113817,-0.266453206539,-0.694010734558
1495278890880704072,198,0,,-43.4209442139,-44.2885246277,0.00969376042485,0.00591460382566,2.71450448036,1.0691511631,0.000573204131797,0.0756864398718,0.140750333667,-0.675377905369
1495278890992176907,199,0,,-43.5013504028,-44.2466239929,-0.00379394064657,-0.00897854473442,2.7255089283,0.906638681889,0.00782285165042,-0.13487701118,-0.148931488395,-0.619436621666
1495278891093075632,200,0,,-43.5939788818,-44.1990661621,0.00373800704256,0.00840859115124,2.73562502861,1.04121088982,0.00154732051305,0.0753194764256,0.17387136817,-0.597096085548
1495278891189842546,201,0,,-43.6957359314,-44.148525238,0.00287417718209,0.0157661605626,2.74567437172,1.13618719578,0.00411152141169,-0.00863829813898,0.0735756978393,-0.586548149586
1495278891290739804,202,0,,-43.7813453674,-44.1066055298,0.00223063817248,-0.00887713115662,2.75601768494,0.953231453896,0.00255296565592,-0.00643539009616,-0.24643291533,-0.620982706547
1495278891303620702,203,0,,-43.8522224426,-44.072265625,0.00911795627326,-0.0205957051367,2.76427936554,0.787575483322,-0.000383233767934,0.0688731819391,-0.117185734212,-0.650936484337
1495278891386816616,204,0,,-43.9307556152,-44.0361366272,0.00507172755897,-0.000110979191959,2.77318096161,0.864406466484,0.00459468597546,-0.0404622852802,0.20484726131,-0.591880619526
1495278891392580757,205,0,,-44.015625,-43.9988174438,-0.00451919389889,0.0106219686568,2.78157925606,0.927125751972,0.00690876273438,-0.0959092155099,0.10732948035,-0.533301413059
1495278891491551024,206,0,,-44.1116447449,-43.957195282,-0.00125977653079,0.0174197740853,2.79182434082,1.04649531841,0.0027592650149,0.0325941741467,0.0679780468345,-0.516529381275
1495278891590631711,207,0,,-44.2169380188,-43.9129600525,0.00171071640216,0.0166686400771,2.80218982697,1.14209878445,0.00288207270205,0.0297049283981,-0.00751132937148,-0.504813313484
1495278891691445368,208,0,,-44.3057479858,-43.8762779236,0.00390485255048,-0.00990622024983,2.8022787571,0.960848391056,0.00177690433338,0.0219413600862,-0.265748620033,-0.541331470013
1495278891789062042,209,0,,-44.4064407349,-43.8347892761,0.00947247352451,0.00542561290786,2.81758713722,1.08905768394,0.00128450954799,0.0556762069464,0.153318330646,-0.526890873909
1495278891891495948,210,0,,-44.4919433594,-43.800907135,0.00414947839454,-0.00943339429796,2.82653927803,0.919718444347,0.00312528642826,-0.0532299503684,-0.148590072989,-0.566748976707
1495278891990936875,211,0,,-44.5898780823,-43.7630615234,0.00583239644766,0.00781220430508,2.83891439438,1.04993367195,0.00139357079752,0.0168291833252,0.172455981374,-0.550573587418
1495278892090306145,212,0,,-44.6972770691,-43.723400116,0.00113967503421,0.0155938686803,2.84942364693,1.14488768578,0.00338216358796,-0.0469272173941,0.0778166428208,-0.540318191051
1495278892189780387,213,0,,-44.7876625061,-43.6905479431,0.000552969577257,-0.00883464422077,2.86096978188,0.961680352688,0.000930791837163,-0.00586705515161,-0.244285136461,-0.574190139771
1495278892292546039,214,0,,-44.8900642395,-43.6546974182,0.00775285251439,0.00571318157017,2.87103009224,1.08498215675,-0.000454212218756,0.07199883461,0.145478263497,-0.557091236115
1495278892334092035,215,0,,-45.0031814575,-43.6168785095,0.00342192291282,0.0156606417149,2.88373804092,1.19267630577,0.00329360552132,-0.0433092974126,0.0994746088982,-0.548403322697
1495278892392618192,216,0,,-45.0978393555,-43.5860786438,0.000388927408494,-0.00964281242341,2.88386011124,0.9954662323,0.0015704279067,-0.0303299538791,-0.25303453207,-0.583235442638
1495278892402246442,217,0,,-45.1753425598,-43.5602722168,0.00790521129966,-0.0220355857164,2.9069917202,0.816826164722,-0.00196473742835,0.0751628354192,-0.123927734792,-0.612727880478
1495278892492081958,218,0,,-45.2679786682,-43.5322380066,0.0104045718908,0.00615480029956,2.92134237289,0.967869281769,0.00063118932303,0.0249936040491,0.281903862953,-0.599374711514
1495278892592842606,219,0,,-45.3713951111,-43.5030326843,0.000545500952285,0.017969198525,2.93404436111,1.07461667061,0.00435219146311,-0.098590709269,0.118143990636,-0.590320527554
1495278892691351083,220,0,,-45.4589309692,-43.4789085388,-0.00137424271088,-0.00598171679303,2.94830322266,0.907965242863,0.00074731966015,-0.0191974360496,-0.239509165287,-0.62165915966
1495278892792120531,221,0,,-45.5599746704,-43.4526062012,0.00706327985972,0.00774840731174,2.95863509178,1.04411363602,-0.00118975050282,0.0843752250075,0.137301236391,-0.602378964424
1495278892897148482,222,0,,-45.6707229614,-43.4255409241,0.00346940965392,0.0149875991046,2.95878458023,1.14007675648,0.00290895602666,-0.0359387025237,0.0723919197917,-0.592714846134
1495278892990811091,223,0,,-45.7636108398,-43.4024085999,0.00128521060105,-0.00910304952413,2.99001026154,0.95723503828,0.00131042860448,-0.0218419898301,-0.240906491876,-0.626341640949
1495278893091417181,224,0,,-45.8692359924,-43.3796081543,0.00752085680142,0.00569931883365,3.00609111786,1.08060872555,-0.000265351147391,0.0623564645648,0.148023679852,-0.607810437679
1495278893193608318,225,0,,-45.95860672,-43.3616676331,0.00413503497839,-0.00942908972502,3.02347755432,0.911530733109,0.00171499536373,-0.033858217299,-0.151284083724,-0.644978642464
1495278893298679850,226,0,,-46.0611190796,-43.3429985046,0.00639656372368,0.00776474690065,3.04117465019,1.04198873043,0.000752764753997,0.0226152874529,0.171938359737,-0.627257287502
1495278893317561860,227,0,,-46.1754341125,-43.3246383667,0.00172852096148,0.0174483247101,3.05782938004,1.15779614449,0.00312889320776,-0.0466804280877,0.0968357771635,-0.615273952484
1495278893386104864,228,0,,-46.2713127136,-43.3103981018,0.000250660115853,-0.00840870197862,3.07512593269,0.969300448895,0.00105197029188,-0.0147786075249,-0.258570253849,-0.647724449635
1495278893395026110,229,0,,-46.3505058289,-43.2995109558,0.00851128436625,-0.0210232101381,3.09335398674,0.79936927557,-0.00207113614306,0.082606241107,-0.126145079732,-0.675915837288
1495278893493755774,230,0,,-46.4372291565,-43.2902946472,0.0052793584764,-0.00075530342292,3.1131708622,0.872124791145,0.00346812256612,-0.0323192551732,0.20267906785,-0.616215467453
1495278893590033590,231,0,,-46.5369682312,-43.2817993164,0.0010126568377,0.0164313428104,3.13368463516,1.00097763538,0.00372435036115,-0.042667016387,0.171866461635,-0.602505207062
1495278893693064639,232,0,,-46.6470909119,-43.2747535706,-0.00127560086548,0.0188110545278,3.15403389931,1.10345685482,0.00311261927709,-0.0228825770319,0.0237971246243,-0.588077783585
1495278893794614983,233,0,,-46.7399864197,-43.2701950073,0.00172087608371,-0.00801034737378,3.17418026924,0.930086433887,0.000505797448568,0.0299647692591,-0.268214017153,-0.620251715183
1495278893893331796,234,0,,-46.8462219238,-43.2672538757,0.0093809440732,0.00631044572219,3.19483089447,1.06275939941,8.18501939648e-05,0.0766006782651,0.143207937479,-0.603213727474
1495278893992218253,235,0,,-46.9364509583,-43.2665328979,0.00491733662784,-0.0085926214233,3.21655774117,0.902320325375,0.00261353165843,-0.0446360781789,-0.149030670524,-0.641544401646
1495278894094610394,236,0,,-47.0401268005,-43.2679748535,0.0062427748926,0.00841406174004,3.241065979,1.03687691689,0.00139993289486,0.0132543854415,0.170066818595,-0.623996734619
1495278894196639779,237,0,,-47.1532363892,-43.2726516724,0.00124188815244,0.0157307945192,3.26454305649,1.13204836845,0.0034626792185,-0.0500088706613,0.0731673315167,-0.611976087093
1495278894292280642,238,0,,-47.2479896545,-43.2783050537,0.000734864792321,-0.00886039622128,3.28846526146,0.949210226536,0.000983690377325,-0.0050702332519,-0.24591191113,-0.64399343729
1495278894342390506,239,0,,-47.355304718,-43.2873458862,0.00807955861092,0.00606198748574,3.31003141403,1.07696294785,-0.000340251484886,0.0734469369054,0.149223849177,-0.62520557642
1495278894397377457,240,0,,-47.4460067749,-43.2968482971,0.00456319004297,-0.00894147995859,3.33335399628,0.911986172199,0.00199676002376,-0.0351636819541,-0.150034680963,-0.662443518639
1495278894403862639,241,0,,-47.5215797424,-43.3061103821,0.0072681629099,-0.0175923854113,3.35937428474,0.761357426643,-0.000458145455923,0.0270497296005,-0.0865090563893,-0.691929459572
1495278894499178042,242,0,,-47.6046676636,-43.3194313049,0.00300706434064,0.00161942571867,3.38691806793,0.841492533684,0.00356108695269,-0.0426109880209,0.192118123174,-0.630343258381
1495278894592972651,243,0,,-47.7008666992,-43.3376312256,0.000566661125049,0.0177094936371,3.41484427452,0.979041695595,0.00309310294688,-0.0244040321559,0.160900682211,-0.61516058445
1495278894694923464,244,0,,-47.8069610596,-43.3608894348,-0.000760583963711,0.0193729735911,3.44030475616,1.08613204956,0.00286872894503,-0.0132724512368,0.0166348125786,-0.600671470165
1495278894793044322,245,0,,-47.8965492249,-43.3824424744,0.0022025348153,-0.0072147496976,3.46505141258,0.921461164951,0.00058889266802,0.0296311881393,-0.265877246857,-0.632895410061
1495278894902141924,246,0,,-47.9987564087,-43.409866333,0.00940381642431,0.00694478023797,3.49153470993,1.05822527409,0.000267093681032,0.0720128118992,0.141595304012,-0.615745425224
1495278895002498122,247,0,,-48.0852470398,-43.4354438782,0.00486094364896,-0.00806132610887,3.5183160305,0.901922643185,0.0026743337512,-0.0454287230968,-0.150061070919,-0.65365421772
1495278895092270781,248,0,,-48.1841964722,-43.4676322937,0.00627309689298,0.00892212986946,3.5531642437,1.04053211212,0.00142028392293,0.0141215352342,0.169834554195,-0.635759592056
1495278895192673423,249,0,,-48.2907752991,-43.506816864,0.00125947524793,0.0158660076559,3.58525061607,1.13552057743,0.00351776252501,-0.0501362197101,0.0694387853146,-0.623505234718
1495278895294825519,250,0,,-48.3796577454,-43.5422363281,0.000868626462761,-0.00850665941834,3.61793875694,0.956802606583,0.00100937241223,-0.00390848843381,-0.243726670742,-0.65519797802
1495278895332989660,251,0,,-48.4527053833,-43.5736198425,0.00882430747151,-0.0200722031295,3.64583873749,0.795054316521,-0.00173733755946,0.0795568078756,-0.115655437112,-0.683765769005
1495278895406576322,252,0,,-48.5313339233,-43.6112289429,0.00510984333232,4.93461047881e-05,3.70533895493,0.871569693089,0.00377747090533,-0.037144638598,0.201215490699,-0.624015390873
1495278895412372590,253,0,,-48.6126747131,-43.6571731567,-0.0044606719166,0.0106043359265,3.70620512962,0.934188187122,0.00639545731246,-0.0957051515579,0.105549894273,-0.564666092396
1495278895494835451,254,0,,-48.7045021057,-43.7088012695,-0.00124292087276,0.0173835121095,3.73700237274,1.05345141888,0.00241625006311,0.0321775078773,0.0677917599678,-0.547090053558
1495278895604122043,255,0,,-48.8027954102,-43.7682876587,0.00171757757198,0.0166527554393,3.77015995979,1.1489149332,0.002646260662,0.0296049844474,-0.00730756809935,-0.534579098225
1495278895706132571,256,0,,-48.8840827942,-43.8207626343,0.00393363088369,-0.00991033762693,3.80484414101,0.967513799667,0.00162338512018,0.022160531953,-0.265630930662,-0.570338070393
1495278895806937150,257,0,,-48.973613739,-43.8831825256,0.00947495549917,0.00504778046161,3.84279799461,1.09144341946,0.00121308327653,0.0554132498801,0.149581179023,-0.555205583572
1495278895905725411,258,0,,-49.0473022461,-43.9386329651,0.00429724901915,-0.00959676504135,3.8830909729,0.9222266078,0.00306318164803,-0.0517770685256,-0.146445453167,-0.59430205822
1495278896008557621,259,0,,-49.1287956238,-44.0052223206,0.00594058074057,0.00779788056388,3.91868400574,1.05236768723,0.00142744567711,0.0164333172143,0.173946455121,-0.577534556389
1495278896106741546,260,0,,-49.1962280273,-44.0641021729,0.00240904930979,-0.00726998271421,3.95497274399,0.895214498043,0.00184333906509,-0.0353153124452,-0.150678634644,-0.613934695721
1495278896205127171,261,0,,-49.2715797424,-44.1348838806,0.00601892266423,0.00914132874459,3.99212670326,1.03381884098,0.000438776187366,0.0360987298191,0.164113119245,-0.596378028393
1495278896302211305,262,0,,-49.3506660461,-44.215461731,0.0016683912836,0.0158286895603,4.03233289719,1.12904727459,0.00310766021721,-0.0435053110123,0.0668736025691,-0.585517942905
1495278896313269904,263,0,,-49.4327087402,-44.3061904907,1.77380861714e-05,0.0161987356842,4.071185112,1.22321891785,0.00243234634399,-0.0165065322071,0.00370045588352,-0.571027338505
1495278896385530140,264,0,,-49.4987449646,-44.38438797,0.00206753518432,-0.0113671738654,4.11382436752,1.02349567413,0.000355331343599,0.020497970283,-0.27565908432,-0.604129433632
1495278896404777699,265,0,,-49.5503196716,-44.4502983093,0.00983660388738,-0.0236668828875,4.15488624573,0.836903512478,-0.00163467531092,0.0776906833053,-0.12299708277,-0.63484197855
1495278896504114983,266,0,,-49.6075820923,-44.5307922363,0.0109363123775,0.00569639960304,4.19890928268,0.987829208374,0.00133058184292,0.0109970867634,0.293632805347,-0.621668934822
1495278896604113593,267,0,,-49.6664199829,-44.6225242615,0.000188312493265,0.0176453534514,4.24666309357,1.08981370926,0.00478308647871,-0.107479996979,0.119489528239,-0.612002074718
1495278896706335181,268,0,,-49.7127876282,-44.701839447,-0.00157256319653,-0.00642553204671,4.29313087463,0.918735682964,0.000840003951453,-0.0176087561995,-0.240708842874,-0.642473220825
1495278896803687295,269,0,,-49.7615470886,-44.7949028015,0.00718220090494,0.00722690112889,4.33436012268,1.05064189434,-0.00112995563541,0.0875476449728,0.13652433455,-0.622645676136
1495278896907624186,270,0,,-49.7998466492,-44.8757476807,0.00492277741432,-0.00805610883981,4.38148832321,0.894572734833,0.00143146282062,-0.0225942339748,-0.152830109,-0.659867405891
1495278897006131335,271,0,,-49.8395385742,-44.9711608887,0.00678810058162,0.00886995531619,4.42716026306,1.0334072113,0.000939295860007,0.0186532307416,0.169260650873,-0.642359316349
1495278897104796955,272,0,,-49.8777351379,-45.0773620605,0.00137673760764,0.0158402267843,4.47212553024,1.12857556343,0.003368685022,-0.0541136302054,0.069702707231,-0.630214631557
1495278897205405559,273,0,,-49.9063110352,-45.1679611206,0.000740508083254,-0.00850503146648,4.5235209465,0.950009047985,0.000860934145749,-0.00636229477823,-0.243452578783,-0.661664605141
1495278897306121439,274,0,,-49.9333381653,-45.272277832,0.0079910736531,0.00619921833277,4.57385635376,1.07760691643,-0.000423752353527,0.0725056529045,0.147042497993,-0.642427623272
1495278897314478577,275,0,,-49.956829071,-45.3888816833,0.00368442060426,0.016198694706,4.62806606293,1.18945086002,0.00343121681362,-0.0430665276945,0.0999947562814,-0.631720781326
1495278897384492438,276,0,,-49.9715576172,-45.4869995117,0.000617995043285,-0.00948387943208,4.62874031067,0.992183446884,0.00179510819726,-0.0306642558426,-0.256825745106,-0.664615273476
1495278897404105198,277,0,,-49.9841156006,-45.5673942566,0.00822678953409,-0.022048169747,4.73634433746,0.813676536083,-0.00172045780346,0.0760879442096,-0.125642895699,-0.692149102688
1495278897508200698,278,0,,-49.9872398376,-45.6559715271,0.00526743615046,-0.00103262218181,4.78583288193,0.886327028275,0.0035266939085,-0.029593532905,0.210155472159,-0.631737232208
1495278897615789798,279,0,,-49.9856719971,-45.757434845,0.00107406522147,0.0164628997445,4.84219121933,1.01474046707,0.0038415659219,-0.0419337116182,0.17495521903,-0.617749154568
1495278897715374948,280,0,,-49.9776191711,-45.8684120178,-0.00128161744215,0.0184855759144,4.89483642578,1.11270236969,0.00325721362606,-0.0235568266362,0.0202267598361,-0.60303992033
1495278897819260016,281,0,,-49.9664115906,-45.9616699219,0.00185531785246,-0.00815951358527,4.95541286469,0.939288973808,0.000584953231737,0.0313693545759,-0.266450881958,-0.634790122509
1495278897917460353,282,0,,-49.9471435547,-46.0666809082,0.00943008437753,0.00591555284336,5.00567817688,1.06761622429,0.000218093409785,0.0757476612926,0.140750661492,-0.617512822151
1495278898015428398,283,0,,-49.926399231,-46.1549987793,0.00503893615678,-0.00874194223434,5.0567650795,0.907216966152,0.00269781285897,-0.0439114756882,-0.146574944258,-0.655455112457
1495278898118267173,284,0,,-49.897403717,-46.2550468445,0.00631279172376,0.00840781535953,5.11059045792,1.04163658619,0.0015144207282,0.0127385528758,0.171497568488,-0.637639462948
1495278898217007802,285,0,,-49.85962677,-46.3622512817,0.00127402122598,0.0157493576407,5.175096035,1.13666927814,0.00356468139216,-0.0503877028823,0.0734154209495,-0.62530708313
1495278898304030321,286,0,,-49.8226509094,-46.4501647949,0.000778782996349,-0.00885314401239,5.23247480392,0.95371991396,0.00106675783172,-0.00495238183066,-0.246025010943,-0.657002747059
1495278898313241478,287,0,,-49.7884216309,-46.5211448669,0.00881608389318,-0.0205769110471,5.29810190201,0.788039624691,-0.00173803651705,0.0803730115294,-0.117237664759,-0.685461103916
1495278898366628994,288,0,,-49.744884491,-46.5958747864,0.0052143484354,-0.000112316425657,5.34783887863,0.86485606432,0.00377293373458,-0.0360173583031,0.204645946622,-0.625651836395
1495278898419840509,289,0,,-49.6903572083,-46.6794395447,0.000941608566791,0.0170219801366,5.3485159874,0.997813761234,0.00387864210643,-0.0427273996174,0.171342968941,-0.61162084341
1495278898516916401,290,0,,-49.6301193237,-46.7715110779,-0.00127881392837,0.0189689733088,5.45162963867,1.10024917126,0.00322419847362,-0.0222042240202,0.0194699279964,-0.596974253654
1495278898618017386,291,0,,-49.5717849731,-46.8440895081,0.00188935501501,-0.00765681499615,5.50651884079,0.931155383587,0.000578874896746,0.0316816866398,-0.266257882118,-0.628904461861
1495278898719963241,292,0,,-49.5006027222,-46.9231300354,0.00942461006343,0.00643677823246,5.5072684288,1.06367981434,0.000223907452892,0.0753525495529,0.140935927629,-0.611795067787
1495278898816382904,293,0,,-49.4401741028,-46.9902648926,0.00495522236452,-0.00859253387898,5.61695241928,0.90325075388,0.00270352000371,-0.0446938723326,-0.150293126702,-0.64989477396
1495278898917152143,294,0,,-49.362701416,-47.0593185425,0.00630447780713,0.00839413143694,5.67091751099,1.03781867027,0.0014727525413,0.0134925534949,0.169866651297,-0.63214892149
1495278899018640608,295,0,,-49.2739753723,-47.129776001,0.00129769300111,0.0157214924693,5.72221231461,1.13297867775,0.0035369747784,-0.0500678494573,0.0732736065984,-0.619956731796
1495278899116029668,296,0,,-49.1965942383,-47.1856155396,0.00082875485532,-0.00848629232496,5.77474164963,0.954251050949,0.00104124576319,-0.00468938145787,-0.242077842355,-0.651773393154
1495278899214902367,297,0,,-49.1056365967,-47.2441673279,0.00804002862424,0.00622244272381,5.82633781433,1.08171713352,-0.000243594942731,0.0721127390862,0.147087350488,-0.632884323597
1495278899307392480,298,0,,-49.0265197754,-47.2896347046,0.00451980251819,-0.00930667761713,5.87448596954,0.912524223328,0.00204673688859,-0.0352022610605,-0.155291199684,-0.669906020164
1495278899314403567,299,0,,-48.9592628479,-47.3245811462,0.00735348835588,-0.018150607124,5.92316055298,0.757962167263,-0.000443311873823,0.0283368602395,-0.0884393006563,-0.69916498661
1495278899368995635,300,0,,-48.8826942444,-47.3587265015,0.00316340755671,0.00143519311678,5.97068881989,0.838339090347,0.00359810632654,-0.0419008098543,0.195858001709,-0.63742518425
1495278899416476464,301,0,,-48.791759491,-47.3941497803,0.000596041441895,0.0177168790251,6.01599693298,0.975902616978,0.00318083050661,-0.025673661381,0.162816867232,-0.622160792351
1495278899515417677,302,0,,-48.6891365051,-47.4287528992,-0.000787592551205,0.0194069966674,6.06184387207,1.08301222324,0.00292685558088,-0.0138363400474,0.0169011689723,-0.607491970062
1495278899616754237,303,0,,-48.6009902954,-47.4545402527,0.00220674136654,-0.00719908392057,6.10476255417,0.918395996094,0.000620179751422,0.0299433395267,-0.26606079936,-0.63952755928
1495278899733065745,304,0,,-48.4989013672,-47.4795608521,0.00938674714416,0.00657215993851,6.15142393112,1.0510969162,0.000312026590109,0.0718000605702,0.137712433934,-0.622249424458
1495278899834218133,305,0,,-48.3862342834,-47.5011482239,0.00376461888663,0.0146607719362,6.15205430984,1.14714717865,0.00428085494787,-0.0562212839723,0.080886118114,-0.612654328346
1495278899932309518,306,0,,-48.291633606,-47.5196914673,0.000933110481128,-0.00905372202396,6.23483037949,0.964010953903,0.00203868397512,-0.0283150840551,-0.237144932151,-0.645473718643
1495278900031861842,307,0,,-48.1835899353,-47.5317230225,0.00743586290628,0.00577490404248,6.27736282349,1.08713340759,9.01944949874e-05,0.0650275275111,0.148286253214,-0.626235425472
1495278900129647811,308,0,,-48.0920257568,-47.5381355286,0.00432617077604,-0.00940729677677,0.117748707533,0.917889654636,0.00201365468092,-0.0310969222337,-0.151822015643,-0.663015127182
1495278900224303842,309,0,,-47.9873580933,-47.5324516296,0.00661825295538,0.00775763532147,0.0698450058699,1.04821670055,0.00107029476203,0.0229208245873,0.171649321914,-0.645007669926
1495278900305154556,310,0,,-47.898235321,-47.5320968628,0.00282076769508,-0.00732127623633,0.105514682829,0.891218602657,0.00188407010864,-0.0379748530686,-0.150789111853,-0.680108428001
1495278900333354092,311,0,,-47.8233795166,-47.5295982361,0.00700658932328,-0.0163828860968,0.139841303229,0.748983561993,-0.000964775506873,0.0418582186103,-0.0906160995364,-0.708446979523
1495278900378583307,312,0,,-47.7344856262,-47.5232200623,0.00860105641186,0.00754619902,0.175110593438,0.891212642193,0.000882693100721,0.0159446727484,0.239290848374,-0.692080378532
1495278900435835280,313,0,,-47.6392440796,-47.5118980408,-0.0041259736754,0.0139668760821,0.205187067389,0.959091603756,0.00637536030263,-0.127270311117,0.064206764102,-0.634143590927
1495278900525908327,314,0,,-47.5329818726,-47.4963188171,-0.00182823673822,0.0173034425825,0.238904327154,1.07400035858,0.00189751549624,0.0229773707688,0.0333656780422,-0.614015519619
1495278900634417167,315,0,,-47.4429969788,-47.4804496765,0.00310830981471,-0.00716241355985,0.27032110095,0.913745462894,0.000299260369502,0.0493654683232,-0.244658574462,-0.646413743496
1495278900732720240,316,0,,-47.3402442932,-47.4587631226,0.00977069605142,0.00727671245113,0.301212400198,1.05013072491,0.000701000913978,0.0666238665581,0.144391268492,-0.629921615124
1495278900826607738,317,0,,-47.2290306091,-47.4311676025,0.00357162137516,0.0149616505951,0.323096930981,1.14588439465,0.00460102176294,-0.0619907528162,0.0768493786454,-0.620241582394
1495278900931556279,318,0,,-47.1359825134,-47.406414032,0.000850901182275,-0.00902769342065,0.347692221403,0.962814092636,0.00211991695687,-0.0272072013468,-0.239893451333,-0.652653098106
1495278901029602477,319,0,,-47.0317459106,-47.3759307861,0.00753722665831,0.00574007024989,0.348043560982,1.0860260725,0.000144994002767,0.0668632537127,0.147677645087,-0.633224070072
1495278901130139214,320,0,,-46.943321228,-47.3501853943,0.00448948191479,-0.00905174389482,0.399391531944,0.92096054554,0.00209771096706,-0.0304774492979,-0.147918149829,-0.669889032841
1495278901240527832,321,0,,-46.8440742493,-47.3155937195,0.00659635523334,0.0079144500196,0.420968592167,1.05104601383,0.00120540766511,0.0210687350482,0.169661939144,-0.651836454868
1495278901306313572,322,0,,-46.7368202209,-47.2752075195,0.00161037186626,0.0155734997243,0.440530985594,1.14602255821,0.0035449413117,-0.0498598366976,0.076590500772,-0.639424085617
1495278901339899547,323,0,,-46.6217155457,-47.2291870117,-5.67878560105e-05,0.016276249662,0.458094745874,1.23963499069,0.00267995102331,-0.0166715979576,0.00702750124037,-0.623474180698
1495278901391205653,324,0,,-46.5241699219,-47.1887435913,0.00241228798404,-0.00979785248637,0.471921056509,1.05597913265,0.000508084194735,0.0246907584369,-0.260741025209,-0.65517437458
1495278901442392609,325,0,,-46.4446754456,-47.1549453735,0.00974276568741,-0.0233935564756,0.488616228104,0.863833606243,-0.00123917858582,0.073304772377,-0.135957032442,-0.685067474842
1495278901542586635,326,0,,-46.3525505066,-47.1134681702,0.011115340516,0.00518720550463,0.50578045845,1.01030576229,0.00151803973131,0.0137257529423,0.285807609558,-0.670467913151
1495278901641994108,327,0,,-46.2525100708,-47.0658378601,0.000574009492993,0.0169953368604,0.517298936844,1.10797119141,0.00500833708793,-0.10541331023,0.118081316352,-0.65968555212
1495278901734832101,328,0,,-46.1685256958,-47.0253105164,-0.00126135721803,-0.00701368646696,0.52823895216,0.932537734509,0.00114626262803,-0.0183536671102,-0.240090236068,-0.68916529417
1495278901837271036,329,0,,-46.0731925964,-46.9780044556,0.00743176368997,0.00706690829247,0.543072521687,1.06425189972,-0.000836838094983,0.086931206286,0.1408059448,-0.668262839317
1495278901935941334,330,0,,-45.9931793213,-46.9368972778,0.00496189715341,-0.00879115238786,0.556491076946,0.899548470974,0.00175072206184,-0.0246986653656,-0.158580601215,-0.704513251781
1495278902040038161,331,0,,-45.9018592834,-46.8883056641,0.00702135078609,0.0082010962069,0.563922405243,1.03444445133,0.00114072789438,0.0205945391208,0.169922485948,-0.685820758343
1495278902136528434,332,0,,-45.8027076721,-46.8341560364,0.00168114888947,0.015663234517,0.57143419981,1.12971615791,0.00361273717135,-0.0534020215273,0.0746213793755,-0.67271488905
1495278902242362214,333,0,,-45.7197151184,-46.7885665894,0.000853997189552,-0.00885473843664,0.575807154179,0.946907281876,0.00116853194777,-0.00827151723206,-0.245179727674,-0.703301727772
1495278902337488836,334,0,,-45.6257820129,-46.7363548279,0.00818309467286,0.00607838574797,0.583629488945,1.07469165325,-0.000201125687454,0.0732909739017,0.149331241846,-0.683007121086
1495278902345125002,335,0,,-45.5227851868,-46.6774368286,0.0038660406135,0.0162016171962,0.586961746216,1.18656778336,0.00367765687406,-0.0431705415249,0.101232305169,-0.67140352726
1495278902392638097,336,0,,-45.4368629456,-46.6283912659,0.000775556778535,-0.00946242548525,0.591969907284,0.989331781864,0.00203918409534,-0.0309048388153,-0.256640434265,-0.703396499157
1495278902438186068,337,0,,-45.3408813477,-46.5729637146,0.00776696903631,0.00497485278174,0.595353126526,1.10834538937,-2.51437122643e-05,0.0699141249061,0.144372791052,-0.682460606098
1495278902541918882,338,0,,-45.2603912354,-46.5262527466,0.00467015989125,-0.0104543622583,0.597361266613,0.930642187595,0.00211673299782,-0.030968092382,-0.154292151332,-0.718070626259
1495278902642562267,339,0,,-45.1691322327,-46.4729499817,0.00691616022959,0.00704664317891,0.597591400146,1.05684399605,0.00123487401288,0.0224599987268,0.175010055304,-0.698783993721
1495278902738032299,340,0,,-45.0920677185,-46.4281387329,0.00293473852798,-0.00822147540748,0.596825301647,0.891461551189,0.00211229990236,-0.0398142151535,-0.152681186795,-0.732689321041
1495278902842779837,341,0,,-45.0033302307,-46.3765830994,0.00638469168916,0.00847463961691,0.592236459255,1.02627086639,0.000720865966287,0.0344995334744,0.166961148381,-0.712222218513
1495278902941974224,342,0,,-44.906288147,-46.3203201294,0.0020613190718,0.0156928524375,0.591280639172,1.12173604965,0.00342479697429,-0.0432337261736,0.0721821337938,-0.698565363884
1495278903040285399,343,0,,-44.8244171143,-46.2734680176,0.00132383068558,-0.00851251464337,0.586295902729,0.943286120892,0.00129539484624,-0.00737488409504,-0.242053687572,-0.728871047497
1495278903140098581,344,0,,-44.7312355042,-46.2206687927,0.00827049650252,0.00622110068798,0.584866285324,1.07099747658,4.67825302621e-05,0.0694666579366,0.147336155176,-0.708182394505
1495278903241211579,345,0,,-44.6526451111,-46.1763916016,0.00472547765821,-0.00929631199688,0.579333901405,0.902033925056,0.0023043055553,-0.0354501865804,-0.155174121261,-0.743357777596
1495278903341519516,346,0,,-44.5624275208,-46.1261291504,0.00683911610395,0.00774570740759,0.579287111759,1.03276896477,0.00132848136127,0.02113638632,0.170420199633,-0.723375737667
1495278903345944660,347,0,,-44.4622497559,-46.0698890686,0.00213452102616,0.0174245759845,0.563905417919,1.14882063866,0.00366673944518,-0.0470459498465,0.096788674593,-0.70914375782
1495278903396753914,348,0,,-44.377571106,-46.0245475769,0.000653662427794,-0.00841151271015,0.554101347923,0.960527956486,0.00157794787083,-0.0148085858673,-0.258360892534,-0.739425301552
1495278903441552278,349,0,,-44.2815246582,-45.9742698669,0.00823556724936,0.0056205522269,0.544980287552,1.08411979675,-7.11831162334e-05,0.0758190453053,0.140320643783,-0.717965841293
1495278903543658838,350,0,,-44.2000198364,-45.9326438904,0.00508491136134,-0.00958111416548,0.544813215733,0.915172278881,0.00229155411944,-0.0315065532923,-0.152016654611,-0.752973496914
1495278903647957087,351,0,,-44.1069374084,-45.885017395,0.00700160954148,0.00770573085174,0.523234963417,1.04560029507,0.00148153246846,0.0191669799387,0.172868445516,-0.732998073101
1495278903748880885,352,0,,-44.0272598267,-45.8466072083,0.00300324847922,-0.00768898753449,0.510831356049,0.884509086609,0.00226566311903,-0.0399836078286,-0.153947174549,-0.766000211239
1495278903849512816,353,0,,-43.9349098206,-45.8034477234,0.00647420855239,0.00860639754683,0.49947348237,1.01938855648,0.000870984629728,0.0347096025944,0.162953853607,-0.744750320911
1495278903950308525,354,0,,-43.8335380554,-45.7569999695,0.0022420284804,0.0156705267727,0.489503026009,1.11507689953,0.00356444786303,-0.0423218011856,0.0706412866712,-0.73031026125
1495278904042911013,355,0,,-43.7478103638,-45.7192192078,0.00151082547382,-0.00854027736932,0.476826012135,0.936815977097,0.0014653801918,-0.0073120300658,-0.242108047009,-0.759912967682
1495278904141880581,356,0,,-43.6498794556,-45.6774482727,0.00841526221484,0.00621527573094,0.465337842703,1.06467616558,0.000229629091336,0.0690443664789,0.147555530071,-0.738529741764
1495278904239658308,357,0,,-43.5666656494,-45.6431655884,0.00489952834323,-0.00891587138176,0.452161729336,0.899978458881,0.00246688374318,-0.0351573377848,-0.151311472058,-0.772976994514
1495278904333042390,358,0,,-43.4708976746,-45.605091095,0.00688630063087,0.00791179202497,0.436620771885,1.03058028221,0.00153002515435,0.0198677238077,0.168276637793,-0.752383053303
1495278904342321503,359,0,,-43.363445282,-45.5638847351,0.00228942558169,0.0178150665015,0.421408742666,1.15083003044,0.00380055746064,-0.0459687523544,0.0990327447653,-0.737391650677
1495278904392221145,360,0,,-43.2729301453,-45.5312004089,0.000735607289243,-0.00827004294842,0.406232684851,0.962353229523,0.0017622334417,-0.0155381821096,-0.260851085186,-0.767097890377
1495278904444805835,361,0,,-43.1702613831,-45.4958267212,0.0083566820249,0.00562094105408,0.393266886473,1.08593761921,7.76018860051e-05,0.076210744679,0.138909831643,-0.744961082935
1495278904541154120,362,0,,-43.0835533142,-45.4672813416,0.00518083292991,-0.00997946411371,0.377696335316,0.912853837013,0.00245613465086,-0.0317584872246,-0.156004056334,-0.779376864433
1495278904656923521,363,0,,-42.9839630127,-45.4361076355,0.00720846420154,0.00753469252959,0.363707870245,1.04351782799,0.00160886382218,0.020276311785,0.175141572952,-0.758735895157
1495278904743620789,364,0,,-42.8993377686,-45.4110984802,0.00314010144211,-0.00770125957206,0.347787320614,0.882451534271,0.00244286679663,-0.0406836271286,-0.152359515429,-0.791217207909
1495278904842152592,365,0,,-42.8013420105,-45.3837814331,0.00655073858798,0.00862891040742,0.34760543704,1.01733899117,0.00103696773294,0.0341063663363,0.163301706314,-0.769391059875
1495278904944645933,366,0,,-42.6942329407,-45.3535003662,0.00232644472271,0.0156836807728,0.316536873579,1.11305880547,0.0037064848002,-0.04224293679,0.0705477073789,-0.754362225533
1495278905043452841,367,0,,-42.6034240723,-45.331287384,0.00161785131786,-0.00853704009205,0.302794337273,0.934841632843,0.00160201895051,-0.00708593428135,-0.242207214236,-0.783407390118
1495278905149491256,368,0,,-42.499874115,-45.3073730469,0.00852726493031,0.00621543684974,0.290272206068,1.06274688244,0.000369572167983,0.0690941363573,0.147524759173,-0.761492013931
1495278905248876450,369,0,,-42.412109375,-45.2883300781,0.00500498851761,-0.00891545973718,0.290061533451,0.898092091084,0.00260705454275,-0.035222761333,-0.151308968663,-0.795417964458
1495278905304175382,370,0,,-42.3115844727,-45.2664604187,0.00698567461222,0.00791285838932,0.273265570402,1.02873504162,0.00166664214339,0.0198068562895,0.168283179402,-0.774310410023
1495278905348947625,371,0,,-42.201423645,-45.2440223694,0.00206487276591,0.0155633520335,0.244725555182,1.12423527241,0.00400733621791,-0.0492080152035,0.0765049383044,-0.758970737457
1495278905393117907,372,0,,-42.0814170837,-45.2230110168,0.00043791072676,0.0162821281701,0.23054663837,1.21832919121,0.00319503061473,-0.016269620508,0.00718775810674,-0.740251123905
1495278905449606166,373,0,,-41.9811782837,-45.2073745728,0.00263319350779,-0.0116615286097,0.230320334435,1.01447665691,0.00112749543041,0.0219528265297,-0.279436558485,-0.769393980503
1495278905550780065,374,0,,-41.8699760437,-45.1898880005,0.0100191282108,0.0032096770592,0.218004330993,1.12570679188,0.000614478311036,0.0738593488932,0.148712053895,-0.748669445515
1495278905645799690,375,0,,-41.7765655518,-45.1764335632,0.00537456152961,-0.0112725393847,0.192142531276,0.943756878376,0.00318394880742,-0.0464456640184,-0.14482216537,-0.783578515053
1495278905752139260,376,0,,-41.670753479,-45.1639213562,0.00679555116221,0.00659219454974,0.181571647525,1.06547951698,0.00195173081011,0.0142098953947,0.178647339344,-0.762615799904
1495278905848480492,377,0,,-41.5816650391,-45.1545410156,0.00293631129898,-0.00866340007633,0.166411265731,0.895784556866,0.00250528915785,-0.0385923981667,-0.152555942535,-0.794734060764
1495278905944937660,378,0,,-41.4794387817,-45.1452980042,0.00666933413595,0.00797744654119,0.158816054463,1.02645921707,0.00106419355143,0.0373302288353,0.166408464313,-0.772783100605
1495278906047631306,379,0,,-41.3931312561,-45.1383056641,0.00363188213669,-0.00771283637732,0.148424103856,0.86588871479,0.00221990956925,-0.030374519527,-0.156902819872,-0.805105566978
1495278906146017350,380,0,,-41.2928466797,-45.131149292,0.00702864490449,0.00893006660044,0.140695735812,1.00538444519,0.00115113868378,0.0339676290751,0.166429027915,-0.783323645592
1495278906257695937,381,0,,-41.1825637817,-45.1237030029,0.0024052457884,0.0161946825683,0.134654536843,1.10535407066,0.0039084921591,-0.0462339892983,0.0726461559534,-0.768137156963
1495278906294001253,382,0,,-41.0899963379,-45.118434906,0.00149861432146,-0.00835693348199,0.126597896218,0.927144408226,0.00172154337633,-0.00906631629914,-0.245516166091,-0.796811461449
1495278906347366838,383,0,,-40.9846000671,-45.1132125854,0.00854653120041,0.00621967809275,0.120180234313,1.05526328087,0.000393349357182,0.070479169488,0.145766109228,-0.774458348751
1495278906363042644,384,0,,-40.8679695129,-45.1076469421,0.0042276121676,0.0161963682622,0.117074653506,1.16762459278,0.0041810167022,-0.0431891903281,0.0997669100761,-0.76065248251
1495278906455314434,385,0,,-40.7709655762,-45.1037025452,0.0011843398679,-0.00947757810354,0.112323008478,0.970841348171,0.00252905907109,-0.0304327234626,-0.256739467382,-0.790573835373
1495278906542109270,386,0,,-40.6620101929,-45.0997772217,0.00816814787686,0.00497738691047,0.106819577515,1.09026539326,0.000477947265608,0.0698380842805,0.144549652934,-0.767656564713
1495278906656928130,387,0,,-40.5707550049,-45.0970802307,0.0050449850969,-0.0104425111786,0.101958565414,0.912953197956,0.00261811446398,-0.0312316324562,-0.154198974371,-0.801320612431
1495278906758020734,388,0,,-40.466835022,-45.094417572,0.00727723957971,0.00705980369821,0.0992038100958,1.03953754902,0.00172451778781,0.0223225466907,0.175023153424,-0.780121445656
1495278906856586830,389,0,,-40.3794021606,-45.0925865173,0.00329174427316,-0.00820941478014,0.0991249233484,0.87453097105,0.00259128422476,-0.0398549512029,-0.152692183852,-0.812159180641
1495278906949049915,390,0,,-40.2784538269,-45.0904350281,0.00673734582961,0.008485769853,0.0961399525404,1.00970864296,0.00119180546608,0.0344560183585,0.166951850057,-0.789871275425
1495278907057428920,391,0,,-40.1679267883,-45.087978363,0.00240677711554,0.0157035626471,0.0980755537748,1.10553443432,0.00388785498217,-0.0433056876063,0.0721779242158,-0.774436891079
1495278907156524902,392,0,,-40.0751991272,-45.0861549377,0.0016610956518,-0.00850199721754,0.0965279489756,0.927437186241,0.00174963171594,-0.00745681487024,-0.242055594921,-0.80300539732
1495278907257115556,393,0,,-39.969669342,-45.0841560364,0.00859999191016,0.00623144442216,0.0997372418642,1.0554933548,0.000491642276756,0.0693889632821,0.147334426641,-0.780619084835
1495278907302599203,394,0,,-39.8805885315,-45.0822525024,0.00510124629363,-0.00891067180783,0.101600050926,0.890998780727,0.00272737140767,-0.0349874645472,-0.151421159506,-0.814110040665
1495278907359771907,395,0,,-39.7784385681,-45.0797920227,0.00708055170253,0.00791556853801,0.102472431958,1.0217987299,0.00178973469883,0.0197930578142,0.168262392282,-0.792585253716
1495278907376085573,396,0,,-39.6646728516,-45.0765609741,0.00241783703677,0.0174444895238,0.102910712361,1.13810884953,0.00406579161063,-0.0466271452606,0.0952892079949,-0.776703119278
1495278907459211298,397,0,,-39.569694519,-45.0742416382,0.000984180602245,-0.00842436589301,0.10287848115,0.950083911419,0.00197098311037,-0.0143365645781,-0.258688539267,-0.805431962013
1495278907557050835,398,0,,-39.4623336792,-45.0715637207,0.00855292286724,0.00561636360362,0.109245054424,1.07391536236,0.000331672432367,0.0756874233484,0.140407294035,-0.782483041286
1495278907656915349,399,0,,-39.3722724915,-45.0688018799,0.00531977787614,-0.00995169766247,0.115498423576,0.901058375835,0.00270091788843,-0.0323314517736,-0.15568061173,-0.816046833992
1495278907759149230,400,0,,-39.2691459656,-45.0648994446,0.00734990648925,0.00755340373144,0.120132379234,1.03196680546,0.00182918342762,0.0203012861311,0.175051018596,-0.794545829296
1495278907857306824,401,0,,-39.1821022034,-45.0613670349,0.00329974549823,-0.00769198406488,0.127071917057,0.871151685715,0.0026546374429,-0.0405016131699,-0.152453884482,-0.826200902462
1495278907957473891,402,0,,-39.0815887451,-45.0565452576,0.0067137805745,0.00863518379629,0.132709130645,1.00628697872,0.00124881148804,0.0341403521597,0.163271680474,-0.80357915163
1495278908058465505,403,0,,-38.9715461731,-45.0502128601,0.00248231319711,0.0156900528818,0.139382630587,1.10224819183,0.00391621282324,-0.0423146747053,0.0705486908555,-0.787772059441
1495278908157997854,404,0,,-38.879283905,-45.0446929932,0.00176669762004,-0.00853019114584,0.145447582006,0.924266397953,0.00180637417361,-0.00715615507215,-0.242202445865,-0.81605297327
1495278908255676547,405,0,,-38.7742805481,-45.0376853943,0.00867216382176,0.00622238405049,0.155794158578,1.05240166187,0.000568078132346,0.0690546631813,0.147525757551,-0.793389558792
1495278908308775757,406,0,,-38.6857376099,-45.0309181213,0.00514721451327,-0.00890866667032,0.163227722049,0.887971818447,0.002800562419,-0.0352494940162,-0.151310503483,-0.826585114002
1495278908357544249,407,0,,-38.5838088989,-45.022277832,0.00717854872346,0.00829495768994,0.163355067372,1.02296662331,0.00184336036909,0.0203133430332,0.172036245465,-0.804738640785
1495278908382427232,408,0,,-38.4699287415,-45.0122146606,0.00244850153103,0.0179827529937,0.171997979283,1.14320671558,0.00415296293795,-0.0473004728556,0.0968779549003,-0.788625001907
1495278908458498079,409,0,,-38.3748474121,-45.00340271,0.000938949815463,-0.00825225375593,0.18806438148,0.95491540432,0.00205408292823,-0.0150955170393,-0.262350082397,-0.817092418671
1495278908570712767,410,0,,-38.267616272,-44.9916648865,0.00860934797674,0.00560596073046,0.197535544634,1.07869637012,0.000365606334526,0.0767039805651,0.138582140207,-0.793805241585
1495278908656666086,411,0,,-38.1776657104,-44.9810142517,0.00542203197256,-0.0099857551977,0.20639629662,0.905782520771,0.00275618513115,-0.0318731628358,-0.155917167664,-0.827124774456
1495278908767814159,412,0,,-38.0748519897,-44.9678115845,0.00742229027674,0.00753755588084,0.213028356433,1.03660047054,0.00190517888404,0.0200025849044,0.175233110785,-0.80539816618
1495278908857013700,413,0,,-37.9880485535,-44.9562454224,0.00334173068404,-0.00769564509392,0.222414970398,0.875682771206,0.00272704544477,-0.0408055968583,-0.152332007885,-0.83680665493
1495278908967811519,414,0,,-37.8880004883,-44.94190979,0.00675112800673,0.00863417517394,0.231889814138,1.01071667671,0.00131156854331,0.0340939760208,0.163298204541,-0.81393301487
1495278909066778992,415,0,,-37.778678894,-44.9247512817,0.00252568302676,0.0156882163137,0.242639690638,1.10658037663,0.00397514505312,-0.042254447937,0.0705404132605,-0.797884464264
1495278909164878478,416,0,,-37.687046051,-44.9097709656,0.00181303650606,-0.00853285286576,0.253029763699,0.928504347801,0.00186554156244,-0.00712646590546,-0.242210686207,-0.825934588909
1495278909267579387,417,0,,-37.5829734802,-44.8915481567,0.00871729943901,0.00621953420341,0.265234231949,1.05654752254,0.000627391855232,0.0690426230431,0.147523880005,-0.803046345711
1495278909333493216,418,0,,-37.4952888489,-44.8751564026,0.00519027560949,-0.00891140196472,0.271777421236,0.892027676105,0.00285885110497,-0.0352702327073,-0.151309356093,-0.836021125317
1495278909369989547,419,0,,-37.4223861694,-44.8614234924,0.00800195429474,-0.0175937339664,0.271830379963,0.741861760616,0.000398386240704,0.0281167868525,-0.0868233218789,-0.861452937126
1495278909391538307,420,0,,-37.3417434692,-44.8452720642,0.00376396859065,0.00162276497576,0.279545038939,0.82243180275,0.004459252581,-0.0423798598349,0.192164987326,-0.795989632607
1495278909465949306,421,0,,-37.2477340698,-44.8256263733,0.00129170506261,0.0177198424935,0.29294103384,0.960396409035,0.00401083892211,-0.024722635746,0.160970777273,-0.777018070221
1495278909564400652,422,0,,-37.1435317993,-44.8022575378,-6.30394206382e-05,0.0193858612329,0.303615421057,1.06789112091,0.00378165137954,-0.0135474447161,0.0166601762176,-0.758809745312
1495278909668438812,423,0,,-37.0554771423,-44.7819633484,0.00288802711293,-0.00720199057832,0.310260176659,0.903616428375,0.0014907005243,0.0295106656849,-0.265878498554,-0.787397921085
1495278909765820958,424,0,,-36.9546546936,-44.7578544617,0.0100274477154,0.0065813055262,0.324033558369,1.03663706779,0.00117115699686,0.0713942050934,0.137832954526,-0.766727566719
1495278909869353747,425,0,,-36.8449668884,-44.7294769287,0.0043903933838,0.0146722830832,0.334777444601,1.13299918175,0.00512119522318,-0.0563705489039,0.080909781158,-0.753810048103
1495278909968883512,426,0,,-36.7531280518,-44.7051010132,0.00155351276044,-0.00904334336519,0.342299342155,0.950169682503,0.00286451517604,-0.0283688046038,-0.237156271935,-0.783389687538
1495278910066179754,427,0,,-36.6495742798,-44.6767692566,0.00804728735238,0.00578418327495,0.351566165686,1.07359337807,0.000904074520804,0.0649377405643,0.148275271058,-0.760991930962
1495278910167966091,428,0,,-36.5625152588,-44.6521873474,0.00492443563417,-0.00939846038818,0.356265127659,0.904644429684,0.00281442375854,-0.0312285125256,-0.151826441288,-0.794685900211
1495278910268675267,429,0,,-36.4630393982,-44.6235084534,0.00720262108371,0.00776633620262,0.362194985151,1.03525972366,0.00185614184011,0.0227818544954,0.171647965908,-0.773662924767
1495278910306381947,430,0,,-36.3791160583,-44.5989494324,0.00333854695782,-0.00768819637597,0.370020270348,0.874412059784,0.00266655115411,-0.0386407449841,-0.154545322061,-0.805842936039
1495278910388898586,431,0,,-36.2820701599,-44.569683075,0.00680397683755,0.00897616706789,0.376584798098,1.01365876198,0.00126855366398,0.0346542969346,0.166643634439,-0.783756315708
1495278910394342853,432,0,,-36.1734352112,-44.5357017517,0.00274628750049,0.0184609871358,0.382441461086,1.13822174072,0.00388257787563,-0.040576890111,0.0948482006788,-0.768351912498
1495278910467793744,433,0,,-36.0824203491,-44.507068634,0.00109526258893,-0.00777927460149,0.389598101377,0.954118072987,0.00202727853321,-0.0165102500468,-0.262402623892,-0.797585070133
1495278910568635478,434,0,,-35.9798583984,-44.4739379883,0.00847046170384,0.0057362136431,0.394067138433,1.07781648636,0.000356529548299,0.0737519860268,0.135154888034,-0.774825692177
1495278910665003249,435,0,,-35.8934516907,-44.4456748962,0.00535151921213,-0.00962495245039,0.398004919291,0.909112155437,0.00263313297182,-0.0311894230545,-0.153611660004,-0.808444857597
1495278910762495256,436,0,,-35.7947921753,-44.4128684998,0.00728924851865,0.00767141021788,0.400570303202,1.039722085,0.00181886286009,0.0193772949278,0.172963619232,-0.787202000618
1495278910865795613,437,0,,-35.7114219666,-44.3850860596,0.00325987720862,-0.00769458897412,0.403706520796,0.878764510155,0.00260828132741,-0.0402937121689,-0.153659984469,-0.818984568119
1495278910965452210,438,0,,-35.6149673462,-44.3525619507,0.00675738416612,0.00898761954159,0.405858784914,1.01789546013,0.0011893552728,0.034975066781,0.166822090745,-0.796497106552
1495278911085085091,439,0,,-35.5092849731,-44.3162155151,0.00244582747109,0.0162121672183,0.40630659461,1.11756932735,0.0039029114414,-0.043115567416,0.0722454786301,-0.780917167664
1495278911189332705,440,0,,-35.4203605652,-44.286026001,0.00163748022169,-0.00836565159261,0.40919432044,0.939098060131,0.00178897532169,-0.00808347202837,-0.245778188109,-0.809370577335
1495278911286610089,441,0,,-35.3194541931,-44.2513542175,0.00864251609892,0.00620666658506,0.412751853466,1.06696331501,0.000497306173202,0.0700503662229,0.145723178983,-0.786784887314
1495278911297657863,442,0,,-35.2082633972,-44.2121315002,0.00428003631532,0.0161867234856,0.413894683123,1.17907226086,0.004276860971,-0.0436247996986,0.0998005568981,-0.772701561451
1495278911390464427,443,0,,-35.1155586243,-44.179725647,0.0012288672151,-0.00948475766927,0.415842682123,0.982039690018,0.0026092203334,-0.0305116903037,-0.256714791059,-0.802336275578
1495278911396255038,444,0,,-35.0395736694,-44.1535224915,0.00884001050144,-0.0220419056714,0.415836215019,0.803752362728,-0.000913400785066,0.0761114358902,-0.125571474433,-0.826717197895
1495278911484585195,445,0,,-34.9570617676,-44.1239242554,0.00586633896455,-0.0010251023341,0.414002597332,0.876617074013,0.00432514026761,-0.0297367144376,0.210168033838,-0.763228058815
1495278911581817601,446,0,,-34.8624229431,-44.0900230408,0.00165679235943,0.0164698567241,0.410660415888,1.00524127483,0.00462565291673,-0.0420954674482,0.174949586391,-0.746228814125
1495278911681079456,447,0,,-34.7584533691,-44.0530738831,-0.000712005828973,0.0184920206666,0.406212240458,1.10340988636,0.0040251580067,-0.0236879810691,0.0202216506004,-0.72857606411
1495278911786905902,448,0,,-34.6705093384,-44.0227622986,0.00241316040047,-0.00815331563354,0.404322654009,0.930198729038,0.00133714836556,0.0312516614795,-0.266453355551,-0.757451057434
1495278911875167545,449,0,,-34.570400238,-43.9883079529,0.00997595302761,0.00592161435634,0.404843568802,1.05872380733,0.000954873336013,0.0756279304624,0.140749305487,-0.737365365028
1495278911984886316,450,0,,-34.4854354858,-43.959072113,0.00557259609923,-0.0087359957397,0.401942580938,0.89851808548,0.00341912964359,-0.0440335720778,-0.146576106548,-0.772563815117
1495278912086741377,451,0,,-34.3876609802,-43.9257049561,0.00683439197019,0.00841364171356,0.396236568689,1.03312695026,0.00222021341324,0.0126179596409,0.171496376395,-0.75206720829
1495278912181095624,452,0,,-34.2807807922,-43.8895378113,0.00178386305925,0.0157550591975,0.391682684422,1.12834489346,0.00425504380837,-0.0505052879453,0.0734141767025,-0.737115323544
1495278912285933118,453,0,,-34.190536499,-43.8599433899,0.00133067020215,-0.00847206357867,0.391583859921,0.949708163738,0.00172950606793,-0.00453192926943,-0.242271229625,-0.766225814819
1495278912331475711,454,0,,-34.1159057617,-43.8359527588,0.00922945141792,-0.0204115081578,0.374931037426,0.783940017223,-0.00104281282984,0.078987814486,-0.11939445138,-0.792261183262
1495278912384969594,455,0,,-34.0289115906,-43.8090896606,0.0107838641852,0.00443296600133,0.365374922752,0.910451292992,0.00189573608804,0.0155441332608,0.248444750905,-0.775346338749
1495278912402498220,456,0,,-33.9362792969,-43.7802734375,-0.00342037691735,0.0124767003581,0.35854741931,0.970079421997,0.00762557284907,-0.142042413354,0.0804373472929,-0.716154634953
1495278912485405132,457,0,,-33.8327903748,-43.7491950989,-0.00186860689428,0.0167687330395,0.358486384153,1.080529809,0.00277660787106,0.0155177004635,0.0429203286767,-0.693981647491
1495278912575740851,458,0,,-33.7453460693,-43.7233848572,0.00309163052589,-0.0079096024856,0.338326483965,0.911745607853,0.000882267660927,0.0496023744345,-0.246783360839,-0.724312901497
1495278912685471704,459,0,,-33.6446723938,-43.6956481934,0.0101712364703,0.00666399253532,0.328228086233,1.04425668716,0.0011533749057,0.0707960650325,0.145735949278,-0.70589029789
1495278912777647043,460,0,,-33.5587882996,-43.6729850769,0.00529919750988,-0.00806924048811,0.317444562912,0.888215899467,0.00352540565655,-0.0487203933299,-0.147332325578,-0.741872489452
1495278912873684954,461,0,,-33.4596099854,-43.6479377747,0.00654333643615,0.00859518256038,0.304806262255,1.02292776108,0.00214680214413,0.0124413892627,0.166644230485,-0.721948564053
1495278912990574330,462,0,,-33.3505058289,-43.6215057373,0.0017581548309,0.0161113310605,0.290406346321,1.12258374691,0.004090516828,-0.0478518158197,0.0751614868641,-0.707582294941
1495278913081770843,463,0,,-33.258354187,-43.6010551453,0.00123326061293,-0.00834547542036,0.273824870586,0.943952620029,0.00165040814318,-0.00524894241244,-0.244568049908,-0.737510919571
1495278913191532217,464,0,,-33.1533737183,-43.5795059204,0.00844713300467,0.00622799247503,0.260086417198,1.07167673111,0.000320810824633,0.0721387267113,0.145734667778,-0.716647267342
1495278913292748300,465,0,,-33.0642814636,-43.5625762939,0.0049817985855,-0.00894601270556,0.244573801756,0.906867921352,0.00257720076479,-0.0346533469856,-0.151740044355,-0.751732468605
1495278913328089945,466,0,,-32.989692688,-43.5500183105,0.00771734490991,-0.0176179856062,0.228899076581,0.756394922733,0.000109263572085,0.0273554641753,-0.0867197364569,-0.779185593128
1495278913394427292,467,0,,-32.9071273804,-43.5365028381,0.00342493923381,0.00161101447884,0.211002588272,0.836649358273,0.00412600021809,-0.0429240576923,0.192290008068,-0.715631008148
1495278913404154576,468,0,,-32.8177680969,-43.5227661133,-0.00443680258468,0.0113049577922,0.194761142135,0.904058158398,0.00620523560792,-0.0786174163222,0.0969394296408,-0.65322804451
1495278913492640898,469,0,,-32.7158699036,-43.5090370178,-0.000392478483263,0.0178256258368,0.194571763277,1.02817642689,0.00261359033175,0.0404432415962,0.0652066767216,-0.633853256702
1495278913592987597,470,0,,-32.6040725708,-43.4938049316,0.00238053197972,0.0171151775867,0.156936526299,1.12829315662,0.00316737126559,0.0277301054448,-0.00710447551683,-0.619707524776
1495278913691408772,471,0,,-32.5093536377,-43.4848899841,0.00428422074765,-0.00939428526908,0.138961017132,0.951370954514,0.0021635836456,0.0190368853509,-0.265094637871,-0.653568387032
1495278913790520538,472,0,,-32.4017066956,-43.4765968323,0.0097475182265,0.00558417011052,0.120735675097,1.07966244221,0.00167522893753,0.0546329729259,0.149784550071,-0.63644182682
1495278913890231891,473,0,,-32.310382843,-43.471370697,0.00461682025343,-0.00906289834529,0.101029671729,0.914715707302,0.0034914794378,-0.0513069741428,-0.146470680833,-0.673622608185
1495278913986980716,474,0,,-32.2059669495,-43.4674720764,0.0062406254001,0.00794900488108,0.0771846845746,1.04490768909,0.00187487981748,0.01623804681,0.170119032264,-0.655060768127
1495278914090430044,475,0,,-32.0919799805,-43.4656105042,0.00156918459106,0.0155984293669,0.0562539212406,1.140001297,0.00386548694223,-0.0467144064605,0.0764942467213,-0.642355144024
1495278914189171581,476,0,,-31.9962921143,-43.4665298462,0.00100232625846,-0.00885166041553,0.0303766038269,0.956933140755,0.00143387820572,-0.0056685837917,-0.244500905275,-0.673868119717
1495278914290521131,477,0,,-31.8883228302,-43.4703102112,0.00818755477667,0.00570718152449,0.0103698996827,1.08034801483,6.94838308846e-05,0.0718522891402,0.145588427782,-0.654483616352
1495278914334069616,478,0,,-31.7696609497,-43.4763412476,0.00383674632758,0.0156629569829,6.18716335297,1.18814206123,0.00382281909697,-0.0435080863535,0.0995577424765,-0.643556535244
1495278914392967260,479,0,,-31.6718482971,-43.4922790527,0.000794838299043,-0.00963855721056,6.24835252762,0.991028785706,0.00209702877328,-0.0304190795869,-0.253015130758,-0.676197230816
1495278914403359363,480,0,,-31.5910644531,-43.5009536743,0.0083078276366,-0.0220318809152,6.22403621674,0.812484562397,-0.00144148687832,0.0751298964024,-0.123933240771,-0.703552186489
1495278914490577787,481,0,,-31.5031795502,-43.5114784241,0.00530934799463,-0.00100038561504,6.19819259644,0.885115027428,0.00374230649322,-0.029984800145,0.210314944386,-0.642890632153
1495278914590923787,482,0,,-31.4028720856,-43.5260162354,0.00113666930702,0.016475321725,6.16958618164,1.01354420185,0.00400743121281,-0.0417267866433,0.17475707829,-0.628646254539
1495278914690761902,483,0,,-31.2933559418,-43.5450286865,-0.00120257842354,0.0184864420444,6.14244794846,1.1115347147,0.00340067269281,-0.0233924761415,0.0201111957431,-0.613704442978
1495278914789845661,484,0,,-31.2014961243,-43.5640830994,0.00192906463053,-0.00816068146378,6.11929321289,0.938149452209,0.000715076341294,0.0313164293766,-0.266471236944,-0.645231127739
1495278914894742171,485,0,,-31.0975666046,-43.58801651,0.00949196238071,0.00591541361064,6.09106349945,1.0665024519,0.000333646457875,0.0756289735436,0.140760943294,-0.627727687359
1495278914990209828,486,0,,-31.0099754333,-43.6095619202,-0.00391172431409,-0.0091641144827,6.06030368805,0.901981830597,0.00752351805568,-0.134036868811,-0.150795280933,-0.574039518833
1495278915092256184,487,0,,-30.9102516174,-43.6379051208,0.00361017580144,0.00832934025675,6.03026247025,1.03674221039,0.00128282606602,0.0752190053463,0.174934536219,-0.552769899368
1495278915191854255,488,0,,-30.8022537231,-43.6717681885,0.00267370371148,0.0157623905689,6.00069189072,1.13180649281,0.00386654841714,-0.00936472136527,0.0743305012584,-0.543263673782
1495278915290921322,489,0,,-30.7120914459,-43.7020149231,-0.00702889822423,-0.00872421823442,5.97100305557,0.950980365276,0.00706055713817,-0.0970260202885,-0.244866088033,-0.486088514328
1495278915339560538,490,0,,-30.6110744476,-43.7398414612,0.00534106744453,0.00621148291975,5.94204759598,1.07866752148,0.000558140396606,0.123699657619,0.149357005954,-0.466295599937
1495278915393868212,491,0,,-30.5269145966,-43.7743186951,0.00557870324701,-0.00928832404315,5.91206979752,0.909482240677,0.00285257166252,0.00237635802478,-0.154998064041,-0.507955849171
1495278915404852221,492,0,,-30.4581069946,-43.8053855896,0.00833721831441,-0.0181676689535,5.87749767303,0.754967153072,0.000963862403296,0.0275851525366,-0.0887934491038,-0.542735278606
1495278915491955266,493,0,,-30.3824558258,-43.841796875,0.00314750615507,0.00179567141458,5.87711572647,0.839551985264,0.00472312932834,-0.051897123456,0.199633404613,-0.485314399004
1495278915588164777,494,0,,-30.2944736481,-43.8842544556,4.38052165919e-06,0.0178789421916,5.80681324005,0.976918399334,0.00374774425291,-0.0314312539995,0.160832703114,-0.473691165447
1495278915697191561,495,0,,-30.2003898621,-43.9381027222,-0.0013017639285,0.0194249320775,5.77685308456,1.08402216434,0.00301267509349,-0.0130614442751,0.0154599044472,-0.462388753891
1495278915792401154,496,0,,-30.1215934753,-43.9854774475,-0.00713285058737,-0.00726450141519,5.77653026581,0.919402062893,0.00520559865981,-0.0583108663559,-0.266894340515,-0.406447976828
1495278915893885498,497,0,,-30.0313129425,-44.040309906,0.00620358996093,0.00701587134972,5.70813655853,1.05627691746,-0.000224686707952,0.133364409208,0.14280372858,-0.389408737421
1495278915993942635,498,0,,-29.9578323364,-44.0922737122,0.00574875064194,-0.00804237369448,5.67192411423,0.899965286255,0.00257147941738,-0.00454839365557,-0.150582447648,-0.433437019587
1495278916093287112,499,0,,-29.8752403259,-44.1552467346,0.00700212828815,0.00888908747584,5.64088344574,1.03861737251,0.00215570046566,0.0125337801874,0.169314607978,-0.422476857901
1495278916192273861,500,0,,-29.787109375,-44.2265586853,0.000844918249641,0.0158434771001,5.60301446915,1.13366603851,0.00406414270401,-0.0615721009672,0.0695439055562,-0.415821909904
1495278916303858163,501,0,,-29.7155895233,-44.2898406982,1.17527688417e-05,-0.00850515253842,5.56756544113,0.954992473125,0.000988543732092,-0.00833165459335,-0.243486300111,-0.452273696661
1495278916316608737,502,0,,-29.6584644318,-44.3448867798,0.00803782232106,-0.0200639050454,5.53407001495,0.793278515339,-0.00213901908137,0.0802606940269,-0.11558753252,-0.485472261906
1495278916387521246,503,0,,-29.5971469879,-44.406578064,0.00442425906658,5.33132770215e-05,5.49931764603,0.869829177856,0.00321062817238,-0.0361356288195,0.201172187924,-0.430375754833
1495278916394782225,504,0,,-29.533208847,-44.4744567871,-0.00514793395996,0.0106045342982,5.46154642105,0.932485759258,0.00573975825682,-0.0957219302654,0.105512209237,-0.37559735775
1495278916490693933,505,0,,-29.4642906189,-44.5539131165,-0.00196827622131,0.0173832774162,5.42901182175,1.05178701878,0.00168006122112,0.0317965783179,0.0677874311805,-0.362443208694
1495278916595541623,506,0,,-29.3918991089,-44.6429176331,0.000972347625066,0.0166532918811,5.39144945145,1.14728713036,0.00183931610081,0.0294062383473,-0.00729985255748,-0.354214310646
1495278916691888861,507,0,,-29.3341808319,-44.7203712463,0.00318909133784,-0.00990941096097,5.35762405396,0.965921223164,0.000766525568906,0.0221674367785,-0.265627026558,-0.394141197205
1495278916796954806,508,0,,-29.2717590332,-44.8102149963,0.00879152305424,0.00542414654046,5.32043170929,1.0940169096,0.000313947733957,0.0560243204236,0.153335571289,-0.383049190044
1495278916897077035,509,0,,-29.2220363617,-44.8881645203,0.00349445338361,-0.00943609792739,5.28298044205,0.92456895113,0.00219513382763,-0.052970699966,-0.148602440953,-0.4261906147
1495278916993258470,510,0,,-29.1687431335,-44.9791755676,0.00519509706646,0.00780876306817,5.28250169754,1.05467879772,0.000498614099342,0.0170064382255,0.172448605299,-0.413226217031
1495278917094583855,511,0,,-29.1236972809,-45.056804657,0.00172774167731,-0.00729165971279,5.20498561859,0.897510051727,0.000916157558095,-0.0346735529602,-0.151004225016,-0.453396499157
1495278917193720833,512,0,,-29.0788002014,-45.150177002,0.00534285977483,0.00912851840258,5.1688041687,1.03607678413,-0.000465931632789,0.0361511781812,0.164201781154,-0.439547657967
1495278917307316773,513,0,,-29.0331745148,-45.2536964417,0.00098258710932,0.0158251747489,5.12988042831,1.13125610352,0.00221357028931,-0.0436027273536,0.0669665560126,-0.432293444872
1495278917316344737,514,0,,-28.9881076813,-45.3676452637,-0.00066232541576,0.0161981005222,5.09395170212,1.22537779808,0.00154328567442,-0.0164491254836,0.00372925726697,-0.421312093735
1495278917387278058,515,0,,-28.9543628693,-45.4644966125,0.001404292183,-0.0113680288196,5.05186319351,1.02560663223,-0.000524209521245,0.0206661764532,-0.275661289692,-0.457842260599
1495278917395161952,516,0,,-28.9305877686,-45.5449523926,0.0091903321445,-0.0236683338881,5.01343774796,0.838968515396,-0.00249972753227,0.0778604000807,-0.123003050685,-0.491906940937
1495278917494716511,517,0,,-28.9057788849,-45.6407775879,0.0103040896356,0.00569473067299,4.97131443024,0.989849388599,0.000481728493469,0.0111375730485,0.293630629778,-0.48200955987
1495278917592857623,518,0,,-28.8824882507,-45.7474441528,-0.000431076914538,0.0176437217742,4.9278960228,1.09178996086,0.00395044591278,-0.107351660728,0.119489908218,-0.475542038679
1495278917693051858,519,0,,-28.8673992157,-45.83826828,-0.00217890669592,-0.00642707804218,4.88733720779,0.920668959618,2.35762654484e-05,-0.0174782983959,-0.240707993507,-0.509138226509
1495278917802373931,520,0,,-28.8543949127,-45.9427146912,0.00658918637782,0.00722541054711,4.84802436829,1.05253303051,-0.00192991481163,0.0876809358597,0.136524885893,-0.49236369133
1495278917892972602,521,0,,-28.8469543457,-46.0320472717,0.00434300629422,-0.00805756822228,4.80871486664,0.896422803402,0.000648190325592,-0.0224618017673,-0.152829781175,-0.532568275928
1495278918005141964,522,0,,-28.8423290253,-46.1354675293,0.00622130185366,0.00886852294207,4.76916599274,1.03521704674,0.000172742467839,0.018782954663,0.169260919094,-0.517974615097
1495278918103858149,523,0,,-28.8413982391,-46.2484970093,0.000822643283755,0.0158388242126,4.7686548233,1.13034594059,0.00261874170974,-0.0539865866303,0.0697029978037,-0.508677423
1495278918202237978,524,0,,-28.8411979675,-46.3436698914,0.00019888515817,-0.00850640330464,4.6808757782,0.951740920544,0.000127424733364,-0.00623758137226,-0.243452265859,-0.542909562588
1495278918303714569,525,0,,-28.8503837585,-46.451210022,0.00746169313788,0.00619787722826,4.67973518372,1.07930111885,-0.00114103849046,0.0726280808449,0.147042810917,-0.526390910149
1495278918313524057,526,0,,-28.860162735,-46.5699195862,0.00316704204306,0.0161973815411,4.59860467911,1.19110822678,0.00272991484962,-0.0429465100169,0.099995046854,-0.518340110779
