%time,field.roll,field.pitch,field.yaw,field.rolld,field.pitchd,field.yawd,field.rolldd,field.pitchdd,field.yawdd
1495100178419087236,0.020167182819,0.0193586556108,-1.23328712807,-0.0699370186712,0.0841947697248,-0.00393628007405,0.116971561575,-0.542661692326,0.000934855403176
1495100178471242821,0.0207517390144,0.0200731365849,-1.23314588399,-0.0602014264891,0.0927233652963,-0.00124763166218,0.10068851946,-0.597631165147,0.000296308996977
1495100178518071749,0.0237424490524,0.0181329065725,-1.25390452848,-0.00113889077857,0.0595362030951,-0.0265328917114,0.0019048257327,-0.383729498066,0.00630148686365
1495100178568550585,0.0248879509914,0.0170259979492,-1.25440333319,0.0179393370115,0.0463231388186,-0.0359613546591,-0.0300040279629,-0.298567155505,0.00854072019168
1495100178619650869,0.0229738391366,0.0142285197268,-1.25707464581,0.0515394288927,0.0612974802308,-0.0164382142424,-0.0862010934239,-0.3950814815,0.00390402946791
1495100178667607878,0.0236257076572,0.0147286403842,-1.25670295572,0.0623963083609,0.0672674728076,-0.00913691170227,-0.104359518952,-0.433559955703,0.00216999073046
1495100178717888153,0.0168349450879,0.0319371219375,-1.22366205102,0.0638255276102,0.0762656259621,-0.0154829763341,-0.106749926931,-0.491555874388,1.46245340962
1495100178768141891,0.016863051284,0.0322341821239,-1.22375973827,0.0642937668454,0.0798111546671,0.0550456339425,-0.107533069758,-0.514407918684,1.44570306382
1495100178818739667,0.0213272095935,0.0737927783901,-1.25454690245,-0.0427214610456,0.104967732117,0.12157776284,0.0714528029106,-0.676549948845,1.42990187107
1495100178868885845,0.0192511210209,0.0746244858653,-1.25329582512,-0.0772987140464,0.114894662766,0.146484441572,0.129284196861,-0.740532129722,1.4239866052
1495100178919198460,0.0500549234336,0.168948040765,-1.32581420314,-0.187842036135,0.123687808147,0.213603072157,0.314170902816,-0.797206709025,1.40804611995
1495100178970469506,0.0479089135913,0.169224116619,-1.32458190654,-0.223584335882,0.126980764503,0.238776847902,0.373950869065,-0.818430845327,1.40206741929
1495100179018608937,0.0837572628527,0.170805896007,-1.50217240488,-0.323109019264,0.125856401638,0.338573641837,0.540408602774,-0.811183974091,1.37836596251
1495100179068506830,0.0818247036253,0.170768092364,-1.50039029853,-0.355296406013,0.125405098573,0.376083807945,0.594242880567,-0.80827518432,1.36945740398
1495100179118657971,0.117002575053,0.188773463586,-1.48864717168,-0.279715212625,0.120632256555,0.468379523491,0.467831283613,-0.777512720862,1.34753743214
1495100179170620376,0.118466684665,0.188610918796,-1.48687248228,-0.255331212092,0.118691480534,0.502868513098,0.427048381026,-0.76500381083,1.33934639449
1495100179219028697,0.137451555689,0.13920270272,-1.50503040453,-0.143372883017,0.10854329321,0.570414528906,0.239795037487,-0.6995955613,1.32330440646
1495100179268684382,0.139622206664,0.138873178572,-1.50375084428,-0.107221152157,0.10461111363,0.595685743628,0.179330286592,-0.67425143087,1.31730256431
1495100179318843204,0.128722037193,0.0998698046966,-1.37534742647,0.000743391573201,0.0817447989433,0.670675811889,-0.00124334257924,-0.526870862388,1.29949263484
1495100179367670292,0.130816902997,0.0991140414242,-1.298637148,0.035633503426,0.0727243416754,0.698648021444,-0.0595980014494,-0.468731186698,1.29284931406
1495100179418673427,0.108142556402,0.0830190867188,-1.2530739887,0.0365262661293,0.0608076053799,0.754632377907,-0.0610911712971,-0.391924084473,1.27955318747
1495100179468504133,0.108161151994,0.0826244459767,-1.25196986669,0.0368364147964,0.0560972320421,0.775508493305,-0.0616099033593,-0.361564251251,1.27459516901
1495100179518519782,0.0860954861506,-0.0199712744313,-1.16177489283,-0.0252125194626,0.0498496783486,0.848812020608,0.0421686229813,-0.321296808614,1.25718578826
1495100179568445825,0.0848931305442,-0.0201609012734,-1.16030724701,-0.0452372725968,0.0475888833085,0.876111302844,0.0756605660004,-0.30672527565,1.25070228581
1495100179618415866,0.0754237402938,-0.10997234448,-0.923930158622,-0.0936505165545,0.0599017193572,0.900522619309,0.156633030287,-0.386085364992,1.24490466707
1495100179675847122,0.0744851740912,-0.109545062879,-0.923293049941,-0.109282112817,0.0650045863024,0.90937715776,0.182777299224,-0.41897494259,1.24280173919
1495100179718541796,0.0626386434956,-0.0944528156408,-0.747595373672,-0.132462962028,0.0785299034034,0.934329745765,0.221547898575,-0.50614985252,1.23687557
1495100179771451670,0.0621896588021,-0.0940043219039,-0.746991534934,-0.139940553076,0.0838831445215,0.943456198598,0.23405437252,-0.540653170173,1.23470806322
1495100179818716476,0.0949059198042,-0.00580824998746,-0.709380128903,-0.168728784266,0.113764135466,0.926004303104,0.282203470398,-0.73324552677,1.23885283912
1495100179873674512,0.0943456534426,-0.00482747025809,-0.709687060232,-0.178060631256,0.125469274704,0.919437222435,0.297811237723,-0.808688819608,1.11728371268
1495100179920470967,0.0877336481068,0.0361045062744,-0.832111079458,-0.129825482752,0.131194113993,0.940168472838,0.217136642915,-0.845587203994,1.11236009925
1495100179969125410,0.0886696661952,0.0362880034759,-0.831802371511,-0.114236013243,0.133383405717,0.94805870267,0.191062832117,-0.859697875664,1.2336149815
1495100180018520307,0.0902295394012,0.0310755708884,-0.837717715175,-0.260377328471,0.106688299788,0.952869019419,0.435488147603,-0.68763954701,1.23247254485
1495100180069499344,0.087394662957,0.0301858649844,-0.837629914126,-0.307592104684,0.0960680626604,0.954674018886,0.514456142065,-0.619188788475,1.23204386257
1495100180118849548,0.140799090259,0.0295478617245,-0.734243866851,-0.282407642587,0.0830611579514,0.967260276717,0.472334445788,-0.535355208974,1.22905466188
1495100180171875490,0.141284597586,0.0291140132347,-0.733928671958,-0.274322574856,0.077882345967,0.971846795795,0.458811950608,-0.501976141784,1.08431512207
1495100180218801152,0.156731646357,-0.00147423187952,-0.767127791386,-0.0599435659053,0.0794110833536,0.914343746274,0.100257240637,-0.511829333615,1.09797193396
1495100180270490196,0.160889210553,-0.00141761623729,-0.768252086664,0.00930018832649,0.0800877280163,0.89288572901,-0.0155548173508,-0.516190520646,1.24671840696
1495100180318688297,0.115185363458,0.0718692200625,-0.75313741214,0.143969495327,0.0863718178497,0.899034394101,-0.240792887765,-0.556693450162,1.24525811636
1495100180373647311,0.117800199047,0.0720654417242,-0.80695517218,0.18752035689,0.0887121267581,0.901253691282,-0.313632885549,-0.571777474941,1.24473103954
1495100180418609382,0.0613907630108,0.0783155247067,-0.808102658219,0.0441419437229,0.0847804622693,0.902679756698,-0.0738285987355,-0.546436664435,1.24439235303
1495100180473549120,0.0586127479196,0.0781832013159,-0.808076192903,-0.00212468448089,0.0832007552612,0.903214171407,0.00355359245084,-0.53625495741,1.24426543105
1495100180520023745,0.0783705740689,0.0951606458287,-0.641225990253,-0.225178097717,0.07334339215,0.959890298996,0.376616478983,-0.472721161126,1.23080501078
1495100180571236333,0.0740427628851,0.0948286483904,-0.640021425248,-0.297257991216,0.0693798955228,0.980885951098,0.497172056858,-0.447175182507,0.082732987885
1495100180618799714,0.117236959442,0.0714880881191,-0.569332542853,-0.309625282532,0.0665314274054,0.91611425901,0.517856687188,-0.42881591228,0.110227767173
1495100180673254890,0.116994629009,0.0713973322528,-0.570521241917,-0.313662123501,0.0654487094287,0.892425509674,0.524608413256,-0.421837455406,-0.0453000364079
1495100180718812989,0.143544709455,0.0326572777428,-0.562466457568,-0.00688936867184,0.0763928184396,0.860514169431,0.0115226560572,-0.49237566979,0.165038884372
1495100180769698792,0.149493863269,0.0330295253195,-0.56307134768,0.0921930186302,0.080837367038,0.858713677822,-0.154195325457,-0.521022179209,0.779017895771
1495100180818817958,0.0805533351672,-0.00749607772812,-0.658411546669,0.409918214476,0.094708962351,0.848942051729,-0.685599337467,-0.6104289608,0.969854397273
1495100180868773473,0.0867203226823,-0.00702582928663,-0.658667093552,0.51263046527,0.100323390947,0.854824275835,-0.857388364172,-0.646615713652,1.25575789461
1495100180918603829,-0.00487447273743,-0.00320646069412,-0.596996936133,0.469610945705,0.100615644545,0.872531251241,-0.7854370503,-0.648499379731,1.25155253795
1495100180969085595,-0.00570378431056,-0.00319741042089,-0.5966137405,0.455800573858,0.10072357405,0.879079853415,-0.762338828621,-0.649195019236,1.12686847387
1495100181018869793,-0.0512158190577,0.032849503018,-0.425649826725,-0.00793285911657,0.0984079318553,0.845012357903,0.0132679221427,-0.634269979163,1.10075696632
1495100181069417138,-0.0602085620086,0.0327656316677,-0.426178848033,-0.157705725474,0.0974057896024,0.83037092836,0.263767105441,-0.627810858095,-0.703549764793
1495100181119678282,-0.00577103486538,0.0630970289796,-0.11248489508,-0.547732501768,0.109022728897,0.749342493053,0.916097472763,-0.702685674642,-0.393061969795
1495100181170292540,-0.0133396808649,0.0634790559819,-0.113809977169,-0.673789033322,0.113582147996,0.733254545955,1.12693044252,-0.732072560455,-1.63292213072
1495100181219315812,0.0725599423414,0.0323438595533,0.104600249644,-0.576186967508,0.117522473633,0.686750801047,0.963688338869,-0.75746919478,-1.62187762261
1495100181272040537,0.0744483445054,0.0324810363302,0.103867351748,-0.544737376674,0.119160787586,0.669116110799,0.911088044766,-0.768028641942,-1.61768943347
1495100181318934206,0.0711895108121,0.00755203043001,-0.177056499012,-0.00701262532917,0.107565171024,0.64022479665,0.0117288061613,-0.693291257096,-1.61082782794
1495100181370101607,0.0816202558263,0.00716972394097,-0.145712735015,0.166711050054,0.103002269753,0.629783428851,-0.278828755174,-0.66388192759,-1.60834803257
1495100181419359617,0.0081213954287,0.017010233915,-0.314659621004,0.413277388644,0.0970625787043,0.570973768563,-0.691217647419,-0.625598756234,-1.5943809043
1495100181469505377,0.0129083299486,0.0168102556866,-0.315906522535,0.493005004249,0.0946751820515,0.549182952418,-0.824564248049,-0.610211236177,0.542334625052
1495100181521167464,-0.0649789460808,0.0232347649591,-0.259412457262,0.378893635833,0.0978846448689,0.589251625957,-0.633709887787,-0.630897230445,0.860397254544
1495100181574688937,-0.0671880404931,0.0233406678723,-0.2586050515,0.342102773879,0.0991486294466,0.620544467997,-0.572176172792,-0.639044007403,-0.15971273494
1495100181618666107,-0.0993199666828,0.0235942440411,0.0558484231453,-0.0430966180585,0.106236185359,0.53586777825,0.0720802631953,-0.684725527746,-0.0612139700974
1495100181668672464,-0.106790093171,0.0238306684586,0.0544540711734,-0.167510631913,0.109058365771,0.507772377252,0.28016607753,-0.702915365467,-1.57937075232
1495100181732838515,-0.0623012068557,0.0279419722654,0.417320605762,-0.424064860781,0.116043092834,0.394644349229,0.709259987302,-0.747934121629,-1.55250316509
1495100181773358195,-0.0672802470309,0.0281742582941,0.415416594475,-0.506991425065,0.11881576927,0.351938200484,0.847956916405,-0.765804890704,-1.54236057535
1495100181818258875,0.00389676328632,0.0289168292542,0.52202185858,-0.505232362457,0.115531682887,0.31412109132,0.84501483646,-0.744637924155,-1.5333791187
1495100181868571073,0.00392687260766,0.0288071220006,0.521374808096,-0.504732273833,0.114222092447,0.299861876224,0.844178424665,-0.736197203113,-1.52999259538
1495100181920063720,0.0429741728411,0.0283239814735,0.382646832789,-0.234794409754,0.101751207225,0.266498854513,0.392700021818,-0.655818437289,-1.52206897192
1495100181971654501,0.0482081142811,0.0279079884626,0.381908626133,-0.147624096408,0.0967855310765,0.254185982023,0.246905307247,-0.623813097397,-1.51914469947
1495100182019378797,0.0356231339931,0.013089650737,0.0747343002961,0.0415339503042,0.0903870398918,0.241727123517,-0.0694666589708,-0.582572815299,-1.51618575576
1495100182068757844,0.0392930526069,0.012878887902,0.07427502079,0.10265653203,0.0878715740791,0.23742188806,-0.171695835561,-0.566359849347,-1.25522471877
1495100182119733454,-0.00185010669338,0.00979460680637,-0.0186085327866,0.148763465907,0.0953982711056,0.258888359394,-0.248810933653,-0.614871771873,-1.25348245679
1495100182174290884,-0.000953424308748,0.010046295062,-0.0182645156222,0.163698470856,0.0984027454185,0.26736158731,-0.273790134715,-0.634236550951,-0.242257809677
1495100182218888314,-0.0364062367757,0.0171707561414,0.168338743304,-0.0178955455307,0.107905194386,0.320332368411,0.029930785523,-0.695482814283,-0.242726535315
1495100182268853467,-0.0399267235841,0.0174864913806,0.38793230955,-0.0765284149942,0.111673918757,0.34077644955,0.127995850793,-0.719773424637,-1.53970969102
1495100182321984804,-0.0363061813806,0.0244868758229,0.532679409223,-0.244569889114,0.111482467471,0.267108800891,0.40904977632,-0.718539461067,-1.52221383247
1495100182370845347,-0.0395659841678,0.0244792041894,0.533344463564,-0.298861835376,0.111390702416,0.239406283471,0.499854529737,-0.717948006507,-1.5156345628
1495100182419017255,0.000453609401975,0.0178561587176,0.721745488187,-0.376416272568,0.108169468186,0.205680329447,0.629566430499,-0.697186141794,-1.50762474395
1495100182469888178,-0.00105301525088,0.0177498994755,0.721235540081,-0.401509818114,0.106901235491,0.192856705802,0.671536066377,-0.689011984389,-1.50457916954
1495100182518755918,0.0444440662896,0.0141759007911,0.690166815391,-0.264088189593,0.103950066971,0.17248277217,0.44169466353,-0.669990777865,-1.49974041783
1495100182570307025,0.047107149276,0.0140780928322,0.689754584926,-0.21973553898,0.102782634477,0.164902107263,0.367513651803,-0.662466309359,-1.49794003132
1495100182618958739,0.0656140618725,0.0140685372283,0.490733330792,-0.0604270935457,0.103293360438,0.163448682613,0.101065953736,-0.66575809833,-1.49759484707
1495100182668839877,0.0687032176743,0.0140855789653,0.490562421705,-0.00897769480325,0.103496787118,0.16313354882,0.0150154381819,-0.667069247073,-1.49752000368
1495100182718557373,0.0566048956796,0.0138666088255,0.239873417004,0.172267463526,0.101626478525,0.161656222039,-0.288122007487,-0.655014521708,-1.49716914274
1495100182771297040,0.0601212959393,0.013804247561,0.239664901683,0.230833194187,0.10088208093,0.161391393985,-0.386074781289,-0.650216645785,-1.49710624683
1495100182819968521,0.0189797103991,0.0170443139199,0.0519575910624,0.22692964813,0.102543773862,0.169654012031,-0.379545994579,-0.660926777794,-1.49906859528
1495100182868436629,0.0189063101835,0.0170991607533,0.0519807507616,0.225707968825,0.103198390424,0.172958006469,-0.377502702789,-0.665145986808,-0.398373922748
1495100182919581886,-0.0196332078945,0.0170955214245,0.246121725419,0.119141174553,0.104190468546,0.235922309608,-0.199266847517,-0.6715402414,-0.461774508182
1495100182971343010,-0.021698173823,0.0171286220263,0.247466247996,0.0847500029837,0.104585588986,0.256815011508,-0.141746679811,-0.674086916536,-1.51976908655
1495100183018742753,-0.0402819702575,0.0205982479025,0.64089622755,-0.14589462248,0.107432879745,0.205454404608,0.244012715171,-0.692438598316,-1.50757108744
1495100183068995791,-0.0447548713069,0.0206926092026,0.640196223001,-0.220390237658,0.108559172454,0.185803424216,0.368608653108,-0.699697908008,-1.50290403508
1495100183119522398,-0.0313571173851,-0.00908444556515,0.902850310091,-0.336077466613,0.111623789874,0.147669269912,0.562098682885,-0.719450328265,-1.49384728111
1495100183168586390,-0.0336019254175,-0.00897673523841,0.902309390601,-0.373464908316,0.112910327491,0.1331126137,0.624630193698,-0.727742466635,-1.49039011636
1495100183218383014,-0.000199468102599,0.0286791877993,0.820057085708,-0.311472847992,0.123015929544,0.0787972588232,0.520946790556,-0.79287624074,-1.47749037294
1495100183269876293,0.00100114523251,0.0290094467203,0.850396446979,-0.291477332245,0.126957197585,0.0586231968236,0.487503747862,-0.818278949153,-1.47269909018
1495100183320466946,0.0265681679463,0.11640766858,0.858216772004,-0.067546599185,0.14676434262,0.00602827793519,0.112973520117,-0.945942209948,-1.46020794545
1495100183369459208,0.0309104420562,0.117052488422,1.4961202168,0.00477329442739,0.154459165872,-0.0129089099974,-0.00798346446043,-0.995537758714,-1.45571041678
1495100183419719998,-0.00133863009093,0.148818557489,1.12402145871,0.241406995049,0.148813603638,-0.0908326785655,-0.403759750165,-0.959150339809,-1.43720374177
1495100183468624191,0.00325330999612,0.148624371072,1.12226270895,0.317886186466,0.146494751222,-0.119535899051,-0.531673273191,-0.944204608846,-1.43038680795
1495100183518810673,-0.0632161027033,0.148249167734,-2.98739505058,0.397404215339,0.13167161798,-0.202520581115,-0.664669334324,-0.848664866927,-1.41067818028
1495100183569189219,-0.06166989814,0.147754673954,-2.9919379341,0.423157475729,0.12576887889,-0.228830306115,-0.707742361179,-0.810619862533,1.51312279804
1495100183619300825,-0.131218015231,0.131969975862,1.98197314194,0.236741238505,0.108509796211,-0.139071625934,-0.395956145733,-0.699379662635,1.49180536494
1495100183669476758,-0.134830119525,0.131397034877,1.98726705152,0.176583145183,0.101671052794,-0.111220541787,-0.295340102171,-0.655301816851,-1.43236168182
1495100183718876548,-0.14489391238,0.0358276037047,1.57339239048,-0.189220366183,0.0743525141801,-0.301309040923,0.316476197225,-0.479225269047,-1.38721620001
1495100183774820110,-0.151989049615,0.0349336706715,1.56945712822,-0.307389378182,0.0636842591106,-0.371894352472,0.514117076488,-0.410465019816,-1.37045238782
1495100183818585662,-0.0687307588273,-0.00613513365677,1.0128693248,-0.72497529489,0.0573964102649,-0.38175998098,1.21254085401,-0.369937862288,-1.36810932891
1495100183868714107,-0.0768356102073,-0.00633739014833,1.01228034457,-0.859962863249,0.0549831934657,-0.384809830733,1.43831122519,-0.354383923291,-1.3673849982
1495100183919469653,0.0432412159002,-0.0150380945929,0.833754589893,-0.754858045558,0.0788760020845,-0.393122650882,1.26252056542,-0.508380567047,-1.36541072689
1495100183974039300,0.0452732267608,-0.0142393332739,0.833467149963,-0.721017321061,0.0884110138159,-0.396025498428,1.20592103538,-0.569836707606,-1.36472130879
1495100184018837943,0.089708426794,-0.0703549878122,0.445099583317,-0.26686504474,0.116954235302,-0.388443076042,0.446339029117,-0.75380672055,-1.3665221127
1495100184069401914,0.09851537915,-0.0693923721711,0.444965452637,-0.120186491904,0.128446449417,-0.385163283762,0.201015169154,-0.827877644206,-0.576017636237
1495100184118553348,0.0475536386935,-0.0674602533987,-0.0399830122433,0.406043421489,0.148143347702,-0.377628247508,-0.679118641047,-0.95483033012,-0.756343883036
1495100184167913397,0.0577641006272,-0.0668034357124,-0.0401874908678,0.576099217024,0.155983697639,-0.383182266953,-0.963541573803,-1.00536384401,1.54978095291
1495100184219271465,-0.0559859811566,0.0282517549625,-0.263005150111,0.694079957463,0.169556513047,-0.263840953783,-1.16086756377,-1.09284489543,1.52143772801
1495100184267615602,-0.0536910276859,0.0286871666865,0.24801894322,0.732304516132,0.174751434493,-0.218388787287,-1.22479917543,-1.12632779314,1.5106429668
1495100184319724042,-0.128955392286,0.0539755227549,-0.200840209764,0.364044745094,0.154197164752,-0.225550018475,-0.608874715079,-0.993849079342,0.345034753575
1495100184373512935,-0.136094499672,0.0532851067561,0.346010695095,0.245144676988,0.145955017928,-0.285449880632,-0.410011124638,-0.940725858524,1.52656978712
1495100184418873030,-0.12514662507,0.0378548171624,0.441959792834,-0.352400024693,0.104599978705,-0.243559991297,0.58939860421,-0.674179662787,1.51662105668
1495100184469631303,-0.136738166057,0.0364778678548,0.442830418816,-0.545456856544,0.0881638158049,-0.228010512574,0.912291394373,-0.56824343891,-1.40462439353
1495100184519168959,-0.0347203752521,0.0252362502736,0.645290115719,-0.777013215633,0.0645277724709,-0.387142072473,1.29957568858,-0.415901727929,-1.36683109737
1495100184572760758,-0.0392177600366,0.0244497135429,0.642390411674,-0.851918946043,0.055139223848,-0.446861577089,1.42485755538,-0.355389588032,-1.35264788365
1495100184619281200,0.0619293008206,0.00797820461154,0.435152445604,-0.686525524233,0.0674600215187,-0.452801928447,1.1482325692,-0.434800992524,-1.35123706698
1495100184668602557,0.0651318320452,0.00839229987736,0.434889763254,-0.633189465892,0.0724035024219,-0.454784966933,1.05902656426,-0.466663277102,0.102515457883
1495100184719070358,0.110876668565,-0.0104547021808,0.102355903209,-0.153065281541,0.101152637828,-0.373594552601,0.256005837037,-0.651960469829,-0.0431550863287
1495100184769186090,0.120187339378,-0.00949205217305,0.103670539273,0.00200265524969,0.112644255319,-0.349181666295,-0.00334949525021,-0.726027548054,1.54170590626
1495100184819072177,0.0732224108721,-0.014663385505,-0.24985607336,0.358540990311,0.137445996684,-0.238416276691,-0.599669535852,-0.88588254838,1.51539943898
1495100184868738756,0.0801410407724,-0.0138349456894,-0.247990560098,0.47377138656,0.147335183897,-0.196604050383,-0.79239550053,-0.949621460976,1.5054691533
1495100184919074283,-0.00248906671149,0.0241110329883,-0.421340620854,0.511945931326,0.155744527822,-0.162949953587,-0.856243462575,-1.00382231954,1.49747640033
1495100184974067377,-0.00174391489806,0.0243846443413,-0.420821226308,0.524358005939,0.159009588646,-0.150170449035,-0.877002994186,-1.0248666604,1.49444130409
1495100185018808820,-0.0649309216771,0.0333966715913,-0.36339303009,0.196439538306,0.144478910568,-0.12335019414,-0.328550458502,-0.931211883711,1.48807156928
1495100185068365752,-0.0712881860212,0.0329102135554,-0.362838485247,0.0905607983382,0.138671840174,-0.113389955731,-0.151465392726,-0.89378349407,1.48570604078
1495100185118859253,-0.0696544172674,0.0282909320393,-0.0470653042889,-0.250651101787,0.115135501867,-0.113057437269,0.419220769539,-0.742084413249,1.48562706858
1495100185173955574,-0.0762731960355,0.0275065072261,-0.0468319017962,-0.360886610827,0.105771984194,-0.113295191178,0.603592649817,-0.681733605675,1.48568353447
1495100185218843266,-0.0110480643343,0.0202061177026,0.141626741582,-0.525862333929,0.0930066527578,-0.10244716003,0.879519023572,-0.599457041668,1.4831071577
1495100185268522981,-0.0142518716045,0.019781551133,-0.117588765134,-0.579222872378,0.0879388186147,-0.098905793361,0.968765972148,-0.566793261465,0.583546798804
1495100185318078862,0.0555803189099,0.0129588080966,0.0551452688893,-0.42087934106,0.0883451472637,-0.13237351487,0.703932119125,-0.569412177023,1.49021458247
1495100185378344208,0.0586478645054,0.0129736163675,0.0546289980528,-0.36979085509,0.0885220972285,-0.100146676626,0.618485239976,-0.570552675034,1.48256079939
1495100185418832872,0.0820985901403,0.0104097035895,-0.17261305955,-0.110450527643,0.103217762656,-0.0663823990068,0.184731504726,-0.665270846917,1.47454187879
1495100185471108027,0.0871278441458,0.0109004835936,-0.172130304538,-0.0266889721905,0.109076249979,-0.0534999148808,0.0446380302345,-0.703030634798,1.47148232518
1495100185518908311,0.0510600596713,0.015081535217,-0.374066418472,0.208459291924,0.122634287038,-0.0398038583689,-0.348653822604,-0.790416435116,1.46822955043
1495100185571360791,0.0556234011388,0.0155331219558,-0.373949510489,0.284462248639,0.128024743955,-0.0344523939275,-0.475770830166,-0.825159620262,1.46695859274
1495100185620997202,0.000952321774488,0.0256644559196,-0.440380976022,0.261844331714,0.130436482084,-0.0218074227163,-0.437941750337,-0.840704028771,1.46395544778
1495100185668709551,0.000516670625042,0.0257430634498,-0.440186755382,0.25458964107,0.131374542803,-0.0170042465797,-0.425808083367,-0.846750124252,1.46281470701
1495100185718481176,-0.0380720261392,0.0252931545388,-0.381382724689,0.0906767611091,0.122968351856,-0.0194299292689,-0.151659343607,-0.792569587626,1.4633907998
1495100185769355453,-0.0412493648398,0.0250127708746,-0.381386864765,0.0377590695451,0.119621437268,-0.0204041335483,-0.0631530684641,-0.770997673593,1.46362217056
1495100185818719619,-0.0397484082376,0.0245572526476,-0.249940100346,-0.185389127978,0.110485166341,-0.0168651356794,0.31006834736,-0.71211154255,1.46278166856
1495100185868521761,-0.0440770288688,0.0242525114474,-0.249777865706,-0.257482148607,0.10684749713,-0.015692883071,0.430645880715,-0.688665623802,1.46250326188
1495100185919171710,-0.00410910672776,0.0171966482611,-0.168658104103,-0.328878334075,0.100750918827,-0.0199862258796,0.550057938355,-0.649371264898,1.46352291867
1495100185971682788,-0.00549627325957,0.0169945347317,-0.168681940361,-0.351982308721,0.0983384896604,-0.0216841950279,0.588699962912,-0.633822402441,1.46392618155
1495100186018693513,0.0316642588233,0.0575200091188,-0.198786522234,-0.341288390387,0.106490531723,-0.00466386452253,0.570814094303,-0.686364869817,1.45988390111
1495100186068346126,0.0318696002708,0.0577845626606,-0.198482452321,-0.337869158274,0.109647400189,0.00173327918849,0.565095335808,-0.706711876998,1.45836459755
1495100186118040992,0.0924164590148,0.213373675097,-0.325920913761,-0.347061439229,0.142217441971,0.0624071068079,0.580469675151,-0.916636009468,1.4439547348
1495100186178252560,0.0922347379449,0.214431811775,-0.324851437407,-0.350089170488,0.1548441668,0.0852346235161,0.585533637844,-0.998019210424,1.43853326404
1495100186220545439,0.124648222175,0.213843114869,-0.84845014056,-0.240758891435,0.16157534295,0.170892432742,0.402675779285,-1.04140375144,1.41818977621
1495100186269319868,0.126767138357,0.214067803435,-0.941177071481,-0.205469061851,0.164257455806,0.203405972256,0.343652581662,-1.05869080985,1.41046790238
1495100186317881208,0.118083800529,0.218733363604,-0.996412995279,-0.0418656064846,0.152167460405,0.277784105334,0.0700213629325,-0.980766998356,1.39280330579
1495100186368138369,0.121257801862,0.218329134322,-0.995029348928,0.0109974184418,0.147342068234,0.305651849607,-0.0183934807757,-0.949665832692,1.38618479521
1495100186417988774,0.0871116019026,0.200913046481,-1.05350409217,0.0725639598772,0.126850427589,0.339050241377,-0.121365192028,-0.817590783047,1.37825277147
1495100186467410143,0.0883077689132,0.20023255288,-1.0529069963,0.0924867327255,0.11872787767,0.3516024438,-0.154686570252,-0.765238401784,1.37527165883
1495100186517575878,0.0561518010626,0.185335125479,-0.936552146563,0.0248549493115,0.0979049185148,0.389126190395,-0.0415705772004,-0.63102790045,1.36635987497
1495100186570839214,0.0548417204576,0.184643115716,-0.935750403031,0.0030362366847,0.0896448326607,0.403020098698,-0.00507818824806,-0.577789056957,1.36306011098
1495100186619302921,0.0470315387268,0.144441056275,-0.757330629095,-0.0671819001559,0.0872435574663,0.398768633704,0.112363551094,-0.562312085347,1.36406982191
1495100186668381646,0.045669916742,0.144368313388,-0.757283705781,-0.0898595045688,0.0863763151193,0.396974757767,0.150292459866,-0.556722436474,1.36449586238
1495100186718658433,0.0535418493884,0.151273237547,-0.55096709967,-0.166552828858,0.0936057605844,0.414766473236,0.27856412593,-0.603318479476,1.36027038019
1495100186775512449,0.0520537404078,0.151513176016,-0.550478282395,-0.19133737301,0.0964697083631,0.421180905362,0.32001694859,-0.621777520975,1.35874697067
1495100186818810344,0.0675574342529,0.143436226101,-0.530503786031,-0.22366112682,0.104419443371,0.424137049348,0.374079303993,-0.673016055948,1.35804489482
1495100186868533635,0.0669295575639,0.143702944451,-0.530432853296,-0.234118686998,0.107603466099,0.425219227875,0.391569857171,-0.693538080858,1.35778788048
1495100186920558829,0.0965983646128,0.143075674719,-0.524639180651,-0.211581287883,0.112527077125,0.455112899903,0.353875445565,-0.725272297852,1.35068821778
1495100186969494239,0.097033863288,0.14324006232,-0.524062945322,-0.204328651646,0.114489381218,0.466281261598,0.341745214647,-0.737919963057,1.34803576341
1495100187018615642,0.105845451557,0.151367701678,-0.615713021902,-0.118622659871,0.115288405071,0.480535111342,0.198399617641,-0.743069922347,1.34465051435
1495100187068248835,0.107507444067,0.151392869736,-0.615506144489,-0.0909424166213,0.115588615429,0.485968641668,0.15210365966,-0.745004872241,1.34336006624
1495100187118420158,0.112130599326,0.135343101776,-0.730307838163,-0.015209987696,0.122256443838,0.504485195616,0.0254391171678,-0.787981117208,1.33896243696
1495100187168498736,0.11359936491,0.135568512653,-0.730036032045,0.00925215060978,0.124947596593,0.511538776783,-0.0154744729661,-0.805326440597,1.33728723134
1495100187220795611,0.0873246293227,0.1272137894,-0.791183612067,0.0538870420743,0.126731733794,0.51892938007,-0.0901275401763,-0.816825764322,1.33553198393
1495100187268328054,0.0881919195079,0.127274848204,-0.666184417676,0.0683322327522,0.1274608156,0.521905595528,-0.114287513577,-0.821524925179,1.33482514116
1495100187317925142,0.0672363881759,0.119669149264,-0.74832825626,-2.25557713804e-05,0.12870953544,0.536181611159,3.77251397189e-05,-0.829573316116,1.33143462776
1495100187369598052,0.0659116516503,0.119712206887,-0.748114119731,-0.0220855794198,0.129223717764,0.541612528034,0.0369387309054,-0.832887382429,1.33014480034
1495100187418495471,0.0688850553495,0.128712558636,-0.588010688243,-0.15087612865,0.120913604865,0.53792956926,0.25234441942,-0.779326098948,1.33101949265
1495100187468471103,0.0663866621745,0.128433647181,-0.587966054879,-0.192486817824,0.117584008666,0.536369216271,0.321939426234,-0.757865807364,1.33139007208
1495100187519070551,0.0929031803278,0.118897802803,-0.51630099634,-0.270617875878,0.11770076686,0.539620451271,0.452615741034,-0.758618350533,1.33061791294
1495100187573717586,0.0913861317907,0.11890344741,-0.516187251277,-0.295884768811,0.117768403902,0.540753675112,0.49487530512,-0.75905429248,1.33034877548
1495100187618582228,0.112112713204,0.10325414565,-0.532462896883,-0.235167359347,0.127514587662,0.545446846407,0.393323790132,-0.821871502979,1.32923416055
1495100187669528930,0.113289315929,0.103582190066,-0.532384786624,-0.21557149336,0.131430861368,0.547219932828,0.360549172506,-0.84711311507,1.32881305753
1495100187718257892,0.11798833895,0.104334430635,-0.607543092887,-0.133648700631,0.138112058543,0.567630143814,0.223531078567,-0.890175525924,1.32396569005
1495100187770572087,0.119577178363,0.104557205737,-0.607206544829,-0.107186739319,0.140771294235,0.575346167371,0.179272730187,-0.907315133829,1.32213315625
1495100187818057454,0.108530583489,0.112339062364,-0.800616070499,-0.0168485560499,0.137213814832,0.579616272501,0.0281796672047,-0.884386063535,1.32111901833
1495100187868371745,0.11028354873,0.112218942418,-0.800673414647,0.0123472193896,0.13577973839,0.581434303465,-0.0206510594896,-0.875142991179,1.32068724111
1495100187917865330,0.0877770297804,0.124838819044,-1.06514675988,-0.020698518434,0.122312945516,0.590387245928,0.0346188337667,-0.788345288243,1.31856094256
1495100187975400928,0.0871372909791,0.124387194982,-1.06516558392,-0.0313529041851,0.116921589171,0.594037318972,0.0524385830585,-0.753596305997,1.31769406052
1495100188018926923,0.0792283128008,0.124187869315,-1.18847222264,-0.123851822098,0.107216032803,0.584539332604,0.207145533368,-0.691040951782,1.31994980546
1495100188068351855,0.0774345030511,0.123864087347,-1.18874264064,-0.153727493338,0.103351067914,0.58113012733,0.257113404237,-0.666130041112,1.32075948209
1495100188117950340,0.0883325333786,0.125249407741,-1.1542281171,-0.24361520867,0.100352764277,0.582039854901,0.40745304737,-0.646805033976,1.32054342436
1495100188170814254,0.0865883145015,0.125149117519,-1.15418589206,-0.272665310901,0.0991555671437,0.582340360398,0.45604013167,-0.639088723037,1.32047205515
1495100188220808109,0.106178001187,0.111116838738,-1.38634677628,-0.260802379541,0.110352717489,0.570929274474,0.436199057052,-0.711257868168,1.32318215584
1495100188268385460,0.106407009131,0.111492996961,-1.17103849194,-0.256988642065,0.114843279776,0.567177200971,0.429820477631,-0.740200950242,1.3240732627
1495100188317484999,0.120652151411,0.116211610748,-1.54221602981,-0.197757096887,0.122005680428,0.575822664957,0.330754110984,-0.786364868401,1.32201998941
1495100188368536467,0.121800297317,0.116449713328,-1.54231745773,-0.178635052276,0.124847772369,0.579480139198,0.298771972465,-0.80468304217,1.32115134961
1495100188417660310,0.120877652093,0.120875161046,-1.86614221431,-0.0916933490289,0.122087176792,0.581547976981,0.153359614489,-0.78689013802,1.32066024397
1495100188468227076,0.12256416314,0.120782244154,-1.86633547066,-0.0636045617669,0.120977912631,0.58269227601,0.106380355562,-0.779740582665,1.32038847619
1495100188522882141,0.123108922696,0.12074525144,-1.86631371137,-0.0545316473672,0.120536334828,0.583120265278,0.091205660021,-0.776894475254,1.32028682994
1495100188569243832,0.0939157258834,0.1244032809,-2.15728656645,-0.0360971698537,0.112077833561,0.58723473564,0.0603734961321,-0.722376782208,1.31930965485
1495100188618490035,0.0940546386902,0.116576433931,-2.67678616474,-0.0953482234091,0.103075746709,0.572429114811,0.159472491071,-0.664355509606,1.32282594799
1495100188668413567,0.0929053035404,0.116277521725,-2.67744301449,-0.114490353876,0.0995078570833,0.567490047583,0.191488223728,-0.641359342167,1.32399896251
1495100188719672038,0.0925340572347,0.11615853662,-2.67753800478,-0.120673422925,0.0980875454964,0.56564445347,0.2018295745,-0.632204988614,1.3244372859
1495100188774809357,0.098549852042,0.11127990192,-2.835962808,-0.17340256553,0.0989745263456,0.587822920222,0.290020496392,-0.637921858323,1.31916996267
1495100188817996833,0.100761345954,0.128394499677,-2.96569405772,-0.195617548515,0.0998641564103,0.600434597368,0.327175658272,-0.643655803056,1.31617472496
1495100188868261677,0.100330304282,0.128421042359,-2.96554598641,-0.202796572031,0.100180532806,0.605297905301,0.339182769916,-0.645694948132,1.31501970306
1495100188924140358,0.100191072864,0.128431593149,-2.96545281172,-0.205115456976,0.100306476378,0.607115762042,0.343061167912,-0.646506693951,1.31458796722
1495100188973836554,0.120211219439,0.12499202098,-3.0739569873,-0.214646711803,0.0969350960714,0.615175341393,0.359002450256,-0.62477709069,1.31267383988
1495100189024491386,0.120025207583,0.124880168317,-3.07388076651,-0.217745119697,0.0956000089667,0.618312622534,0.364184621538,-0.616172035649,1.31192874446
1495100189068199882,0.121598772487,0.121131372274,-2.97648987565,-0.171112924344,0.101888086868,0.609948156556,0.286191009375,-0.656700669512,1.31391528152
1495100189120918386,0.122503235736,0.121341856827,-2.97657992139,-0.156049158136,0.104400732451,0.60670964336,0.260996451614,-0.672895458201,1.31468441926
1495100189168259253,0.114830311822,0.125482851723,-2.97630045043,-0.119091617308,0.108579995608,0.613540197389,0.199183961681,-0.699832119764,1.31306218196
1495100189218540018,0.115547631367,0.12562153013,-2.97616953443,-0.107144542119,0.110235281421,0.616093309415,0.179202154224,-0.710500955887,1.31245582506
1495100189268561743,0.109033520282,0.122454741612,-3.00716908634,-0.105362935657,0.111374781583,0.612187544718,0.17622236907,-0.71784539175,1.31338343315
1495100189317939947,0.109068446344,0.122493341021,-3.00726611874,-0.104781117214,0.11183562649,0.610763015199,0.175249261935,-0.720815681682,1.31372175489
1495100189369431480,0.103891239281,0.123121594952,-3.04682525717,-0.154818262193,0.10860655417,0.627338756541,0.258937744747,-0.700003298023,1.30978506312
1495100189418682298,0.102920931371,0.123013744169,-3.04653649305,-0.170978598505,0.10731912742,0.633580542027,0.285966345764,-0.691705428913,1.30830265669
1495100189469698702,0.10831260662,0.116126086672,3.15298760865,-0.197937841829,0.106547607244,0.637666267309,0.331056411803,-0.686732739448,1.30733230848
1495100189518918648,0.10778935849,0.116101608817,3.15752321952,-0.206652621648,0.106255602303,0.632085394232,0.34563211754,-0.684850676036,-1.60889474284
1495100189581184665,0.117426350349,0.122569559594,3.14166055094,-0.213082306667,0.104202926833,0.49160286188,0.356385940214,-0.671620538964,-1.57553053807
1495100189621377345,0.117301086753,0.122499887285,3.13896075735,-0.215168753448,0.103371076994,0.439105154605,0.359875579074,-0.666259005902,-1.56306248083
