%time,field.header.seq,field.header.stamp,field.header.frame_id,field.x,field.y,field.phi,field.theta,field.psi,field.u,field.v,field.p,field.q,field.r
1495475528782779365,1,0,,-37.7637634277,-53.0098304749,0.0293441656977,-0.0217691008002,0.0526816397905,-0.299240499735,-0.0118164150044,0.0991661325097,-0.066754437983,-0.447727203369
1495475528884639387,2,0,,-37.8091468811,-53.0103340149,0.0270386617631,-0.0222484823316,0.0777714252472,-0.453719317913,-0.0114743299782,-0.0230550356209,-0.00479381717741,-0.669382929802
1495475528982479553,3,0,,-34.6371154785,-59.7024803162,0.0228736381978,-0.0212643835694,0.103111810982,-0.538680374622,-0.0140351234004,-0.0416502505541,0.00984099786729,-0.881717324257
1495475529080947799,4,0,,-34.706111908,-59.7037506104,0.021675137803,-0.0206910800189,0.134183809161,-0.689909934998,-0.0165489558131,-0.0119849992916,0.00573302945122,-1.08666479588
1495475529184082146,5,0,,-30.3165302277,-68.9912109375,0.022550040856,-0.0205343961716,0.165543332696,-0.71321105957,-0.0173538699746,0.00874902959913,0.00156684860121,-1.28668189049
1495475529286760074,6,0,,-25.7024669647,-78.7423706055,0.0237078983337,-0.0205580759794,0.200040742755,-0.730207979679,-0.0162053462118,0.0115785822272,-0.000236812760704,-1.48251676559
1495475529358711887,7,0,,-20.9855232239,-88.6991424561,0.0247153304517,-0.0205876603723,0.230376020074,-0.744621217251,-0.0150854066014,0.0100743211806,-0.000295829784591,-1.67403173447
1495475529378865713,8,0,,-21.0744915009,-88.7046432495,0.0255313161761,-0.0205899327993,0.264110475779,-0.89123916626,-0.0155415507033,0.00815985631198,-2.27381988225e-05,-1.8611702919
1495475529416539499,9,0,,-21.1776790619,-88.7123794556,0.0259729903191,-0.0205188114196,0.299982041121,-1.03465306759,-0.0156167401001,0.00441673258319,0.000711213855539,-2.04385018349
1495475529486691787,10,0,,-21.2946987152,-88.7230529785,0.0263788234442,-0.0204182676971,0.337033808231,-1.17495942116,-0.0155334863812,0.00405833590776,0.00100545433816,-2.22202706337
1495475529581975972,11,0,,-14.876115799,-102.212043762,0.0269117485732,-0.0203193612397,0.371764451265,-1.01002418995,-0.0120386853814,0.00532924616709,0.000989057356492,-2.39590263367
1495475529683062775,12,0,,-14.9903011322,-102.226509094,0.0282018855214,-0.0203649811447,0.409791886806,-1.1509180069,-0.0125151872635,0.0129013787955,-0.000456196430605,-2.56591844559
1495475529781916615,13,0,,-8.68245983124,-115.436302185,0.028958670795,-0.0203432757407,0.452330797911,-0.99860727787,-0.00863132346421,0.00756784435362,0.000217046836042,-2.73232293129
1495475529880707739,14,0,,-8.79477310181,-115.455703735,0.0301215928048,-0.0203910712153,0.490250200033,-1.13972723484,-0.00936285126954,0.0116292238235,-0.000477953377413,-2.8949842453
1495475529979952065,15,0,,-2.73426246643,-128.021102905,0.0306722857058,-0.0203560572118,0.530108332634,-0.987707734108,-0.00580714084208,0.00550692435354,0.00035013386514,-3.05406236649
1495475530088959435,16,0,,-2.84456729889,-128.045196533,0.0316991358995,-0.0203965920955,0.571116805077,-1.12906658649,-0.00678944587708,0.0102685056627,-0.000405350525398,-3.20946145058
1495475530180062010,17,0,,2.81184506416,-139.7315979,0.0321867763996,-0.0203604586422,0.614506423473,-1.01043426991,0.00145885942038,0.00487639009953,0.000361334678018,-3.36141014099
1495475530306359427,18,0,,7.65151500702,-149.71824646,0.0342081263661,-0.0203808005899,0.65683400631,-0.922354757786,0.0042240684852,0.0202135257423,-0.000203413976124,-3.51017713547
1495475530359071227,19,0,,7.54943418503,-149.748657227,0.0358689576387,-0.0204493980855,0.65720051527,-1.06512761116,0.00177951611113,0.0166083145887,-0.000685964827426,-3.65658402443
1495475530378999529,20,0,,7.43354845047,-149.781585693,0.0358133502305,-0.0204169787467,0.743189930916,-1.2047495842,0.000401990866521,-0.000556085258722,0.000324190448737,-3.79967069626
1495475530433711725,21,0,,7.30754423141,-149.827575684,0.0353687368333,-0.020316934213,0.786287546158,-1.34134340286,-0.000831419485621,-0.00444615120068,0.00100044463761,-3.93860340118
1495475530494237508,22,0,,12.4284477234,-160.314575195,0.0353233367205,-0.0202096812427,0.829415261745,-1.11504018307,0.00873427931219,-0.000453989603557,0.00107252423186,-4.07371520996
1495475530587949773,23,0,,16.6328964233,-168.900268555,0.0378204584122,-0.0202719587833,0.871851325035,-0.992391467094,0.0147350495681,0.0249712374061,-0.000622771272901,-4.20621824265
1495475530697032011,24,0,,20.1488800049,-176.075759888,0.0404970496893,-0.020390316844,0.915559589863,-0.912498652935,0.0177659578621,0.0267659146339,-0.00118357490283,-4.337433815
1495475530797524889,25,0,,23.1337585449,-182.161605835,0.0418077707291,-0.0204785056412,0.959591150284,-0.861657857895,0.0207777973264,0.0131071964279,-0.000881887623109,-4.46661376953
1495475530888081724,26,0,,23.0447502136,-182.208450317,0.0424923449755,-0.0205157101154,1.00696790218,-1.0057220459,0.0158712361008,0.00684573920444,-0.000372050504666,-4.59288740158
1495475530988113090,27,0,,25.8002128601,-187.808364868,0.0416740067303,-0.0204550828785,1.05220508575,-0.917284071445,0.0222382768989,-0.00818338710815,0.000606275745668,-4.71574783325
1495475531100495677,28,0,,28.1427326202,-192.566986084,0.0427968986332,-0.0204417537898,1.09943366051,-0.855915904045,0.0231713727117,0.0112289236858,0.000133286463097,-4.83527851105
1495475531187324107,29,0,,28.0594005585,-192.622314453,0.0440351814032,-0.0204871911556,1.14502954483,-1.00013756752,0.0180027652532,0.0123828165233,-0.000454372435343,-4.95283269882
1495475531302849060,30,0,,30.2267398834,-197.003494263,0.043434035033,-0.0204533152282,1.1899381876,-0.897814571857,0.0208061113954,-0.00601145299152,0.000338753161486,-5.06757307053
1495475531365505564,31,0,,30.1442546844,-197.06703186,0.0436971671879,-0.0204604398459,1.23465549946,-1.04111933708,0.0162590816617,0.00263133272529,-7.12387773092e-05,-5.17892742157
1495475531387671023,32,0,,30.0534973145,-197.142654419,0.0433543398976,-0.0204117111862,1.27957320213,-1.18127715588,0.0132466172799,-0.00342827453278,0.000487275072373,-5.28751182556
1495475531432503400,33,0,,29.9554252625,-197.230773926,0.0427954681218,-0.0203209053725,1.32294678688,-1.31838917732,0.0109451273456,-0.00558872427791,0.000908070825972,-5.39288520813
1495475531507575515,34,0,,32.2101669312,-201.700469971,0.0424792617559,-0.0202221293002,1.3666203022,-1.08206570148,0.0271519161761,-0.00316207413562,0.000987762352452,-5.49520492554
1495475531587758619,35,0,,32.1241760254,-201.787231445,0.0462192259729,-0.0202817432582,1.41063463688,-1.2213960886,0.0209233965725,0.0373996458948,-0.000596139929257,-5.59605073929
1495475531694214962,36,0,,34.0779647827,-205.605545044,0.0468149669468,-0.0203060414642,1.45606446266,-1.02108132839,0.0317992381752,0.00595739530399,-0.000242993468419,-5.69642066956
1495475531794246537,37,0,,35.6708908081,-208.698608398,0.0484480783343,-0.0203718282282,1.50163507462,-0.907848834991,0.038188315928,0.0163311492652,-0.000657869211864,-5.79440498352
1495475531897218013,38,0,,36.9958229065,-211.261322021,0.0505465455353,-0.0204542353749,1.54674625397,-0.835095643997,0.0413579121232,0.0209846552461,-0.000824069604278,-5.89126825333
1495475531986161025,39,0,,38.1161193848,-213.422073364,0.0518216490746,-0.0205218717456,1.59173595905,-0.788618683815,0.0439410321414,0.0127510176972,-0.000676365976688,-5.98683214188
1495475532104918936,40,0,,39.0759391785,-215.275222778,0.0524891391397,-0.0205576047301,1.63684844971,-0.755284965038,0.0423612333834,0.00667491927743,-0.000357329787221,-6.08043384552
1495475532187736170,41,0,,39.0257720947,-215.350234985,0.0522795952857,-0.0205785222352,1.68194019794,-0.901674568653,0.0346827730536,-0.00209545483813,-0.000209174802876,-6.17167139053
1495475532301816806,42,0,,39.9240684509,-217.067718506,0.0506239682436,-0.0205155927688,1.72565352917,-0.819139242172,0.0366232022643,-0.0165562499315,0.000629302870948,-6.2597784996
1495475532365843390,43,0,,40.6941223145,-218.530487061,0.050659827888,-0.0205026529729,1.76920390129,-0.767528355122,0.0371984802186,0.000358603370842,0.000129402033053,-6.34482288361
1495475532387423923,44,0,,40.6520805359,-218.611663818,0.0515548065305,-0.0205378644168,1.81310093403,-0.913670182228,0.0305744558573,0.00894976314157,-0.000352116447175,-6.42825603485
1495475532437741148,45,0,,40.6076889038,-218.707580566,0.0507513806224,-0.0205031018704,1.85764455795,-1.0565969944,0.0261870715767,-0.00803424976766,0.000347621185938,-6.50970458984
1495475532503164059,46,0,,41.3842964172,-220.141815186,0.0494427084923,-0.0204063933343,1.90207338333,-0.898248493671,0.0365525148809,-0.0130867324769,0.00096708786441,-6.58805656433
1495475532607619942,47,0,,41.3472290039,-220.239196777,0.0515557155013,-0.0204198881984,1.9475017786,-1.04156434536,0.0297297667712,0.0211300905794,-0.000134956397233,-6.66455888748
1495475532704909759,48,0,,42.0499076843,-221.507400513,0.0516065135598,-0.0204109065235,1.99244189262,-0.884779930115,0.0387412793934,0.000507959921379,8.98165890248e-05,-6.74038267136
1495475532803353284,49,0,,42.0203857422,-221.605957031,0.0530697777867,-0.0204547848552,1.99293887615,-1.02837181091,0.0321286953986,0.0146326608956,-0.000438767339801,-6.81439781189
1495475532903563999,50,0,,41.9869003296,-221.717971802,0.0524666793644,-0.0204305890948,2.03688454628,-1.16880333424,0.0279722046107,-0.00603097397834,0.000241940462729,-6.88702440262
1495475533005385677,51,0,,42.6598472595,-222.880722046,0.0510854460299,-0.0203372612596,2.12776517868,-0.949516832829,0.0363082066178,-0.0138123631477,0.000933294941206,-6.95676469803
1495475533106603857,52,0,,43.2154808044,-223.815338135,0.0526480041444,-0.0203795265406,2.17392492294,-0.827272593975,0.0375507548451,0.0156256109476,-0.000422668235842,-7.02463102341
1495475533206512792,53,0,,43.2020111084,-223.91166687,0.0541746281087,-0.0204907413572,2.21955180168,-0.972120523453,0.0319349057972,0.0152662228793,-0.00111214944627,-7.09226226807
1495475533307449508,54,0,,43.7013664246,-224.73210144,0.0533253476024,-0.0204786024988,2.26588892937,-0.831275045872,0.0403854884207,-0.00849280040711,0.000121399323689,-7.15835762024
1495475533370466323,55,0,,44.1171989441,-225.404037476,0.0544527359307,-0.0204927753657,2.3124024868,-0.745705425739,0.0447605289519,0.0112738702446,-0.000141730473842,-7.22243595123
1495475533405583704,56,0,,44.1146011353,-225.493301392,0.0562752522528,-0.0205509904772,2.36047458649,-0.892320930958,0.0375867858529,0.0182251855731,-0.000582148379181,-7.28617286682
1495475533433063946,57,0,,44.1169815063,-225.596908569,0.0553311593831,-0.0205269344151,2.36102843285,-1.03570866585,0.0329719260335,-0.00944094359875,0.00024055117683,-7.34867620468
1495475533506589707,58,0,,44.5712547302,-226.220825195,0.0535736344755,-0.0204251483083,2.45336222649,-0.851776242256,0.0411131605506,-0.0175752304494,0.00101785815787,-7.40819787979
1495475533605796665,59,0,,44.5813560486,-226.319976807,0.0550230480731,-0.0204455070198,2.50395345688,-0.996106863022,0.0343424901366,0.0144941033795,-0.000203582298127,-7.46593856812
1495475533712655993,60,0,,44.9876022339,-226.844772339,0.0549102388322,-0.0204353146255,2.55319404602,-0.815594553947,0.0427967235446,-0.00112808519043,0.000101922058093,-7.52316713333
1495475533808381783,61,0,,45.0054588318,-226.939239502,0.0563434548676,-0.02049141936,2.60062909126,-0.96069586277,0.0362188331783,0.0143321631476,-0.000561034132261,-7.57909059525
1495475533905614820,62,0,,45.3635215759,-227.378326416,0.0557398349047,-0.0204728525132,2.64954042435,-0.821564555168,0.032695312053,-0.00603620521724,0.000185665965546,-7.63410329819
1495475534003510926,63,0,,45.3902435303,-227.471252441,0.0544340014458,-0.0205094926059,2.71176147461,-0.966532707214,0.0290812831372,-0.0130583401769,-0.000366408959962,-7.68672990799
1495475534105001209,64,0,,45.7077522278,-227.844848633,0.0535030812025,-0.0204533431679,2.76050186157,-0.78762537241,0.0372886955738,-0.0093091968447,0.000561502820347,-7.73710727692
1495475534207310031,65,0,,45.7421226501,-227.931686401,0.055388212204,-0.0204927101731,2.81051659584,-0.933343946934,0.0318939611316,0.0188513174653,-0.000393668044126,-7.78656578064
1495475534308895502,66,0,,46.0198669434,-228.239105225,0.0554571375251,-0.0204818062484,2.8665292263,-0.781097233295,0.0335074923933,0.000689269741997,0.000109028820589,-7.83586931229
1495475534381165237,67,0,,46.062297821,-228.321578979,0.055354334414,-0.0205293614417,2.91420149803,-0.926946878433,0.0298376828432,-0.00102806126233,-0.000475551787531,-7.88359165192
1495475534404384252,68,0,,46.1159286499,-228.414154053,0.0546701103449,-0.0204859208316,2.97286915779,-1.0695785284,0.0271530263126,-0.00684221973643,0.000434405781562,-7.92977285385
1495475534437684365,69,0,,46.1826095581,-228.515045166,0.0539805628359,-0.0203890074044,2.97358703613,-1.2091177702,0.024981431663,-0.00689549045637,0.000969143526163,-7.97420692444
1495475534504776415,70,0,,46.4472007751,-228.765396118,0.0535746775568,-0.0202870350331,3.08665800095,-0.919875860214,0.0249655228108,-0.00405885512009,0.00101971370168,-8.0171289444
1495475534604499782,71,0,,46.5147094727,-228.847503662,0.0537144951522,-0.0203907061368,3.08809971809,-1.06274938583,0.0232599247247,0.00139820412733,-0.00103670079261,-8.05891895294
1495475534703846705,72,0,,46.7289581299,-229.030181885,0.0537023693323,-0.0203900635242,3.2005879879,-0.856944561005,0.0220843888819,-0.0001212751813,6.42729264655e-06,-8.09972476959
1495475534805204216,73,0,,46.9006080627,-229.162521362,0.0534899383783,-0.0204689111561,3.27226734161,-0.742613613605,0.0207186639309,-0.00212429952808,-0.000788484350778,-8.13939762115
1495475534911146319,74,0,,47.0414772034,-229.264053345,0.0532419458032,-0.0205548051745,3.32844781876,-0.673273146152,0.0184427089989,-0.0024799448438,-0.000858931918629,-8.1778459549
1495475535006992587,75,0,,47.0932502747,-229.304412842,0.0549812465906,-0.00559216411784,3.39976024628,-0.656179785728,0.0180847290903,0.0173930022866,0.149626404047,-8.2140417099
1495475535118356047,76,0,,47.2107009888,-229.37097168,0.0499526374042,-0.014153316617,3.46660995483,-0.604659020901,0.0168392900378,-0.0502860620618,-0.0856115221977,-8.25326061249
1495475535207473109,77,0,,47.3096427917,-229.421813965,0.0514674074948,-0.0201417021453,3.53330159187,-0.57339411974,0.0130248237401,0.0151476943865,-0.059883851558,-8.28573417664
1495475535301872335,78,0,,47.4391174316,-229.455291748,0.0531829893589,-0.0214650090784,3.60324954987,-0.533706665039,0.00914403516799,0.0171558000147,-0.013233082369,-8.31935214996
1495475535365055576,79,0,,47.5023918152,-229.481414795,0.052136156708,-0.0211403258145,3.60413122177,-0.684433460236,0.0122152194381,-0.0104683209211,0.00324684358202,-8.35279464722
1495475535408734245,80,0,,47.5793075562,-229.513244629,0.0516647323966,-0.0206995345652,3.75773644447,-0.832335054874,0.0137840146199,-0.00471425242722,0.00440791482106,-8.38459300995
1495475535429051776,81,0,,47.6742134094,-229.5365448,0.0521731078625,-0.020488737151,3.83700203896,-0.977120816708,0.014943943359,0.0050837546587,0.00210796762258,-8.41571235657
1495475535507842797,82,0,,47.7909126282,-229.540679932,0.0550189577043,-0.00538479629904,3.92542862892,-0.660992622375,0.00376756023616,0.0284585095942,0.151039406657,-8.44554901123
1495475535609977575,83,0,,47.8723335266,-229.546890259,0.0478745624423,-0.0140904188156,4.01191759109,-0.816495597363,0.0099830860272,-0.0714439675212,-0.0870562270284,-8.47833061218
1495475535707802443,84,0,,47.9641990662,-229.52835083,0.0498270690441,-0.0200295783579,4.10337638855,-0.678886890411,-0.00264981016517,0.0195250846446,-0.0593915991485,-8.50335025787
1495475535807127504,85,0,,48.0463027954,-229.519683838,0.0504531636834,-0.021385204047,4.18970394135,-0.825582444668,0.00294527201913,0.00626096082851,-0.0135562466457,-8.52996826172
1495475535908186026,86,0,,48.0637283325,-229.497055054,0.0508478432894,-0.0209704432636,4.27943325043,-0.700902342796,-0.00621937634423,0.00394677976146,0.00414760550484,-8.55640697479
1495475536008573723,87,0,,48.0715675354,-229.472717285,0.0486389435828,-0.0206495188177,4.37405633926,-0.636198878288,-0.0126230604947,-0.0220889933407,0.00320923118852,-8.58177661896
1495475536115770454,88,0,,48.0744972229,-229.440185547,0.0463213697076,-0.0205860603601,4.47785186768,-0.602418065071,-0.0187370553613,-0.0231757443398,0.000634583819192,-8.60455417633
1495475536215483972,89,0,,48.1409759521,-229.404983521,0.0448829643428,-0.0206176694483,4.5852856636,-0.752166569233,-0.00998414680362,-0.0143840322271,-0.000316090096021,-8.62543964386
1495475536315662076,90,0,,48.1818962097,-229.36265564,0.0469731129706,-0.0205579325557,4.688393116,-0.691055059433,-0.0115031981841,0.0209014602005,0.000597377773374,-8.64610290527
1495475536384367948,91,0,,48.2468833923,-229.30960083,0.0479734912515,-0.0205874107778,4.78969478607,-0.838873147964,-0.00379625125788,0.0100037800148,-0.000294786004815,-8.66789245605
1495475536405950997,92,0,,48.316986084,-229.240631104,0.0494369603693,-0.0205309521407,4.89506959915,-0.9834228158,0.00181069481187,0.0146346986294,0.000564583402593,-8.6897315979
1495475536437755186,93,0,,48.3889427185,-229.154174805,0.0509489104152,-0.0204383656383,5.00183963776,-1.12484192848,0.00629203161225,0.0151195079088,0.00092587020481,-8.71208381653
1495475536507927518,94,0,,48.3865242004,-229.100234985,0.0521011725068,-0.0203442871571,5.00322294235,-0.923671424389,-0.0068814791739,0.0115226292983,0.000940784171689,-8.73476314545
1495475536619562382,95,0,,48.4454421997,-229.01133728,0.0493377707899,-0.0204307418317,5.21765327454,-1.06645476818,0.000592027499806,-0.0276340208948,-0.000864538364112,-8.75630569458
1495475536709894330,96,0,,48.4136962891,-228.962875366,0.0495574325323,-0.0203710738569,5.32606124878,-0.908181726933,-0.00971951242536,0.00219661206938,0.000596665835474,-8.77571392059
1495475536810551054,97,0,,48.4411010742,-228.86138916,0.0483446903527,-0.0204343721271,5.43674850464,-1.05128514767,-0.00218219147064,-0.0121274096891,-0.000632971001323,-8.79483890533
1495475536919422651,98,0,,48.3887901306,-228.827957153,0.049473721534,-0.0203810427338,5.55490207672,-0.926972091198,-0.0181809123605,0.0112902941182,0.000533289392479,-8.81315040588
1495475537018302613,99,0,,48.3923187256,-228.721054077,0.0469379387796,-0.0204431395978,5.66062164307,-1.06966435909,-0.00813221558928,-0.0253578107804,-0.00062097562477,-8.83097076416
1495475537118703720,100,0,,48.3240013123,-228.696273804,0.0477793030441,-0.020366281271,5.7643661499,-0.943800091743,-0.0145089225844,0.00841361656785,0.000768586702179,-8.84708690643
1495475537219733118,101,0,,48.3055152893,-228.589248657,0.0475696586072,-0.0204118341208,5.86175346375,-1.08612835407,-0.00589516432956,-0.00209642783739,-0.000455523026176,-8.86360931396
1495475537307167418,102,0,,48.2286338806,-228.583557129,0.0491239540279,-0.0203601717949,5.97032165527,-0.956974685192,-0.00795904081315,0.015542932786,0.000516626052558,-8.87993526459
1495475537318989872,103,0,,48.1890068054,-228.481048584,0.0493924617767,-0.0204108078033,6.05548858643,-1.09901022911,-0.000711609085556,0.00268509169109,-0.00050636625383,-8.89678001404
1495475537386915270,104,0,,48.1353569031,-228.369491577,0.0506236366928,-0.020360512659,6.14339447021,-1.2378950119,0.00435832887888,0.0123117435724,0.000502959475853,-8.91343975067
1495475537416897785,105,0,,48.065700531,-228.251083374,0.0521421171725,-0.0202720928937,6.22766494751,-1.37377619743,0.00848601106554,0.015184821561,0.000884185777977,-8.93075656891
1495475537512237561,106,0,,47.9728164673,-228.303268433,0.0532806925476,-0.0201832652092,0.107808895409,-1.13166093826,0.00677956035361,0.0113857286051,0.000888272363227,-8.94856929779
1495475537608445326,107,0,,47.884098053,-228.212402344,0.0529231131077,-0.0202767346054,0.106880411506,-1.26991903782,0.0108491675928,-0.00357576156966,-0.000934692623559,-8.96614837646
1495475537714635717,108,0,,47.8080062866,-228.276809692,0.0533785894513,-0.0202516727149,0.176780804992,-1.08897995949,0.0107874535024,0.00455473409966,0.000250624696491,-8.9830083847
1495475537818378167,109,0,,47.7168388367,-228.194503784,0.0536755919456,-0.0203168988228,0.253576934338,-1.2281396389,0.0136611070484,0.00297005055472,-0.000652258226182,-8.99984836578
1495475537909943581,110,0,,47.655254364,-228.272689819,0.0543359816074,-0.0202815178782,0.321062356234,-1.05983042717,0.015376274474,0.00660389801487,0.000353804032784,-9.01651954651
1495475538015160314,111,0,,47.5560073853,-228.205276489,0.0548878498375,-0.0203374046832,0.389268875122,-1.19962465763,0.0172499958426,0.00551866833121,-0.000558868865483,-9.03324985504
1495475538115862574,112,0,,47.5094871521,-228.285964966,0.0553730763495,-0.0203021336347,0.451251119375,-1.0341758728,0.0192291885614,0.00485228234902,0.000352721952368,-9.04985332489
1495475538207878115,113,0,,47.4048957825,-228.23248291,0.0558321774006,-0.0203546006233,0.51488339901,-1.17452728748,0.0202567670494,0.00459100818262,-0.000524677336216,-9.06635284424
1495475538317687751,114,0,,47.373878479,-228.320800781,0.0561545342207,-0.0203185137361,0.574385106564,-1.02618968487,0.0237942747772,0.00322353583761,0.000360865669791,-9.08266162872
1495475538337605788,115,0,,47.2644920349,-228.280151367,0.0569082126021,-0.0203601233661,0.625789523125,-1.16671192646,0.0237218886614,0.00753681594506,-0.000416097813286,-9.09890079498
1495475538402791660,116,0,,47.1400413513,-228.241088867,0.0571633018553,-0.0203247666359,0.67466622591,-1.3041305542,0.0239212494344,0.00255089090206,0.000353569543222,-9.11511516571
1495475538417070363,117,0,,47.0008201599,-228.204788208,0.0571108795702,-0.0202374178916,0.72135746479,-1.4385664463,0.0240443926305,-0.000524221977685,0.000873485638294,-9.13089942932
1495475538514360318,118,0,,47.0110206604,-228.327774048,0.0570724233985,-0.0201403647661,0.763993799686,-1.17353105545,0.0309949703515,-0.000384565035347,0.000970532593783,-9.14619827271
1495475538615680606,119,0,,46.8818855286,-228.305023193,0.0585595183074,-0.0202262960374,0.805807828903,-1.31087839603,0.029108626768,0.014870933257,-0.000859300314914,-9.16159820557
1495475538715485337,120,0,,46.9129981995,-228.420043945,0.0588540919125,-0.0202331226319,0.845697104931,-1.08451020718,0.0304514877498,0.00294575374573,-6.82686586515e-05,-9.17742824554
1495475538819290853,121,0,,46.7911682129,-228.40814209,0.0588086433709,-0.0203210413456,0.886228621006,-1.22376430035,0.0291930902749,-0.00045449269237,-0.000879185565282,-9.19275283813
1495475538919594113,122,0,,46.8373756409,-228.515106201,0.058504011482,-0.0202925279737,0.886745750904,-1.08769154549,0.047667209059,-0.00304632820189,0.000285121932393,-9.20748329163
1495475539018968619,123,0,,46.8761787415,-228.598999023,0.0623220689595,-0.0203045681119,0.952991604805,-1.01357078552,0.0591631531715,0.0381805896759,-0.000120390024676,-9.22295188904
1495475539115022457,124,0,,46.8595962524,-228.672958374,0.0664260312915,-0.0203778725117,0.982709169388,-0.938147068024,0.0575967356563,0.0410396233201,-0.000733055640012,-9.24136543274
1495475539215269698,125,0,,46.7514228821,-228.673965454,0.0666018351912,-0.0204681549221,1.01262962818,-1.0805670023,0.0512428060174,0.00175801420119,-0.000902824453078,-9.26080226898
1495475539316236937,126,0,,46.794380188,-228.746170044,0.0641143545508,-0.0204166192561,1.03945946693,-0.976717531681,0.0556315518916,-0.0248748008162,0.000515366322361,-9.27829837799
1495475539335888601,127,0,,46.6826972961,-228.753662109,0.064009681344,-0.0203950218856,1.0585757494,-1.11830210686,0.0481397509575,-0.00104673672467,0.000215962645598,-9.29402828217
1495475539402400060,128,0,,46.5574913025,-228.765380859,0.0632163435221,-0.0203488394618,1.07598149776,-1.2567896843,0.0431356616318,-0.00793336518109,0.000461839459604,-9.30945396423
1495475539416247074,129,0,,46.4191360474,-228.781433105,0.0619155690074,-0.0202655233443,1.09302246571,-1.39226007462,0.0392245836556,-0.0130077395588,0.000833151279949,-9.32366752625
1495475539514523743,130,0,,46.5057601929,-228.859710693,0.0608500353992,-0.020168306306,1.11066043377,-1.13502800465,0.0444668568671,-0.0106553444639,0.00097216560971,-9.33663749695
1495475539619997421,131,0,,46.3797073364,-228.878067017,0.0619491785765,-0.020247567445,1.12993574142,-1.27321124077,0.0396236404777,0.0109914550558,-0.000792597944383,-9.34932899475
1495475539728942074,132,0,,46.4778366089,-228.951446533,0.0617752186954,-0.0202560164034,1.14712059498,-1.0727763176,0.0472482405603,-0.00173962174449,-8.44900496304e-05,-9.36234664917
1495475539815284477,133,0,,46.3583869934,-228.972564697,0.0629897266626,-0.0203232988715,1.16194927692,-1.21227920055,0.0420129038393,0.0121450843289,-0.000672834925354,-9.37516498566
1495475539916239915,134,0,,46.4092903137,-229.027282715,0.0624816864729,-0.0203064382076,1.1801854372,-1.02464532852,0.0426549464464,-0.00508040934801,0.000168603859493,-9.38811779022
1495475540033335532,135,0,,46.2951889038,-229.051239014,0.0620434246957,-0.020362669602,1.19731378555,-1.16519975662,0.0388091206551,-0.00438259541988,-0.000562310568057,-9.40014648438
1495475540114923627,136,0,,46.3574333191,-229.104995728,0.0612717568874,-0.0203267037868,1.21302103996,-0.998368144035,0.0426798090339,-0.00771667482331,0.000359660160029,-9.41145324707
1495475540234914656,137,0,,46.2466049194,-229.131759644,0.0619239509106,-0.0203690286726,1.23046219349,-1.13949596882,0.0385187752545,0.00652192393318,-0.000423248216975,-9.42238140106
1495475540315087001,138,0,,46.3167915344,-229.177200317,0.0616009198129,-0.0203434061259,1.23067855835,-0.978521645069,0.0412160418928,-0.00323030748405,0.000256227067439,-9.43336772919
1495475540367638239,139,0,,46.2082824707,-229.205230713,0.0618460960686,-0.0203900169581,1.26575636864,-1.12007951736,0.0376280210912,0.00245174439624,-0.000466103985673,-9.44389152527
1495475540431894315,140,0,,46.0877227783,-229.241516113,0.0613392926753,-0.0203569289297,1.28142416477,-1.25851202011,0.0351929031312,-0.00506800925359,0.000330866605509,-9.45413780212
1495475540437210632,141,0,,45.954990387,-229.284210205,0.0605666860938,-0.0202670041472,1.29980623722,-1.39393913746,0.0331906229258,-0.00772608071566,0.000899259641301,-9.46357059479
1495475540516316432,142,0,,46.0708580017,-229.322723389,0.0600101649761,-0.0201669391245,1.31370508671,-1.11682379246,0.0424706377089,-0.0055651939474,0.0010006405646,-9.47227478027
1495475540633779972,143,0,,45.9522514343,-229.364044189,0.061989672482,-0.0202532131225,1.32922244072,-1.25540602207,0.0381580926478,0.0197950750589,-0.000862742715981,-9.48126983643
1495475540730757315,144,0,,46.0726051331,-229.397583008,0.0621126554906,-0.0202712081373,1.34248161316,-1.0382412672,0.0421471633017,0.00122981704772,-0.000179940310773,-9.49114513397
1495475540832176501,145,0,,45.9622421265,-229.439086914,0.0623912848532,-0.0203521028161,1.35994279385,-1.17849683762,0.0385286323726,0.00278630992398,-0.000808942422736,-9.50059986115
1495475540931475301,146,0,,46.0826950073,-229.462997437,0.0617506578565,-0.0203256867826,1.37416243553,-0.996289491653,0.0440560989082,-0.00640628812835,0.000264146277914,-9.50970077515
1495475541033174335,147,0,,45.9773139954,-229.505996704,0.0625730380416,-0.0203710850328,1.39313530922,-1.13746058941,0.0397002547979,0.00822382420301,-0.00045398119255,-9.51848316193
1495475541132064844,148,0,,46.0960006714,-229.529968262,0.0622291751206,-0.0203466992825,1.41006839275,-0.969620704651,0.0433345735073,-0.00343866785988,0.000243872826104,-9.52743721008
1495475541234440501,149,0,,45.9945106506,-229.575424194,0.0626048594713,-0.0203943382949,1.42928028107,-1.11137211323,0.0393504910171,0.00375684769824,-0.000476402667118,-9.53598403931
1495475541328892736,150,0,,46.1113433838,-229.592697144,0.0620675124228,-0.0203634481877,1.44829750061,-0.955834567547,0.0467569231987,-0.00537344068289,0.000308898102958,-9.54436588287
1495475541381901435,151,0,,46.0126571655,-229.640975952,0.0633021742105,-0.0203980989754,1.46671009064,-1.09788405895,0.0417616292834,0.0123466271907,-0.000346500659361,-9.55261421204
1495475541435904739,152,0,,45.9028549194,-229.698028564,0.062952041626,-0.0203740317374,1.48818206787,-1.23680579662,0.0387493260205,-0.00350132887252,0.000240674155066,-9.5612411499
1495475541453179633,153,0,,45.7826728821,-229.764465332,0.0618089474738,-0.0202867034823,1.50211584568,-1.37270331383,0.0362143628299,-0.0114309750497,0.000873288081493,-9.5688829422
1495475541531387484,154,0,,45.9387054443,-229.767730713,0.060936562717,-0.0201819334179,1.52262353897,-1.09237110615,0.0453081093729,-0.008723821491,0.00104768946767,-9.57552433014
1495475541631673700,155,0,,45.8324928284,-229.830200195,0.0628589168191,-0.020266091451,1.53942966461,-1.23148620129,0.040420178324,0.0192235521972,-0.000841569155455,-9.58239269257
1495475541730124976,156,0,,46.0395240784,-229.830963135,0.0629304870963,-0.02028545551,1.55922877789,-1.02060925961,0.0538237765431,0.000715646019671,-0.000193646221305,-9.59020614624
1495475541833964231,157,0,,45.9409790039,-229.892578125,0.0651959255338,-0.0203530509025,1.58117437363,-1.16124415398,0.0471980571747,0.0226544104517,-0.00067595083965,-9.59828090668
1495475541933039678,158,0,,46.1318016052,-229.88633728,0.0647223591805,-0.0203459169716,1.6027765274,-0.977095365524,0.0528522767127,-0.00473566073924,7.13402187102e-05,-9.60712337494
1495475542030553613,159,0,,46.0393562317,-229.949508667,0.0650210380554,-0.0203935559839,1.62567329407,-1.11867904663,0.0468147844076,0.00298676174134,-0.00047639751574,-9.61522293091
1495475542133983243,160,0,,46.2165603638,-229.945785522,0.0640548914671,-0.0203623566777,1.64900147915,-0.950891077518,0.0532736033201,-0.00966142583638,0.000311996409437,-9.62301540375
1495475542231487125,161,0,,46.1290092468,-230.011383057,0.0649388432503,-0.0203994419426,1.64930057526,-1.09304893017,0.046889141202,0.00883947405964,-0.000370861846022,-9.63036727905
1495475542329469979,162,0,,46.2931060791,-230.000778198,0.0642867386341,-0.0203765891492,1.7010743618,-0.933104038239,0.0525382757187,-0.00652100006118,0.00022854123381,-9.63791656494
1495475542367547724,163,0,,46.2103042603,-230.069595337,0.0649446845055,-0.0204164925963,1.72511005402,-1.07564735413,0.0464747101068,0.00657944241539,-0.000399035634473,-9.64501667023
1495475542438735130,164,0,,46.1192970276,-230.15020752,0.0641704276204,-0.0203888565302,1.74931144714,-1.2150503397,0.0424760207534,-0.00774260144681,0.000276349310298,-9.65211200714
1495475542453656437,165,0,,46.0207939148,-230.24281311,0.0628236755729,-0.020298646763,1.7735632658,-1.35142147541,0.0391588807106,-0.0134674776345,0.000902107800357,-9.65807723999
1495475542530988549,166,0,,46.2202911377,-230.214645386,0.0618322975934,-0.0201939977705,1.79708683491,-1.06552553177,0.0445400848985,-0.00991377513856,0.00104648899287,-9.66301345825
1495475542640858176,167,0,,46.1360206604,-230.30090332,0.0629798471928,-0.0202854480594,1.82470035553,-1.20522689819,0.0400963500142,0.0114754792303,-0.000914512900636,-9.66794395447
1495475542737845164,168,0,,46.3212928772,-230.271240234,0.0628691241145,-0.0202994197607,1.85162568092,-0.98575347662,0.0530067533255,-0.00110719760414,-0.000139707262861,-9.67343044281
1495475542844399775,169,0,,46.2461967468,-230.355407715,0.0651907622814,-0.0203703679144,1.8765412569,-1.1271494627,0.0466080568731,0.0232163388282,-0.000709478626959,-9.67929935455
1495475542936059473,170,0,,46.4170455933,-230.319534302,0.0648404359818,-0.0203665364534,1.90336489677,-0.941232264042,0.0521412342787,-0.00350324204192,3.83041187888e-05,-9.68608951569
1495475543038243140,171,0,,46.3488922119,-230.403915405,0.0651396736503,-0.0204171203077,1.93025624752,-1.08359622955,0.046394046396,0.00299237854779,-0.000505838892423,-9.69224643707
1495475543138445053,172,0,,46.5073165894,-230.371566772,0.0641914755106,-0.0203853528947,1.95868575573,-0.911058306694,0.0571359097958,-0.00948199722916,0.000317670259392,-9.69812870026
1495475543239855229,173,0,,46.4451751709,-230.456848145,0.0659834593534,-0.0204191207886,1.98674166203,-1.05408215523,0.0497564412653,0.0179198365659,-0.000337677833159,-9.70392799377
1495475543347369527,174,0,,46.5929260254,-230.420181274,0.0654733926058,-0.0204054843634,1.98710441589,-0.890662610531,0.0581657551229,-0.0051006898284,0.000136380956974,-9.71047210693
1495475543366972372,175,0,,46.5340805054,-230.505371094,0.0664877220988,-0.0204449035227,2.04210853577,-1.03412663937,0.0508763156831,0.0101433089003,-0.000394204485929,-9.7166261673
1495475543435380720,176,0,,46.4736289978,-230.606170654,0.0655478835106,-0.0204197671264,2.0703458786,-1.17443394661,0.0461109653115,-0.00939840544015,0.000251377030509,-9.722905159
1495475543445855514,177,0,,46.4100990295,-230.721008301,0.0638591498137,-0.0203274860978,2.0988574028,-1.31168746948,0.042108014226,-0.0168873220682,0.000922806037124,-9.7278175354
1495475543542830697,178,0,,46.5845909119,-230.656738281,0.0626338273287,-0.0202191527933,2.12744688988,-1.02406346798,0.0482505820692,-0.0122532099485,0.0010833350243,-9.73150539398
1495475543637836635,179,0,,46.5335044861,-230.761489868,0.0639520809054,-0.0203085653484,2.15631389618,-1.16466760635,0.0429561436176,0.0131825096905,-0.00089413538808,-9.73521518707
1495475543738226009,180,0,,46.6930198669,-230.689224243,0.0637995451689,-0.0203259512782,2.18603801727,-0.949240326881,0.0453671626747,-0.00152533862274,-0.000173853317392,-9.73962497711
1495475543838342928,181,0,,46.6507911682,-230.789962769,0.0638253390789,-0.0204078294337,2.21587228775,-1.09143292904,0.0413282588124,0.000257975800196,-0.000818781729322,-9.74364566803
1495475543941483906,182,0,,46.7965354919,-230.722473145,0.0630661994219,-0.0203803740442,2.24529075623,-0.895210266113,0.0526833422482,-0.00759138958529,0.0002745478414,-9.74733161926
1495475544038564338,183,0,,46.7613563538,-230.820297241,0.0651384368539,-0.0204249843955,2.27479720116,-1.03858089447,0.0463451482356,0.0207223147154,-0.000446103105787,-9.75122928619
1495475544146986714,184,0,,46.8947639465,-230.74961853,0.064898557961,-0.0204160362482,2.3051211834,-0.864060044289,0.0535606369376,-0.00239873933606,8.94760814845e-05,-9.75611972809
1495475544238218359,185,0,,46.8660202026,-230.846374512,0.065674521029,-0.020463809371,2.33627033234,-1.00810396671,0.0474921017885,0.00775960460305,-0.00047773210099,-9.76067733765
1495475544347404869,186,0,,46.9890289307,-230.773849487,0.0648101046681,-0.0204358305782,2.3685131073,-0.838340818882,0.0560311861336,-0.00864418037236,0.00027979243896,-9.76525497437
1495475544368510067,187,0,,46.9666671753,-230.869689941,0.0660173743963,-0.0204713400453,2.40054035187,-0.982946395874,0.0491509959102,0.012072712183,-0.000355089228833,-9.76955223083
1495475544434945329,188,0,,46.945690155,-230.980255127,0.0653485655785,-0.0204497706145,2.43251919746,-1.12436962128,0.0448219589889,-0.00668807141483,0.000215702588321,-9.77426815033
1495475544454249045,189,0,,46.9289512634,-231.088790894,0.0659388974309,-0.0053403833881,2.46600914001,-1.09744894505,0.0407133437693,0.00590331619605,0.1510938555,-9.77677726746
1495475544537845149,190,0,,47.0689201355,-230.972381592,0.0596726946533,-0.0138541301712,2.49967885017,-0.864396989346,0.046746224165,-0.0626620277762,-0.0851374641061,-9.78227710724
1495475544638180320,191,0,,47.0599441528,-231.0728302,0.0624974891543,-0.0199138280004,2.53087520599,-1.0076841116,0.0401708632708,0.0282479375601,-0.0605969801545,-9.78189754486
1495475544738780266,192,0,,47.1829109192,-230.958953857,0.0644849389791,-0.021219143644,2.56848883629,-0.809117734432,0.0473453290761,0.019874477759,-0.0130531517789,-9.78445339203
1495475544857048101,193,0,,47.1803855896,-231.054397583,0.0653660744429,-0.0209327284247,2.60678815842,-0.953868329525,0.0432573445141,0.00881139189005,0.00286414497532,-9.78820323944
1495475544955608400,194,0,,47.2891807556,-230.930374146,0.0661348998547,-0.00552235776559,2.64686012268,-0.670040369034,0.0442828424275,0.00768821965903,0.154103711247,-9.79068470001
1495475545055984570,195,0,,47.2913970947,-230.996490479,0.0626298040152,0.000966436578892,2.68350410461,-0.660122454166,0.0416766442358,-0.0350509732962,0.0648879408836,-9.79519748688
1495475545140482674,196,0,,47.387550354,-230.881652832,0.0589045360684,-0.0136050181463,2.71944570541,-0.569138169289,0.0471569523215,-0.0372526422143,-0.14571455121,-9.79772186279
1495475545255935975,197,0,,47.395614624,-230.953048706,0.0641749948263,-0.0209312811494,2.75633835793,-0.71742773056,0.0405536405742,0.0527045987546,-0.0732626318932,-9.79701709747
1495475545354791841,198,0,,47.534412384,-230.850402832,0.0657865703106,-0.0218543317169,2.75682210922,-0.586550593376,0.0505961738527,0.0161157436669,-0.0092305066064,-9.80038547516
1495475545364767691,199,0,,47.5449523926,-230.923400879,0.0660903006792,-0.0211537312716,2.82999229431,-0.736135005951,0.0458452403545,0.00303732533939,0.00700599886477,-9.8043422699
1495475545434906288,200,0,,47.5651512146,-231.009460449,0.0644176006317,-0.0206379815936,2.86513829231,-0.883000969887,0.0423207506537,-0.0167270489037,0.00515751121566,-9.80776405334
1495475545449791565,201,0,,47.5930900574,-231.108337402,0.0628986358643,-0.0204397942871,2.91262197495,-1.02671027184,0.0390452630818,-0.0151896253228,0.00198186840862,-9.8097076416
1495475545555996479,202,0,,47.7344360352,-230.993499756,0.0621611997485,-0.0203638412058,2.95833063126,-0.799616277218,0.0385291688144,-0.00737435743213,0.000759527727496,-9.81084060669
1495475545654927005,203,0,,47.7684898376,-231.081741333,0.0622309334576,-0.020467903465,2.99715399742,-0.945098996162,0.0359547883272,0.000697328126989,-0.00104062107857,-9.81185245514
1495475545755710981,204,0,,47.8859138489,-230.96887207,0.0619936138391,-0.0204649828374,3.04205203056,-0.753349542618,0.0368616171181,-0.0023732020054,2.91980559268e-05,-9.8128862381
1495475545854447769,205,0,,47.9251785278,-231.049911499,0.0620435550809,-0.0205324776471,3.0889852047,-0.899806499481,0.0347982645035,0.000499425455928,-0.000674933660775,-9.81379795074
1495475545954349506,206,0,,48.0170555115,-230.912765503,0.0638716369867,-0.00547826942056,3.13898730278,-0.60669618845,0.0341238975525,0.018280852586,0.150542080402,-9.81359672546
1495475546055136975,207,0,,48.056427002,-230.978256226,0.0585785880685,-0.0141311138868,3.18307590485,-0.763350307941,0.0345092527568,-0.0529305413365,-0.0865284428,-9.81729888916
1495475546156922267,208,0,,48.1367912292,-230.853515625,0.0602553486824,-0.0200721919537,3.22989153862,-0.630786299706,0.0311598367989,0.0167676173151,-0.0594107732177,-9.81504058838
1495475546256330159,209,0,,48.1832275391,-230.91607666,0.0620890520513,-0.0214110668749,3.28620910645,-0.778522968292,0.0304288398474,0.0183370374143,-0.0133887622505,-9.81501579285
1495475546355460502,210,0,,48.2530822754,-230.798782349,0.0616349875927,-0.0210108291358,3.33351922035,-0.652237296104,0.0282968487591,-0.00454064970836,0.00400238949805,-9.81589412689
1495475546361244059,211,0,,48.3074493408,-230.857666016,0.0601318329573,-0.0206759758294,3.38887000084,-0.800893187523,0.0284932665527,-0.0150315249339,0.00334852701053,-9.81594944
1495475546418994142,212,0,,48.3758163452,-230.923156738,0.0596989691257,-0.0205101910979,3.43964886665,-0.946345031261,0.0281092803925,-0.00432864110917,0.00165784964338,-9.81518268585
1495475546456054439,213,0,,48.4584693909,-230.994064331,0.0599302835763,-0.020426876843,3.49827623367,-1.08860611916,0.0279207453132,0.00231312494725,0.000833148485981,-9.81453132629
1495475546554665582,214,0,,48.5777130127,-230.849899292,0.0601294077933,-0.020355662331,3.56037688255,-0.814523816109,0.0213607493788,0.00199124729261,0.000712137843948,-9.8141450882
1495475546656313426,215,0,,48.6576499939,-230.903045654,0.0587222650647,-0.0204735957086,3.61626648903,-0.959684789181,0.0232570115477,-0.0140714403242,-0.00117934064474,-9.81339263916
1495475546755779914,216,0,,48.7447509766,-230.748336792,0.0585448294878,-0.020449757576,3.68492722511,-0.760773003101,0.0162954609841,-0.00177434110083,0.000238396140048,-9.81180667877
1495475546855217140,217,0,,48.8260955811,-230.788513184,0.0574004426599,-0.02052731812,3.75005364418,-0.907077610493,0.0191651005298,-0.0114438692108,-0.000775605789386,-9.81006622314
1495475546957325656,218,0,,48.8369255066,-230.649490356,0.0576331354678,-0.0204818826169,3.82271313667,-0.757620871067,0.0143742254004,0.00232694367878,0.00045435471111,-9.8078660965
1495475547054468245,219,0,,48.9227828979,-230.677841187,0.0570322535932,-0.0205339137465,3.89434981346,-0.903992950916,0.017641171813,-0.0060088201426,-0.00052031344967,-9.80586528778
1495475547155424450,220,0,,48.9256019592,-230.537826538,0.057434078306,-0.0204839780927,3.96943306923,-0.745017588139,0.00766627443954,0.00401824107394,0.000499350077007,-9.8036775589
1495475547252972048,221,0,,49.0135421753,-230.552612305,0.0556342825294,-0.0205474514514,3.97043037415,-0.891668617725,0.0127770407125,-0.0179979726672,-0.000634729105514,-9.80129241943
1495475547361040820,222,0,,48.9916419983,-230.422714233,0.058037687093,-0.00546678155661,4.12347126007,-0.622541666031,0.00258383504115,0.024034069851,0.150806695223,-9.79700469971
1495475547364223349,223,0,,49.0695304871,-230.423599243,0.0515231080353,-0.0141252083704,4.20640802383,-0.778860449791,0.0104884207249,-0.0651458129287,-0.0865842700005,-9.79694271088
1495475547407444626,224,0,,49.1616859436,-230.416885376,0.0541178360581,-0.0200478024781,4.29245233536,-0.923925280571,0.0120737729594,0.0259472951293,-0.0592259354889,-9.79058742523
1495475547459304714,225,0,,49.2668991089,-230.400161743,0.0577489100397,-0.0212598424405,4.38629722595,-1.0652513504,0.0153912669048,0.0363107398152,-0.0121204117313,-9.78782749176
1495475547552894547,226,0,,49.2801017761,-230.233886719,0.0585472695529,-0.0208204146475,4.38754081726,-0.850094914436,0.0082806199789,0.00798359327018,0.00439429515973,-9.78723621368
1495475547659194098,227,0,,49.376373291,-230.20892334,0.0559255219996,-0.0205393154174,4.57384395599,-0.994473040104,0.013539750129,-0.0262174922973,0.00281098019332,-9.78582954407
1495475547756728848,228,0,,49.3650894165,-230.059204102,0.0557388998568,-0.0203800052404,4.67117929459,-0.828761994839,0.00516598159447,-0.00186622142792,0.00159310677554,-9.78291702271
1495475547857882841,229,0,,49.4485626221,-230.009078979,0.0546947047114,-0.0204536747187,4.77283382416,-0.97362613678,0.0104733770713,-0.0104419449344,-0.000736694957595,-9.7800989151
1495475547958116261,230,0,,49.418346405,-229.874572754,0.0555019639432,-0.0204265490174,4.88252592087,-0.82865190506,-0.00193569716066,0.00807260163128,0.000271259603323,-9.77707386017
1495475548056283910,231,0,,49.4890480042,-229.807647705,0.0534889958799,-0.0204997155815,4.99392032623,-0.973479092121,0.00545698730275,-0.0201296973974,-0.000731670996174,-9.77408313751
1495475548158715442,232,0,,49.4406394958,-229.686813354,0.0540190562606,-0.0204335153103,5.10043954849,-0.841182887554,0.000929201138206,0.00530060287565,0.000662004458718,-9.77014923096
1495475548264848279,233,0,,49.4959640503,-229.605224609,0.0538571886718,-0.0204769279808,5.21322822571,-0.985740244389,0.00713794259354,-0.00161867658608,-0.000434132351074,-9.76690673828
1495475548366604657,234,0,,49.4314193726,-229.492965698,0.0549618266523,-0.020427050069,5.32972860336,-0.860914289951,-0.000811876088846,0.0110464030877,0.000498790992424,-9.76391124725
1495475548380224194,235,0,,49.4672927856,-229.399078369,0.053735807538,-0.0204789303243,5.44382619858,-1.00503993034,0.00619267765433,-0.0122602144256,-0.000518816930708,-9.76120948792
1495475548434182456,236,0,,49.4960403442,-229.288131714,0.0544041097164,-0.0204147715122,5.55863332748,-1.14596498013,0.010549464263,0.00668303389102,0.000641589867882,-9.75795459747
1495475548456866835,237,0,,49.5140037537,-229.161010742,0.0559560731053,-0.0203223861754,5.67265892029,-1.28384959698,0.0141907315701,0.0155196487904,0.000923864601646,-9.75585269928
1495475548558581862,238,0,,49.3941345215,-229.07875061,0.0571285672486,-0.0202374011278,5.7845659256,-1.05243909359,0.00436293100938,0.0117249246687,0.000849846284837,-9.75487232208
1495475548656999198,239,0,,49.3836479187,-228.959960938,0.0550036467612,-0.0203382838517,5.88669490814,-1.19242203236,0.0104339383543,-0.0212492179126,-0.00100883597042,-9.75358009338
1495475548760432740,240,0,,49.2649497986,-228.921005249,0.0572553686798,-0.00527349114418,5.99090051651,-0.89470744133,0.00372373010032,0.0225172284991,0.150647938251,-9.74999904633
1495475548865193827,241,0,,49.2347793579,-228.82093811,0.0515184737742,-0.0139422323555,6.08918476105,-1.04510235786,0.011080885306,-0.0573689341545,-0.0866874158382,-9.75085830688
1495475548958280387,242,0,,49.1195526123,-228.80406189,0.0543585345149,-0.0198794640601,6.18643093109,-0.92627620697,0.00556610990316,0.0284006092697,-0.0593723207712,-9.74590587616
1495475549072716378,243,0,,49.0693473816,-228.709838867,0.0563285760581,-0.0212254673243,0.0842482969165,-1.06758630276,0.0107658589259,0.0197004154325,-0.0134600289166,-9.74397468567
1495475549165943316,244,0,,48.953086853,-228.719467163,0.0568169876933,-0.020820133388,0.0920086279511,-0.931717634201,0.0119633572176,0.00488411076367,0.00405334820971,-9.74317455292
1495475549268612937,245,0,,48.8860397339,-228.635513306,0.0563459470868,-0.0204920209944,0.177574530244,-1.07429563999,0.0157253816724,-0.00471039582044,0.00328111508861,-9.74239253998
1495475549366714446,246,0,,48.788028717,-228.652481079,0.0567854531109,-0.0203346945345,0.264117926359,-0.949226617813,0.0164571292698,0.00439503975213,0.00157326739281,-9.74146080017
1495475549380029408,247,0,,48.706489563,-228.579910278,0.0572613403201,-0.0203820820898,0.26526427269,-1.09146118164,0.0189582724124,0.00475887209177,-0.000473874475574,-9.74101448059
1495475549432463171,248,0,,48.6144371033,-228.498214722,0.0578858852386,-0.020360885188,0.412244796753,-1.23051977158,0.0208694022149,0.00624547014013,0.000211974111153,-9.74091720581
1495475549458319672,249,0,,48.4999847412,-228.42350769,0.0583883412182,-0.0202818010002,0.484415113926,-1.36655569077,0.0224196147174,0.0050245532766,0.000790836580563,-9.74122810364
1495475549558327220,250,0,,48.3609886169,-228.495635986,0.0587153397501,-0.0201880149543,0.547204852104,-1.10871708393,0.0247337464243,0.00326999952085,0.000937857257668,-9.74179363251
1495475549667062137,251,0,,48.2484931946,-228.441665649,0.0591516084969,-0.0202774405479,0.610248923302,-1.24747478962,0.0253560338169,0.00436265813187,-0.000894256634638,-9.74259281158
1495475549768098311,252,0,,48.1489295959,-228.524291992,0.0594021268189,-0.0202685445547,0.671354830265,-1.03608250618,0.0260899979621,0.00250520813279,8.89638322406e-05,-9.74358463287
1495475549860196753,253,0,,48.0374450684,-228.48664856,0.0594949424267,-0.020348360762,0.732544958591,-1.17639267445,0.026475476101,0.000928147637751,-0.000798155844677,-9.74465847015
1495475549967139266,254,0,,47.9684333801,-228.574661255,0.059568259865,-0.0203183591366,0.788951039314,-1.01383113861,0.0314676351845,0.000733176653739,0.000300008658087,-9.74570941925
1495475550066025372,255,0,,47.8555183411,-228.550338745,0.0605994090438,-0.0203627943993,0.847123324871,-1.15462136269,0.03036843054,0.0103114917874,-0.000444361881819,-9.74711418152
1495475550158640080,256,0,,47.8100471497,-228.647003174,0.0607846565545,-0.0203334335238,0.896628975868,-0.993376731873,0.0333525240421,0.00185246125329,0.000293616525596,-9.74903869629
1495475550262214423,257,0,,47.6971855164,-228.634918213,0.0611486546695,-0.0203815251589,0.942214727402,-1.1346129179,0.0320285074413,0.00363998394459,-0.000480913004139,-9.75097179413
1495475550365400037,258,0,,47.6729469299,-228.728729248,0.0609864629805,-0.0203458424658,0.985838472843,-0.966431796551,0.0302720237523,-0.00162191723939,0.000356814533006,-9.75293540955
1495475550377908679,259,0,,47.5620956421,-228.726898193,0.0604141093791,-0.0203992668539,1.02609205246,-1.10825765133,0.0297885648906,-0.00572352623567,-0.000534239283297,-9.75453853607
1495475550435228539,260,0,,47.437412262,-228.730270386,0.0601655095816,-0.0203573256731,1.0662920475,-1.24694287777,0.0292300414294,-0.00248598749749,0.000419421558036,-9.75573158264
1495475550470023256,261,0,,47.29945755,-228.73991394,0.0601218044758,-0.0202675703913,1.10377061367,-1.38262438774,0.0288309790194,-0.000437081354903,0.000897552468814,-9.75685596466
1495475550568048988,262,0,,47.3250732422,-228.847824097,0.0600937753916,-0.0201736222953,1.14004302025,-1.09956216812,0.0308947376907,-0.000280293927062,0.000939482008107,-9.75796890259
1495475550667301065,263,0,,47.2023925781,-228.865081787,0.0605075620115,-0.0202757176012,1.17268848419,-1.23852288723,0.0300668757409,0.00413788249716,-0.00102095422335,-9.75920295715
1495475550770494567,264,0,,47.2494697571,-228.958084106,0.060557641089,-0.0202756077051,1.20383894444,-1.02549517155,0.0332532934844,0.000500793976244,1.08879430627e-06,-9.7606010437
1495475550865987857,265,0,,47.1351547241,-228.981292725,0.0610981322825,-0.020353063941,1.20424938202,-1.16603243351,0.0318873561919,0.0054049147293,-0.000774562475272,-9.76211643219
1495475550960387707,266,0,,47.1938781738,-229.065551758,0.0610419362783,-0.0203285738826,1.2546132803,-0.987709581852,0.0368673987687,-0.000561977503821,0.000244913971983,-9.76382064819
1495475551066428915,267,0,,47.0843582153,-229.093215942,0.0618807338178,-0.0203792490065,1.27762031555,-1.12906837463,0.0345918163657,0.00838797912002,-0.000506751413923,-9.76565647125
1495475551164961976,268,0,,47.1515464783,-229.167602539,0.0617824271321,-0.0203514546156,1.30060720444,-0.959939658642,0.0348584577441,-0.000983075937256,0.000277928367723,-9.76783180237
1495475551267659463,269,0,,47.0460166931,-229.199478149,0.0615173391998,-0.0204040706158,1.3272203207,-1.10190427303,0.0333029553294,-0.0026508544106,-0.000526159012225,-9.76969146729
1495475551368455308,270,0,,47.1195755005,-229.263122559,0.0611440055072,-0.0203647408634,1.3493373394,-0.940953731537,0.0325802899897,-0.00373332877643,0.000393311114749,-9.77124023438
1495475551380421633,271,0,,47.0175094604,-229.299575806,0.0609012283385,-0.0204124245793,1.37622463703,-1.08333337307,0.031464766711,-0.00242777192034,-0.000476836139569,-9.77254676819
1495475551432947032,272,0,,46.9036636353,-229.344238281,0.0607152022421,-0.0203737784177,1.39238250256,-1.22256362438,0.0306213144213,-0.00186026759911,0.000386454776162,-9.77367591858
1495475551468196768,273,0,,46.7781066895,-229.396270752,0.0605342946947,-0.0202853232622,1.41567051411,-1.35877501965,0.0299822576344,-0.00180907826871,0.000884548062459,-9.77466869354
1495475551566803652,274,0,,46.8945198059,-229.450439453,0.060380410403,-0.0201896373183,1.43074274063,-1.08340299129,0.038116466254,-0.00153885583859,0.000956863281317,-9.77553081512
1495475551668895402,275,0,,46.7830352783,-229.500778198,0.0620718859136,-0.0202794373035,1.44605445862,-1.22271215916,0.0353376232088,0.0169147588313,-0.000898006779607,-9.77689647675
1495475551765082003,276,0,,46.9020385742,-229.545471191,0.0622571855783,-0.0202909708023,1.46531975269,-1.0104085207,0.039948888123,0.00185298419092,-0.000115322320198,-9.77914524078
1495475551864955668,277,0,,46.7985687256,-229.596084595,0.0627598613501,-0.0203679054976,1.48583960533,-1.15127038956,0.0371455959976,0.00502679450437,-0.000769361795392,-9.78132534027
1495475551967478904,278,0,,46.9166069031,-229.628662109,0.0623417496681,-0.0203417707235,1.50628972054,-0.972264826298,0.0439069643617,-0.00418113265187,0.000261350069195,-9.78351783752
1495475552066850617,279,0,,46.8183555603,-229.681304932,0.063425861299,-0.0203862991184,1.52412343025,-1.11395835876,0.0399198979139,0.0108410846442,-0.000445276877144,-9.78573036194
1495475552164514013,280,0,,46.9338645935,-229.711608887,0.0631765276194,-0.0203625764698,1.54029750824,-0.947894513607,0.0428474806249,-0.00249330629595,0.000237232583459,-9.78841114044
1495475552267431781,281,0,,46.8394775391,-229.766281128,0.0633411705494,-0.0204103756696,1.56093907356,-1.09011852741,0.0393766276538,0.0016464513028,-0.000477992725791,-9.79078292847
1495475552366568828,282,0,,46.9526023865,-229.787643433,0.0627811849117,-0.0203759372234,1.57708752155,-0.935290932655,0.0474975816905,-0.00559990108013,0.000344371801475,-9.79301738739
1495475552387863996,283,0,,46.8611030579,-229.844772339,0.0642063394189,-0.0204088650644,1.59723305702,-1.07778799534,0.0425942018628,0.0142515907064,-0.000329269852955,-9.79536437988
1495475552432864338,284,0,,46.7595596313,-229.911987305,0.0639426857233,-0.0203865859658,1.61068105698,-1.21714806557,0.0397264398634,-0.00263657839969,0.000222781003686,-9.79837226868
1495475552470190243,285,0,,46.6480484009,-229.98878479,0.0627901107073,-0.0202999394387,1.62995314598,-1.35347306728,0.03729358688,-0.0115257259458,0.000866475398652,-9.80054950714
1495475552584204535,286,0,,46.8549156189,-229.991744995,0.0618931464851,-0.0201943982393,1.64479827881,-1.07283556461,0.0457294806838,-0.00896963849664,0.00105540279765,-9.80183887482
1495475552668306779,287,0,,46.7569389343,-230.063262939,0.0636540651321,-0.0202789157629,1.66479825974,-1.2123759985,0.0410642102361,0.0176091920584,-0.000845168542583,-9.80343151093
1495475552780083284,288,0,,46.9487838745,-230.053924561,0.0637014135718,-0.0202965736389,1.68223643303,-0.997524857521,0.045881960541,0.000473445397802,-0.000176571615157,-9.80601882935
1495475552869101450,289,0,,46.8591041565,-230.124206543,0.0641738623381,-0.0203760378063,1.70196092129,-1.13866603374,0.0417509451509,0.00472450209782,-0.000794656516518,-9.80843448639
1495475552981670997,290,0,,47.0362815857,-230.11505127,0.0635061115026,-0.0203518941998,1.72190618515,-0.956311166286,0.0509558953345,-0.00667751859874,0.000241442772676,-9.81078243256
1495475553085765453,291,0,,46.9521636963,-230.185821533,0.0650177225471,-0.0203930139542,1.7436350584,-1.09835028648,0.045248311013,0.0151161225513,-0.000411203276599,-9.81316280365
1495475553181966021,292,0,,47.1164093018,-230.170669556,0.0646527335048,-0.0203753635287,1.76601052284,-0.931367576122,0.0564426593482,-0.00364987994544,0.000176512141479,-9.81623363495
1495475553291598047,293,0,,47.2530441284,-230.162109375,0.066391043365,-0.0204134322703,1.78888046741,-0.833458662033,0.0570383518934,0.0173830688,-0.000380685960408,-9.81936359406
1495475553387299329,294,0,,47.3680458069,-230.154495239,0.0673415586352,-0.0204981584102,1.80895626545,-0.773301899433,0.0580383054912,0.00950520299375,-0.000847262446769,-9.82367134094
1495475553396774764,295,0,,47.3019561768,-230.218597412,0.0674119740725,-0.0205564834177,1.83211421967,-0.919295966625,0.0515297278762,0.000704153557308,-0.000583255663514,-9.82807159424
1495475553437250514,296,0,,47.2282714844,-230.29524231,0.0657875314355,-0.0205040443689,1.85102856159,-1.06208837032,0.0466845706105,-0.0162444319576,0.000524400093127,-9.83169269562
1495475553484799714,297,0,,47.147315979,-230.384155273,0.064087331295,-0.0203936714679,1.87291896343,-1.20178925991,0.0425157696009,-0.0170019902289,0.00110373215284,-9.83383083344
1495475553581255205,298,0,,47.2894134521,-230.364593506,0.0630289018154,-0.0202844347805,1.89414358139,-0.978652715683,0.0474081225693,-0.0105843376368,0.00109235185664,-9.83498287201
1495475553685046616,299,0,,47.2173461914,-230.450454712,0.0641522556543,-0.0203497447073,1.92116868496,-1.12023806572,0.0425241105258,0.011233557947,-0.000653093040455,-9.83623886108
1495475553785117514,300,0,,47.3546600342,-230.428634644,0.0639437437057,-0.0203529298306,1.9470334053,-0.928449749947,0.0575017184019,-0.00208510016091,-3.18463462463e-05,-9.83811855316
1495475553884252882,301,0,,47.2893753052,-230.513702393,0.0666645392776,-0.0204071253538,1.97061288357,-1.07109093666,0.0501748099923,0.0272079501301,-0.000541966292076,-9.84055519104
1495475553983358787,302,0,,47.4205131531,-230.484024048,0.0662959739566,-0.0204031653702,1.99475097656,-0.901784896851,0.0551811531186,-0.0036856608931,3.96020550397e-05,-9.84422016144
1495475554085683947,303,0,,47.360786438,-230.569915771,0.0663458481431,-0.0204469114542,2.02022147179,-1.04500520229,0.0490062013268,0.000498742214404,-0.000437459617388,-9.8471698761
1495475554181369648,304,0,,47.4860229492,-230.541809082,0.0652024149895,-0.0204097628593,2.04529070854,-0.883206427097,0.0555693171918,-0.0114343101159,0.000371491361875,-9.84974193573
1495475554283795665,305,0,,47.4315643311,-230.628997803,0.0661004781723,-0.0204414930195,2.07225561142,-1.02683734894,0.0489038750529,0.00898061227053,-0.000317305064527,-9.85196685791
1495475554375720760,306,0,,47.5512924194,-230.595153809,0.0654354542494,-0.020418100059,2.09920144081,-0.870060026646,0.054907143116,-0.00665023876354,0.000233939150348,-9.85455417633
1495475554382411067,307,0,,47.502166748,-230.683990479,0.0661458224058,-0.0204565878958,2.12672281265,-1.01397490501,0.0485662743449,0.00710363825783,-0.00038489678991,-9.85682964325
1495475554432776897,308,0,,47.4499969482,-230.787109375,0.0653242245317,-0.0204288437963,2.1530854702,-1.15472018719,0.0443881601095,-0.00821596756577,0.000277444662061,-9.85923671722
1495475554483120733,309,0,,47.3954582214,-230.904342651,0.0638912767172,-0.02033768408,2.18135142326,-1.29240381718,0.0409100465477,-0.0143294418231,0.000911610317416,-9.86057472229
1495475554581191791,310,0,,47.5412597656,-230.841094971,0.0628331229091,-0.0202316250652,2.20866799355,-1.0068256855,0.0480228886008,-0.0105815595016,0.00106057419907,-9.86094665527
1495475554685422365,311,0,,47.4980506897,-230.947525024,0.0643348544836,-0.0203202515841,2.23617649078,-1.14780390263,0.0429392009974,0.0150173287839,-0.000886264024302,-9.86152648926
1495475554780691600,312,0,,47.6330718994,-230.882064819,0.0642387494445,-0.0203376691788,2.26452589035,-0.923429250717,0.0531753376126,-0.00096107868012,-0.000174163273186,-9.86297225952
1495475554900676344,313,0,,47.7447280884,-230.82170105,0.0658783391118,-0.0204142890871,2.29348635674,-0.799193918705,0.0569687783718,0.0163959208876,-0.000766212004237,-9.86462879181
1495475554984005934,314,0,,47.8385505676,-230.769119263,0.0673809796572,-0.0205161981285,2.32275152206,-0.723284840584,0.0597211010754,0.015026432462,-0.00101908145007,-9.86758327484
1495475555100588150,315,0,,47.813129425,-230.852523804,0.0680684447289,-0.0205877684057,2.35269427299,-0.870366156101,0.0528779812157,0.00687458645552,-0.000715697940905,-9.8711681366
1495475555181412810,316,0,,47.9033546448,-230.808273315,0.0664455220103,-0.0205420125276,2.38270163536,-0.761916875839,0.0567157119513,-0.0162292253226,0.00045755848987,-9.87421703339
1495475555297855764,317,0,,47.9808120728,-230.768096924,0.0663731694221,-0.0205354969949,2.41287636757,-0.698986232281,0.0558433718979,-0.000723483681213,6.51549780741e-05,-9.87623691559
1495475555364894523,318,0,,48.0483627319,-230.733108521,0.066674888134,-0.0205779541284,2.44243645668,-0.658708572388,0.0552154295146,0.00301716360264,-0.000424576166552,-9.87854194641
1495475555387795482,319,0,,48.0340919495,-230.812713623,0.066700451076,-0.0206203870475,2.47377347946,-0.807204067707,0.0492542758584,0.000255618448136,-0.000424324534833,-9.88095569611
1495475555437271325,320,0,,48.0215034485,-230.907226562,0.0653742551804,-0.0205688849092,2.50447368622,-0.952440440655,0.0449010804296,-0.0132619384676,0.000515017076395,-9.88282489777
1495475555503009012,321,0,,48.0985488892,-230.865493774,0.063909471035,-0.0204631853849,2.5368847847,-0.792855262756,0.0523767918348,-0.0146478619426,0.00105698860716,-9.88349151611
1495475555588520376,322,0,,48.1648139954,-230.823043823,0.0652954056859,-0.020481929183,2.56960892677,-0.697861790657,0.0561497434974,0.0138593344018,-0.000187436744454,-9.88409137726
1495475555690428099,323,0,,48.160697937,-230.90763855,0.067123785615,-0.0205690357834,2.60269761086,-0.845525562763,0.0498162321746,0.0182838160545,-0.000871061929502,-9.88622093201
1495475555790334658,324,0,,48.2265586853,-230.868041992,0.0661136806011,-0.0205550957471,2.63588523865,-0.728258132935,0.0533316023648,-0.0101010212675,0.000139408322866,-9.88864421844
1495475555902950095,325,0,,48.2836074829,-230.829345703,0.0658637285233,-0.0205649044365,2.67163705826,-0.648455679417,0.0572482682765,-0.00249951402657,-9.80891418294e-05,-9.89011287689
1495475555987657795,326,0,,48.33385849,-230.792831421,0.0669133663177,-0.020606437698,2.7056248188,-0.596247255802,0.0591818019748,0.0104963798076,-0.000415342510678,-9.89193058014
1495475556091767474,327,0,,48.3394927979,-230.867401123,0.067831851542,-0.0206575449556,2.73695683479,-0.746104717255,0.052316442132,0.00918483734131,-0.000511060934514,-9.89457702637
1495475556187675198,328,0,,48.391254425,-230.829803467,0.0664399117231,-0.0206160228699,2.77692842484,-0.661778151989,0.0525332912803,-0.0139194130898,0.000415207381593,-9.89697933197
1495475556289011897,329,0,,48.4040565491,-230.909957886,0.0656243190169,-0.0206088647246,2.81987953186,-0.810217022896,0.0469714924693,-0.00815591774881,7.15834466973e-05,-9.89820194244
1495475556365513877,330,0,,48.5033798218,-230.867736816,0.0645737498999,-0.0205485448241,2.85483407974,-0.692494273186,0.0482588894665,-0.0105056697503,0.000603203428909,-9.89885902405
1495475556387396266,331,0,,48.5235710144,-230.949417114,0.0646620765328,-0.0205696430057,2.89504814148,-0.840278744698,0.0435231328011,0.000883272616193,-0.000210990212508,-9.89914512634
1495475556436160358,332,0,,48.5520782471,-231.043762207,0.0640481412411,-0.0205317884684,2.93130779266,-0.984805822372,0.0403198115528,-0.00613935571164,0.000378555239877,-9.89943027496
1495475556501360829,333,0,,48.5893478394,-231.150100708,0.0630942285061,-0.020441705361,2.96993637085,-1.12619006634,0.0377407222986,-0.00953918974847,0.000900821294636,-9.89906787872
1495475556587073334,334,0,,48.6364097595,-231.26751709,0.0623502954841,-0.0203390214592,3.0085144043,-1.26450955868,0.0356011576951,-0.00743930833414,0.00102684984449,-9.89809513092
1495475556700823414,335,0,,48.7500114441,-231.181747437,0.061892580241,-0.0202440284193,3.05273079872,-0.959457874298,0.0334437005222,-0.00457713706419,0.000949936686084,-9.89678192139
1495475556788386223,336,0,,48.8368225098,-231.098556519,0.0614532753825,-0.0203620158136,3.10268735886,-0.802255451679,0.0320034846663,-0.00439304439351,-0.00117988337297,-9.89527511597
1495475556887962225,337,0,,48.8830795288,-231.18132019,0.0611438751221,-0.0205001756549,3.14456176758,-0.947633266449,0.0311724245548,-0.00309400446713,-0.00138159503695,-9.89353466034
1495475556997850570,338,0,,48.9590759277,-231.094009399,0.0610036551952,-0.0204742047936,3.19008421898,-0.771577119827,0.0311491750181,-0.00140221894253,0.000259706692304,-9.89168739319
1495475557101310165,339,0,,49.0191612244,-231.007553101,0.0609968677163,-0.0205234009773,3.23932480812,-0.671373128891,0.0300953518599,-6.78736832924e-05,-0.000491963059176,-9.8898973465
1495475557186936069,340,0,,49.0694999695,-230.930465698,0.0608190894127,-0.0205971654505,3.28921246529,-0.609013199806,0.0285801365972,-0.00177776277997,-0.000737649621442,-9.88810825348
1495475557301863883,341,0,,49.1133460999,-230.861694336,0.0604311265051,-0.0206502955407,3.338742733,-0.588086605072,0.025956356898,-0.00387963862158,-0.000531291414518,-9.88614368439
1495475557368436663,342,0,,49.1538619995,-230.801193237,0.0597715377808,-0.0206714086235,3.39615035057,-0.576071977615,0.024116050452,-0.00659589655697,-0.000211136619328,-9.88384532928
1495475557409121727,343,0,,49.193901062,-230.840576172,0.0613713860512,-0.00565485563129,3.44948983192,-0.561096966267,0.024549420923,0.0159984864295,0.150165528059,-9.88012886047
1495475557433077844,344,0,,49.2480773926,-230.887878418,0.0564685501158,-0.0142022725195,3.49949097633,-0.718700885773,0.0270144790411,-0.0490283407271,-0.0854741632938,-9.88051128387
1495475557496082504,345,0,,49.3164978027,-230.940887451,0.0587731674314,-0.0200945306569,3.55727648735,-0.865098774433,0.0254772268236,0.02304616943,-0.0589225739241,-9.87548542023
1495475557606451567,346,0,,49.3576087952,-230.851135254,0.0611333064735,-0.0213018618524,3.61334061623,-0.720649063587,0.0214424673468,0.0236013773829,-0.0120733305812,-9.87317562103
1495475557709864717,347,0,,49.3755302429,-230.763214111,0.062083773315,-0.00597395421937,3.67378163338,-0.513783693314,0.0181122478098,0.00950467400253,0.153279080987,-9.87075519562
1495475557807680997,348,0,,49.4349517822,-230.794769287,0.0549223795533,-0.0142725026235,3.73605871201,-0.672435879707,0.022407123819,-0.0716139227152,-0.08298548311,-9.8710193634
1495475557899618946,349,0,,49.4556236267,-230.702545166,0.0568972863257,-0.0200817827135,3.80289697647,-0.6021656394,0.0144388498738,0.0197490435094,-0.0580928064883,-9.86473846436
1495475558005782096,350,0,,49.4726409912,-230.620773315,0.0584689602256,-0.0214086119086,3.87909889221,-0.565923631191,0.0112284608185,0.0157167352736,-0.0132682770491,-9.86116504669
1495475558111594784,351,0,,49.4743309021,-230.537368774,0.0594266392291,-0.00608735764399,3.95432043076,-0.408860385418,0.0060283606872,0.0095768077299,0.153212532401,-9.85712909698
1495475558205587812,352,0,,49.5302352905,-230.548461914,0.0521027818322,-0.0143536943942,4.03310251236,-0.569784164429,0.0130642438307,-0.0732385739684,-0.0826633647084,-9.85591506958
1495475558307866321,353,0,,49.5395889282,-230.457931519,0.054578166455,-0.0201419461519,4.10715389252,-0.529812157154,0.00200784765184,0.0247538480908,-0.0578825101256,-9.848279953
1495475558365103907,354,0,,49.6075401306,-230.460021973,0.0557446330786,-0.0214605983347,4.18891191483,-0.679785311222,0.00824148766696,0.0116646680981,-0.0131865199655,-9.84353733063
1495475558404817200,355,0,,49.6736907959,-230.457061768,0.0583935640752,-0.00603447062895,4.27230072021,-0.662047445774,0.0124025559053,0.0264893155545,0.154261276126,-9.83861064911
1495475558430155404,356,0,,49.7548179626,-230.446853638,0.0538386851549,-0.0142016094178,4.36273813248,-0.817463696003,0.0177296847105,-0.0455488115549,-0.0816713869572,-9.83837985992
1495475558505979364,357,0,,49.7431755066,-230.330032349,0.0565228313208,-0.0199887119234,4.36394309998,-0.682128608227,0.00567734381184,0.0268414765596,-0.0578710325062,-9.83290863037
1495475558604666914,358,0,,49.8239631653,-230.311477661,0.0567069463432,-0.0213549546897,4.55097723007,-0.828801810741,0.0113648222759,0.00184115977027,-0.0136624192819,-9.82958316803
1495475558705683040,359,0,,49.7998771667,-230.198348999,0.0566555820405,-0.0209601018578,4.65406656265,-0.71294760704,0.00393845699728,-0.000513641105499,0.00394852738827,-9.82633876801
1495475558806206230,360,0,,49.773311615,-230.100967407,0.0546962022781,-0.0206380914897,4.75858783722,-0.657591342926,-0.000873846292961,-0.0195938088,0.00322010973468,-9.82271766663
1495475558909911804,361,0,,49.7468109131,-230.007736206,0.052872184664,-0.020570512861,4.86670875549,-0.634522199631,-0.0103292912245,-0.018240198493,0.0006757863448,-9.81762218475
1495475559005841881,362,0,,49.8043518066,-229.954544067,0.0507674217224,-0.0206039994955,4.97804260254,-0.783573865891,-0.00165345217101,-0.0210476126522,-0.000334875599947,-9.81134986877
1495475559108391376,363,0,,49.7684860229,-229.858596802,0.0523450262845,-0.020536724478,5.08827352524,-0.722564280033,-0.0107585415244,0.0157760307193,0.000672748894431,-9.80496501923
1495475559202617111,364,0,,49.8177642822,-229.78692627,0.0516649074852,-0.0205700732768,5.19930124283,-0.869700074196,-0.00148110487498,-0.00680116983131,-0.000333489093464,-9.79971027374
1495475559306174699,365,0,,49.7673301697,-229.694778442,0.0528757981956,-0.0204999428242,5.3131518364,-0.78858602047,-0.0101614445448,0.0121088866144,0.0007013012073,-9.79434776306
1495475559327568618,366,0,,49.8017349243,-229.607910156,0.0516928620636,-0.0205292049795,5.42701530457,-0.934284865856,-0.001000844175,-0.0118293594569,-0.000292621989502,-9.78949642181
1495475559397607411,367,0,,49.8302841187,-229.504089355,0.052793212235,-0.0204550679773,5.5387339592,-1.07675325871,0.00491177057847,0.0110035194084,0.000741369731259,-9.78429508209
1495475559401646894,368,0,,49.8496398926,-229.384017944,0.0548295788467,-0.020363824442,5.64925813675,-1.21614718437,0.00984379742295,0.0203636772931,0.000912445015274,-9.78066825867
1495475559505877465,369,0,,49.7461166382,-229.30178833,0.056331384927,-0.0202816165984,5.76413154602,-0.998557090759,0.0053365775384,0.0150180300698,0.000822078320198,-9.77848339081
1495475559606612969,370,0,,49.7387771606,-229.188049316,0.0553113855422,-0.0203718245029,5.87312078476,-1.13970863819,0.011028431356,-0.0101999780163,-0.000902080792002,-9.77646160126
1495475559708658142,371,0,,49.6278800964,-229.140090942,0.055675227195,-0.0203322730958,5.87456703186,-0.973336994648,0.00649963784963,0.00363843236119,0.000395510811359,-9.77379798889
1495475559805440768,372,0,,49.6114807129,-229.046524048,0.0572821088135,-0.00537303136662,6.08650588989,-0.949752569199,0.011015670374,0.0160688012838,0.149592414498,-9.77038478851
1495475559908002205,373,0,,49.5027923584,-229.030456543,0.0529488325119,-0.013948389329,6.18293094635,-0.864777028561,0.00867232214659,-0.0433327741921,-0.085753582418,-9.77105903625
1495475560007710555,374,0,,49.4560127258,-228.941162109,0.0544442236423,-0.0199681837112,0.0813592746854,-1.00802576542,0.0114675778896,0.014953921549,-0.0601979456842,-9.76635932922
1495475560109531392,375,0,,49.3435668945,-228.948486328,0.0572475604713,-0.0212108418345,0.0900670439005,-0.890389442444,0.011650569737,0.0280333757401,-0.0124265681952,-9.76397800446
1495475560206314579,376,0,,49.2794647217,-228.867416382,0.0573731847107,-0.020890340209,0.182520881295,-1.03338003159,0.0159568153322,0.00125622691121,0.00320500205271,-9.7633190155
1495475560316830519,377,0,,49.1822166443,-228.888671875,0.0572083629668,-0.0204735025764,0.266571432352,-0.928117454052,0.0169881973416,-0.00164821941871,0.00416838889942,-9.76240444183
1495475560354756012,378,0,,49.1022377014,-228.817428589,0.0572552643716,-0.0203881002963,0.354264348745,-1.07084906101,0.0193476174027,0.000469017104479,0.000854018726386,-9.76147460938
1495475560408658327,379,0,,49.0050811768,-228.74520874,0.0578706748784,-0.0203483067453,0.435201734304,-1.21038997173,0.0210887808353,0.00615410599858,0.000397931231419,-9.7607831955
1495475560418423399,380,0,,48.8907814026,-228.673919678,0.0584807358682,-0.0202840063721,0.50376701355,-1.34687376022,0.0225854367018,0.00610062945634,0.000643000064883,-9.76060676575
1495475560511181353,381,0,,48.8073577881,-228.748168945,0.0588472746313,-0.0202005878091,0.573077261448,-1.09077346325,0.0246330946684,0.00366537785158,0.000834193255287,-9.76076316833
1495475560607701658,382,0,,48.6952171326,-228.697601318,0.0592085830867,-0.0202915649861,0.63155412674,-1.22991895676,0.025330575183,0.00361307407729,-0.000909776950721,-9.76114082336
1495475560714991768,383,0,,48.6412658691,-228.782043457,0.0594303831458,-0.0202804412693,0.69252204895,-1.03307616711,0.0278548058122,0.0022180066444,0.000111233130156,-9.76166820526
1495475560810158131,384,0,,48.5293922424,-228.746536255,0.0599133223295,-0.0203502960503,0.751663923264,-1.17344939709,0.0277619734406,0.00482937740162,-0.000698534480762,-9.76241397858
1495475560907708032,385,0,,48.4976730347,-228.835403442,0.0600474365056,-0.0203212630004,0.75244563818,-1.01571905613,0.0337148606777,0.00134114781395,0.000290328578558,-9.76337242126
1495475561007542309,386,0,,48.3856315613,-228.80657959,0.0611857660115,-0.0203628446907,0.855425953865,-1.15646696091,0.0321217477322,0.0113832959905,-0.000415827933466,-9.76468467712
1495475561110263535,387,0,,48.2575492859,-228.787811279,0.0612891204655,-0.0203335378319,0.904332756996,-1.29411041737,0.0314041487873,0.00103356433101,0.000293078337563,-9.76653862
1495475561208535114,388,0,,48.2560195923,-228.890686035,0.0608225613832,-0.0202463250607,0.953058063984,-1.06544303894,0.0335731767118,-0.00466558942571,0.00087213126244,-9.76805400848
1495475561314428676,389,0,,48.3143081665,-228.977157593,0.0610347650945,-0.0203110221773,0.999042212963,-0.935926496983,0.0340441167355,0.00212203827687,-0.00064697174821,-9.76936912537
1495475561358593932,390,0,,48.2064208984,-228.976257324,0.0613892152905,-0.0204168912023,1.04026913643,-1.07840192318,0.0325993448496,0.00354449311271,-0.00105869898107,-9.77093791962
1495475561417617842,391,0,,48.084690094,-228.980773926,0.0611890330911,-0.0203909240663,1.08246219158,-1.21772587299,0.0316560454667,-0.0020018229261,0.000259667314822,-9.77252578735
1495475561424860315,392,0,,47.9497108459,-228.991897583,0.0607900954783,-0.0202956032008,1.11706912518,-1.35403680801,0.0308335777372,-0.00398936634883,0.000953212205786,-9.77378940582
1495475561516599150,393,0,,47.9921264648,-229.100799561,0.0605118088424,-0.0201928503811,1.1511156559,-1.08779203892,0.0331182107329,-0.00278287800029,0.00102752505336,-9.774766922
1495475561607347214,394,0,,47.8707199097,-229.118865967,0.0609830096364,-0.0202831439674,1.18055605888,-1.22700798512,0.031733058393,0.0047119949013,-0.000902923638932,-9.77582168579
1495475561713996875,395,0,,47.9305038452,-229.219924927,0.0610143914819,-0.0202818121761,1.21163797379,-1.02377092838,0.0364901274443,0.000313829485094,1.33081584863e-05,-9.77711200714
1495475561809180977,396,0,,47.8164405823,-229.243560791,0.061863809824,-0.0203536693007,1.24394774437,-1.16434442997,0.0343358367682,0.00849417224526,-0.000718565599527,-9.77860355377
1495475561910541287,397,0,,47.6899642944,-229.274581909,0.0617688633502,-0.0203313138336,1.27200400829,-1.30180943012,0.0331130363047,-0.000949461362325,0.000223558250582,-9.78043270111
1495475562009104380,398,0,,47.7784194946,-229.351242065,0.061203867197,-0.020242491737,1.29782056808,-1.05766296387,0.0358614809811,-0.00564996013418,0.00088821008103,-9.78184223175
1495475562115653122,399,0,,47.8572883606,-229.417938232,0.0615589022636,-0.0203119181097,1.32055974007,-0.92445909977,0.0387599505484,0.00355036580004,-0.000694250164088,-9.78308582306
1495475562219576533,400,0,,47.7555389404,-229.450332642,0.0625165328383,-0.0204210169613,1.34254348278,-1.06718361378,0.0361593142152,0.00957631878555,-0.00109100074042,-9.78487110138
1495475562312521733,401,0,,47.8363456726,-229.507873535,0.062268871814,-0.0204027350992,1.3654859066,-0.929707169533,0.0413568690419,-0.00247662025504,0.000182823307114,-9.7869386673
1495475562367518040,402,0,,47.9062194824,-229.554534912,0.0629469975829,-0.0204276349396,1.38374257088,-0.848417043686,0.0444556809962,0.00678122742102,-0.000249005272053,-9.78890609741
1495475562412125181,403,0,,47.8133544922,-229.589874268,0.0639613121748,-0.02048397623,1.38398087025,-0.992793798447,0.0406514070928,0.0101431561634,-0.000563415349461,-9.79154109955
1495475562428354268,404,0,,47.7076072693,-229.630996704,0.0633759051561,-0.0204492900521,1.41945624352,-1.13399267197,0.0381898060441,-0.00585404317826,0.00034687720472,-9.79430484772
1495475562516261886,405,0,,47.7928657532,-229.673706055,0.0623025223613,-0.0203510355204,1.41992342472,-0.962622106075,0.042587980628,-0.0107338540256,0.000982542405836,-9.7961807251
1495475562616500473,406,0,,47.6912841797,-229.717254639,0.0629628971219,-0.0203797072172,1.45638275146,-1.10454213619,0.0388499721885,0.00660377321765,-0.000286723399768,-9.79779624939
1495475562716973234,407,0,,47.7811279297,-229.757858276,0.0628069937229,-0.0203588753939,1.47404813766,-0.944952309132,0.0432023108006,-0.0015590635594,0.000208310739254,-9.79981708527
1495475562818574283,408,0,,47.6835212708,-229.805908203,0.0634452775121,-0.0204090233892,1.48680233955,-1.08724021912,0.0395722985268,0.00638286117464,-0.0005014729104,-9.80181694031
1495475562921633896,409,0,,47.7759819031,-229.836837769,0.0630109682679,-0.0203799568117,1.48696839809,-0.930944561958,0.0397407785058,-0.00434307008982,0.000290667725494,-9.80395698547
1495475563009898122,410,0,,47.680305481,-229.885665894,0.0626540184021,-0.020423701033,1.51846551895,-1.07353782654,0.0370696894825,-0.00356951798312,-0.000437438138761,-9.80561447144
1495475563114180028,411,0,,47.7750205994,-229.915481567,0.062110491097,-0.0203825738281,1.54258131981,-0.925687253475,0.0457137711346,-0.00543529354036,0.00041127379518,-9.8069229126
1495475563217382673,412,0,,47.6824073792,-229.968902588,0.0638134628534,-0.0204123966396,1.56320178509,-1.06839442253,0.0411638878286,0.0170297380537,-0.000298233819194,-9.80855560303
1495475563318804724,413,0,,47.7787628174,-229.991256714,0.063728928566,-0.0203922428191,1.57714414597,-0.919700264931,0.0448566153646,-0.00084538385272,0.000201544957235,-9.81106567383
1495475563370961284,414,0,,47.6885185242,-230.047485352,0.0639311224222,-0.0204333569854,1.5895460844,-1.06253480911,0.0409956909716,0.00202192715369,-0.000411156972405,-9.81325912476
1495475563421416375,415,0,,47.5876541138,-230.113021851,0.0632492378354,-0.0203951708972,1.60265421867,-1.20221960545,0.0382989794016,-0.00681881979108,0.000381861260394,-9.81527328491
1495475563430621317,416,0,,47.4766654968,-230.18800354,0.0623412877321,-0.0203021019697,1.6187735796,-1.33887219429,0.0360397174954,-0.00907947402447,0.000930692651309,-9.81655979156
1495475563514786417,417,0,,47.610244751,-230.199707031,0.0617084130645,-0.020200829953,1.63430130482,-1.06407380104,0.0438863784075,-0.00632877554744,0.00101271586027,-9.81726360321
1495475563617651246,418,0,,47.5121765137,-230.269638062,0.0633741989732,-0.020287733525,1.65355455875,-1.20380437374,0.0397462435067,0.0166579056531,-0.000869032053743,-9.81834793091
1495475563715841593,419,0,,47.6449546814,-230.267883301,0.0634104385972,-0.0203026030213,1.67205691338,-0.993128538132,0.0477763526142,0.000362396473065,-0.000148689956404,-9.82034111023
1495475563819333037,420,0,,47.5547142029,-230.336746216,0.0645863190293,-0.0203751735389,1.69103860855,-1.13436412811,0.0430598333478,0.0117587530985,-0.000725712161511,-9.82241916656
1495475563915696058,421,0,,47.6834564209,-230.326660156,0.0640773326159,-0.0203568320721,1.71111726761,-0.954108059406,0.0529565960169,-0.00508984131739,0.000183426003787,-9.82485389709
1495475564016626774,422,0,,47.5985336304,-230.396133423,0.0655811727047,-0.0203976649791,1.73174881935,-1.0961933136,0.0468597821891,0.0150383915752,-0.00040833937237,-9.82727527618
1495475564115816969,423,0,,47.7226486206,-230.387405396,0.0650800466537,-0.0203784834594,1.75329351425,-0.930474936962,0.0566737018526,-0.00501123722643,0.000191820581676,-9.83031082153
1495475564217023622,424,0,,47.6421432495,-230.45854187,0.0664735585451,-0.020415538922,1.77688920498,-1.07307350636,0.049777790904,0.0139351161197,-0.000370548077626,-9.83322620392
1495475564317389527,425,0,,47.7621383667,-230.451416016,0.0657571554184,-0.0203943047673,1.80176210403,-0.914418160915,0.0592259839177,-0.00716407597065,0.000212331331568,-9.83661460876
1495475564366549830,426,0,,47.6860580444,-230.525039673,0.0670231208205,-0.0204264651984,1.82343351841,-1.05736529827,0.0517406947911,0.0126597015187,-0.000321601284668,-9.83974075317
1495475564432285707,427,0,,47.6025772095,-230.610977173,0.0661980584264,-0.0204037409276,1.82371580601,-1.19716978073,0.0469715334475,-0.00825066864491,0.000227252472541,-9.84327125549
1495475564437262036,428,0,,47.5102615356,-230.707351685,0.0644694566727,-0.0203138049692,1.86804234982,-1.33392858505,0.0429654233158,-0.0172860082239,0.000899342761841,-9.84550857544
1495475564515116769,429,0,,47.6638946533,-230.677536011,0.0631842538714,-0.0202053412795,1.89272129536,-1.04947829247,0.0487687550485,-0.0128520512953,0.00108463712968,-9.84653186798
1495475564619101083,430,0,,47.5872650146,-230.768615723,0.0644115954638,-0.0202928762883,1.91920721531,-1.1895288229,0.0435091778636,0.0122734513134,-0.000875342753716,-9.84759044647
1495475564714364520,431,0,,47.7338523865,-230.728637695,0.0642409771681,-0.0203090701252,1.94379937649,-0.969818651676,0.054493509233,-0.0017061609542,-0.000161933436175,-9.84937858582
1495475564835705930,432,0,,47.6660461426,-230.816833496,0.0660964101553,-0.0203829538077,1.96974229813,-1.11156153679,0.0480815991759,0.0185543186963,-0.000738833739888,-9.85144615173
1495475564914212420,433,0,,47.8038978577,-230.778594971,0.0655653178692,-0.0203752331436,1.9957793951,-0.927054345608,0.0521721951663,-0.00531093450263,7.72034036345e-05,-9.8542470932
1495475565031460432,434,0,,47.7430686951,-230.866714478,0.0656204670668,-0.0204253531992,2.02165842056,-1.06972789764,0.0466429032385,0.000551512406673,-0.000501199858263,-9.85642433167
1495475565115208861,435,0,,47.8728675842,-230.824203491,0.0646668002009,-0.0203919876367,2.04921746254,-0.897999823093,0.0547800473869,-0.00953666493297,0.000333647010848,-9.858335495
1495475565232694403,436,0,,47.8180351257,-230.912857056,0.0659700855613,-0.0204291623086,2.07711625099,-1.04130923748,0.0482508316636,0.0130328563973,-0.000371744739823,-9.86014461517
1495475565331699799,437,0,,47.940776825,-230.866760254,0.0654361993074,-0.0204109083861,2.10685133934,-0.871138989925,0.0634564310312,-0.00533888256177,0.000182546995347,-9.86254501343
1495475565377922926,438,0,,47.8916511536,-230.955749512,0.0680202394724,-0.0204453840852,2.13490891457,-1.01502776146,0.0547721758485,0.0258404053748,-0.000344768777722,-9.86524677277
