%time,field.DevID,field.MsgID,field.Data,field.Time
1495100178723841635,10,5,200,1495100178.72
1495100178723942555,10,3,-200,1495100178.72
1495100178773920835,10,5,200,1495100178.77
1495100178774259006,10,3,-200,1495100178.77
1495100178823711946,10,5,200,1495100178.82
1495100178823816080,10,3,-200,1495100178.82
1495100178874324738,10,5,200,1495100178.87
1495100178874499830,10,3,-200,1495100178.87
1495100178923264338,10,5,200,1495100178.92
1495100178923334668,10,3,-200,1495100178.92
1495100178976320040,10,5,200,1495100178.97
1495100178977588148,10,3,-200,1495100178.97
1495100179023706791,10,5,200,1495100179.02
1495100179023805896,10,3,-200,1495100179.02
1495100179076192724,10,5,200,1495100179.07
1495100179076570426,10,3,-200,1495100179.07
1495100179124041197,10,5,200,1495100179.12
1495100179124510321,10,3,-200,1495100179.12
1495100179176439341,10,5,200,1495100179.17
1495100179176659341,10,3,-200,1495100179.17
1495100179223397757,10,5,200,1495100179.22
1495100179223655961,10,3,-200,1495100179.22
1495100179275339137,10,5,200,1495100179.27
1495100179277610727,10,3,-200,1495100179.27
1495100179323735168,10,5,200,1495100179.32
1495100179324068521,10,3,-200,1495100179.32
1495100179373001070,10,5,200,1495100179.37
1495100179373663096,10,3,-200,1495100179.37
1495100179424031859,10,5,200,1495100179.42
1495100179424134875,10,3,-200,1495100179.42
1495100179473808093,10,5,200,1495100179.47
1495100179474453077,10,3,-200,1495100179.47
1495100179523744121,10,5,200,1495100179.52
1495100179523853352,10,3,-200,1495100179.52
1495100179574566017,10,5,200,1495100179.57
1495100179575576900,10,3,-200,1495100179.57
1495100179623831081,10,5,200,1495100179.62
1495100179623936332,10,3,-200,1495100179.62
1495100179677824537,10,5,200,1495100179.67
1495100179678161312,10,3,-200,1495100179.67
1495100179723773955,10,5,200,1495100179.72
1495100179723880742,10,3,-200,1495100179.72
1495100179775037809,10,5,200,1495100179.77
1495100179775710450,10,3,-200,1495100179.77
1495100179823702866,10,5,182,1495100179.82
1495100179823814472,10,3,-200,1495100179.82
1495100179876790203,10,5,182,1495100179.87
1495100179878160839,10,3,-200,1495100179.87
1495100179923575411,10,5,200,1495100179.92
1495100179923967849,10,3,-200,1495100179.92
1495100179977831892,10,5,200,1495100179.97
1495100179977890419,10,3,-200,1495100179.97
1495100180023532048,10,5,200,1495100180.02
1495100180023848010,10,3,-200,1495100180.02
1495100180073731310,10,5,200,1495100180.07
1495100180074398712,10,3,-200,1495100180.07
1495100180123237185,10,5,179,1495100180.12
1495100180123440912,10,3,-200,1495100180.12
1495100180175093078,10,5,179,1495100180.17
1495100180175474971,10,3,-200,1495100180.17
1495100180223946638,10,5,200,1495100180.22
1495100180224263717,10,3,-200,1495100180.22
1495100180274575704,10,5,200,1495100180.27
1495100180276889129,10,3,-200,1495100180.27
1495100180324209250,10,5,200,1495100180.32
1495100180325471351,10,3,-200,1495100180.32
1495100180374076625,10,5,200,1495100180.37
1495100180374817431,10,3,-200,1495100180.37
1495100180424210932,10,5,200,1495100180.42
1495100180424317929,10,3,-200,1495100180.42
1495100180475444752,10,5,200,1495100180.47
1495100180475542949,10,3,-200,1495100180.47
1495100180523704521,10,5,93,1495100180.52
1495100180523812146,10,3,-122,1495100180.52
1495100180574088651,10,5,94,1495100180.57
1495100180574121128,10,3,-123,1495100180.57
1495100180623768291,10,5,82,1495100180.62
1495100180623878291,10,3,-108,1495100180.62
1495100180673584262,10,5,97,1495100180.67
1495100180673782681,10,3,-127,1495100180.67
1495100180723425311,10,5,142,1495100180.72
1495100180723513311,10,3,-185,1495100180.72
1495100180774166400,10,5,158,1495100180.77
1495100180774276679,10,3,-200,1495100180.77
1495100180824036636,10,5,200,1495100180.82
1495100180824148103,10,3,-200,1495100180.82
1495100180874740990,10,5,200,1495100180.87
1495100180876939524,10,3,-200,1495100180.87
1495100180924073731,10,5,182,1495100180.92
1495100180924500671,10,3,-200,1495100180.92
1495100180973003483,10,5,177,1495100180.97
1495100180973751484,10,3,-200,1495100180.97
1495100181023335305,10,5,-140,1495100181.02
1495100181023415762,10,3,107,1495100181.02
1495100181073891734,10,5,-112,1495100181.07
1495100181074381251,10,3,86,1495100181.07
1495100181123760507,10,5,-200,1495100181.12
1495100181124144006,10,3,200,1495100181.12
1495100181175917555,10,5,-200,1495100181.17
1495100181177307468,10,3,200,1495100181.17
1495100181223625647,10,5,-200,1495100181.22
1495100181224020180,10,3,200,1495100181.22
1495100181273349713,10,5,-200,1495100181.27
1495100181274666010,10,3,200,1495100181.27
1495100181326477975,10,5,-200,1495100181.32
1495100181326541949,10,3,200,1495100181.32
1495100181373160380,10,5,-200,1495100181.37
1495100181373597725,10,3,200,1495100181.37
1495100181423947772,10,5,119,1495100181.42
1495100181424054420,10,3,-156,1495100181.42
1495100181474643533,10,5,143,1495100181.47
1495100181474752556,10,3,-187,1495100181.47
1495100181523669321,10,5,-93,1495100181.52
1495100181523774711,10,3,71,1495100181.52
1495100181575909764,10,5,75,1495100181.57
1495100181575965567,10,3,-98,1495100181.57
1495100181622954431,10,5,-200,1495100181.62
1495100181623263479,10,3,200,1495100181.62
1495100181673279965,10,5,-200,1495100181.67
1495100181673404562,10,3,200,1495100181.67
1495100181727251983,10,5,-200,1495100181.73
1495100181727310649,10,3,200,1495100181.73
1495100181778927338,10,5,-200,1495100181.77
1495100181778982513,10,3,200,1495100181.77
1495100181824012893,10,5,-200,1495100181.82
1495100181824116259,10,3,200,1495100181.82
1495100181874117655,10,5,-200,1495100181.87
1495100181874186868,10,3,200,1495100181.87
1495100181923324470,10,5,-200,1495100181.92
1495100181925089989,10,3,200,1495100181.92
1495100181974039510,10,5,-200,1495100181.97
1495100181974071148,10,3,200,1495100181.97
1495100182023775652,10,5,-200,1495100182.02
1495100182023988318,10,3,162,1495100182.02
1495100182074931810,10,5,-200,1495100182.07
1495100182075163474,10,3,161,1495100182.07
1495100182123932453,10,5,-109,1495100182.12
1495100182124486155,10,3,83,1495100182.12
1495100182177270314,10,5,-108,1495100182.17
1495100182177637470,10,3,82,1495100182.17
1495100182223324214,10,5,-200,1495100182.22
1495100182223598621,10,3,200,1495100182.22
1495100182273531509,10,5,-200,1495100182.27
1495100182274398727,10,3,200,1495100182.27
1495100182325160629,10,5,-200,1495100182.32
1495100182325783193,10,3,200,1495100182.32
1495100182373061685,10,5,-200,1495100182.37
1495100182373119304,10,3,200,1495100182.37
1495100182425803454,10,5,-200,1495100182.42
1495100182428798316,10,3,200,1495100182.42
1495100182473732663,10,5,-200,1495100182.47
1495100182473787070,10,3,200,1495100182.47
1495100182523365301,10,5,-200,1495100182.52
1495100182524101847,10,3,200,1495100182.52
1495100182574669382,10,5,-200,1495100182.57
1495100182578002906,10,3,200,1495100182.57
1495100182623719891,10,5,-200,1495100182.62
1495100182625293135,10,3,200,1495100182.62
1495100182674293989,10,5,-200,1495100182.67
1495100182676734105,10,3,200,1495100182.67
1495100182723867615,10,5,-200,1495100182.72
1495100182725691939,10,3,200,1495100182.72
1495100182774427396,10,5,-200,1495100182.77
1495100182774938075,10,3,200,1495100182.77
1495100182823343043,10,5,-126,1495100182.82
1495100182824707184,10,3,96,1495100182.82
1495100182873869786,10,5,-130,1495100182.87
1495100182873970358,10,3,100,1495100182.87
1495100182924458768,10,5,-200,1495100182.92
1495100182924850298,10,3,200,1495100182.92
1495100182973713145,10,5,-200,1495100182.97
1495100182977661479,10,3,200,1495100182.97
1495100183023682486,10,5,-200,1495100183.02
1495100183024890669,10,3,200,1495100183.02
1495100183074360998,10,5,-200,1495100183.07
1495100183074438592,10,3,200,1495100183.07
1495100183123153655,10,5,-200,1495100183.12
1495100183123367998,10,3,200,1495100183.12
1495100183173830069,10,5,-200,1495100183.17
1495100183185658041,10,3,200,1495100183.17
1495100183223754506,10,5,-200,1495100183.22
1495100183224119635,10,3,200,1495100183.22
1495100183273478080,10,5,-200,1495100183.27
1495100183273555394,10,3,200,1495100183.27
1495100183328175956,10,5,-200,1495100183.32
1495100183328242096,10,3,200,1495100183.32
1495100183373387364,10,5,-200,1495100183.37
1495100183373596398,10,3,200,1495100183.37
1495100183423331910,10,5,-200,1495100183.42
1495100183423387503,10,3,200,1495100183.42
1495100183474178601,10,5,-200,1495100183.47
1495100183474289649,10,3,200,1495100183.47
1495100183523769543,10,5,200,1495100183.52
1495100183523877727,10,3,-200,1495100183.52
1495100183574641166,10,5,200,1495100183.57
1495100183575080468,10,3,-200,1495100183.57
1495100183623959238,10,5,-200,1495100183.62
1495100183624064070,10,3,200,1495100183.62
1495100183674047242,10,5,-200,1495100183.67
1495100183674116944,10,3,200,1495100183.67
1495100183723599006,10,5,-200,1495100183.72
1495100183723911825,10,3,200,1495100183.72
1495100183776057139,10,5,-200,1495100183.77
1495100183776725660,10,3,200,1495100183.77
1495100183824397300,10,5,-200,1495100183.82
1495100183824495427,10,3,200,1495100183.82
1495100183873672486,10,5,-200,1495100183.87
1495100183874099566,10,3,200,1495100183.87
1495100183924346388,10,5,-200,1495100183.92
1495100183924470705,10,3,200,1495100183.92
1495100183975062336,10,5,-200,1495100183.97
1495100183975374806,10,3,200,1495100183.97
1495100184023269515,10,5,-155,1495100184.02
1495100184023348575,10,3,119,1495100184.02
1495100184073218602,10,5,-172,1495100184.07
1495100184073289700,10,3,132,1495100184.07
1495100184123855418,10,5,200,1495100184.12
1495100184123959273,10,3,-200,1495100184.12
1495100184175053201,10,5,200,1495100184.17
1495100184176095651,10,3,-200,1495100184.17
1495100184224257571,10,5,200,1495100184.22
1495100184224356885,10,3,-200,1495100184.22
1495100184273197734,10,5,91,1495100184.27
1495100184273513557,10,3,-120,1495100184.27
1495100184324644222,10,5,200,1495100184.32
1495100184324750381,10,3,-200,1495100184.32
1495100184375739687,10,5,200,1495100184.37
1495100184376267618,10,3,-200,1495100184.37
1495100184423575722,10,5,-200,1495100184.42
1495100184424014534,10,3,200,1495100184.42
1495100184473594447,10,5,-200,1495100184.47
1495100184473933876,10,3,200,1495100184.47
1495100184523759903,10,5,-200,1495100184.52
1495100184524074259,10,3,200,1495100184.52
1495100184574758358,10,5,-200,1495100184.57
1495100184575428276,10,3,200,1495100184.57
1495100184623244273,10,5,-93,1495100184.62
1495100184623306222,10,3,70,1495100184.62
1495100184673714379,10,5,-104,1495100184.67
1495100184673915941,10,3,80,1495100184.67
1495100184723568833,10,5,200,1495100184.72
1495100184723954426,10,3,-200,1495100184.72
1495100184773351490,10,5,200,1495100184.77
1495100184773824944,10,3,-200,1495100184.77
1495100184823669554,10,5,200,1495100184.82
1495100184823977694,10,3,-200,1495100184.82
1495100184874157113,10,5,200,1495100184.87
1495100184874228561,10,3,-200,1495100184.87
1495100184924018626,10,5,200,1495100184.92
1495100184924104670,10,3,-200,1495100184.92
1495100184975278494,10,5,200,1495100184.97
1495100184975868513,10,3,-200,1495100184.97
1495100185023813510,10,5,200,1495100185.02
1495100185024127167,10,3,-200,1495100185.02
1495100185074100981,10,5,200,1495100185.07
1495100185074215241,10,3,-200,1495100185.07
1495100185123596518,10,5,200,1495100185.12
1495100185123969820,10,3,-200,1495100185.12
1495100185176341143,10,5,200,1495100185.17
1495100185176565334,10,3,-200,1495100185.17
1495100185224352766,10,5,111,1495100185.22
1495100185224543084,10,3,-145,1495100185.22
1495100185273964309,10,5,200,1495100185.27
1495100185274061248,10,3,-200,1495100185.27
1495100185323318494,10,5,200,1495100185.32
1495100185323760589,10,3,-200,1495100185.32
1495100185378976201,10,5,200,1495100185.37
1495100185379489534,10,3,-200,1495100185.37
1495100185423801035,10,5,200,1495100185.42
1495100185424620903,10,3,-200,1495100185.42
1495100185474771554,10,5,200,1495100185.47
1495100185475063700,10,3,-200,1495100185.47
1495100185523421594,10,5,200,1495100185.52
1495100185524078171,10,3,-200,1495100185.52
1495100185582931328,10,5,200,1495100185.57
1495100185584352599,10,3,-200,1495100185.57
1495100185623888838,10,5,200,1495100185.62
1495100185624702977,10,3,-200,1495100185.62
1495100185674527331,10,5,200,1495100185.67
1495100185674633700,10,3,-200,1495100185.67
1495100185723871037,10,5,200,1495100185.72
1495100185723968256,10,3,-200,1495100185.72
1495100185774704805,10,5,200,1495100185.77
1495100185774764240,10,3,-200,1495100185.77
1495100185823505286,10,5,200,1495100185.82
1495100185824262156,10,3,-200,1495100185.82
1495100185873551802,10,5,200,1495100185.87
1495100185873971199,10,3,-200,1495100185.87
1495100185924307141,10,5,200,1495100185.92
1495100185924706982,10,3,-200,1495100185.92
1495100185977288526,10,5,200,1495100185.98
1495100185977640736,10,3,-200,1495100185.98
1495100186024007247,10,5,200,1495100186.02
1495100186025475380,10,3,-200,1495100186.02
1495100186073776428,10,5,200,1495100186.07
1495100186074592383,10,3,-200,1495100186.07
1495100186123338107,10,5,200,1495100186.12
1495100186124424210,10,3,-200,1495100186.12
1495100186178932674,10,5,200,1495100186.17
1495100186179557963,10,3,-200,1495100186.17
1495100186226672965,10,5,200,1495100186.22
1495100186227020495,10,3,-200,1495100186.22
1495100186273069160,10,5,200,1495100186.27
1495100186273310531,10,3,-200,1495100186.27
1495100186322971315,10,5,200,1495100186.32
1495100186323184331,10,3,-200,1495100186.32
1495100186372880387,10,5,200,1495100186.37
1495100186373162964,10,3,-200,1495100186.37
1495100186423968097,10,5,200,1495100186.42
1495100186424024459,10,3,-200,1495100186.42
1495100186473191811,10,5,200,1495100186.47
1495100186473891272,10,3,-200,1495100186.47
1495100186523305239,10,5,200,1495100186.52
1495100186523909087,10,3,-200,1495100186.52
1495100186575133479,10,5,200,1495100186.57
1495100186575872051,10,3,-200,1495100186.57
1495100186623422721,10,5,200,1495100186.62
1495100186623701318,10,3,-200,1495100186.62
1495100186674680634,10,5,200,1495100186.67
1495100186674750196,10,3,-200,1495100186.67
1495100186723302251,10,5,200,1495100186.72
1495100186723590835,10,3,-200,1495100186.72
1495100186779847428,10,5,200,1495100186.77
1495100186779945066,10,3,-200,1495100186.77
1495100186823568281,10,5,200,1495100186.82
1495100186824124777,10,3,-200,1495100186.82
1495100186873825931,10,5,200,1495100186.87
1495100186874237575,10,3,-200,1495100186.87
1495100186926532072,10,5,200,1495100186.92
1495100186926585850,10,3,-200,1495100186.92
1495100186975442063,10,5,200,1495100186.97
1495100186975669885,10,3,-200,1495100186.97
1495100187023228377,10,5,200,1495100187.02
1495100187023607196,10,3,-200,1495100187.02
1495100187073661535,10,5,200,1495100187.07
1495100187074098323,10,3,-200,1495100187.07
1495100187123310866,10,5,200,1495100187.12
1495100187123754568,10,3,-200,1495100187.12
1495100187176508063,10,5,200,1495100187.17
1495100187177609599,10,3,-200,1495100187.17
1495100187225819082,10,5,200,1495100187.22
1495100187225887247,10,3,-200,1495100187.22
1495100187273742701,10,5,200,1495100187.27
1495100187274026118,10,3,-200,1495100187.27
1495100187323283921,10,5,200,1495100187.32
1495100187323345521,10,3,-200,1495100187.32
1495100187375231033,10,5,200,1495100187.37
1495100187375272658,10,3,-200,1495100187.37
1495100187423494989,10,5,200,1495100187.42
1495100187423837840,10,3,-200,1495100187.42
1495100187473756405,10,5,200,1495100187.47
1495100187474418152,10,3,-200,1495100187.47
1495100187523636773,10,5,200,1495100187.52
1495100187523928290,10,3,-200,1495100187.52
1495100187574106672,10,5,200,1495100187.57
1495100187574146411,10,3,-200,1495100187.57
1495100187624122390,10,5,200,1495100187.62
1495100187625459361,10,3,-200,1495100187.62
1495100187673518196,10,5,200,1495100187.67
1495100187673585732,10,3,-200,1495100187.67
1495100187723478112,10,5,200,1495100187.72
1495100187723807414,10,3,-200,1495100187.72
1495100187773361825,10,5,200,1495100187.77
1495100187774402601,10,3,-200,1495100187.77
1495100187823349749,10,5,200,1495100187.82
1495100187823819083,10,3,-200,1495100187.82
1495100187873778649,10,5,200,1495100187.87
1495100187873847442,10,3,-200,1495100187.87
1495100187927595058,10,5,200,1495100187.92
1495100187928886773,10,3,-200,1495100187.92
1495100187977532483,10,5,200,1495100187.97
1495100187978231524,10,3,-200,1495100187.97
1495100188023895921,10,5,200,1495100188.02
1495100188023994886,10,3,-200,1495100188.02
1495100188073635698,10,5,200,1495100188.07
1495100188073972961,10,3,-200,1495100188.07
1495100188123226008,10,5,200,1495100188.12
1495100188123719647,10,3,-200,1495100188.12
1495100188174301082,10,5,200,1495100188.17
1495100188174538403,10,3,-200,1495100188.17
1495100188223025152,10,5,200,1495100188.22
1495100188223252695,10,3,-200,1495100188.22
1495100188273523755,10,5,200,1495100188.27
1495100188276243516,10,3,-200,1495100188.27
1495100188323588153,10,5,200,1495100188.32
1495100188323899785,10,3,-200,1495100188.32
1495100188373752211,10,5,200,1495100188.37
1495100188374997411,10,3,-200,1495100188.37
1495100188423184194,10,5,200,1495100188.42
1495100188423461254,10,3,-200,1495100188.42
1495100188473826319,10,5,200,1495100188.47
1495100188474047647,10,3,-200,1495100188.47
1495100188525432466,10,5,200,1495100188.52
1495100188525887761,10,3,-200,1495100188.52
1495100188576204702,10,5,200,1495100188.57
1495100188576856671,10,3,-200,1495100188.57
1495100188623908536,10,5,200,1495100188.62
1495100188628350575,10,3,-200,1495100188.62
1495100188673922296,10,5,200,1495100188.67
1495100188676336779,10,3,-200,1495100188.67
1495100188725996936,10,5,200,1495100188.72
1495100188726043520,10,3,-200,1495100188.72
1495100188776308153,10,5,200,1495100188.77
1495100188781073560,10,3,-200,1495100188.77
1495100188823664802,10,5,200,1495100188.82
1495100188824038732,10,3,-200,1495100188.82
1495100188873682406,10,5,200,1495100188.87
1495100188874089441,10,3,-200,1495100188.87
1495100188926736079,10,5,200,1495100188.92
1495100188927158969,10,3,-200,1495100188.92
1495100188975224648,10,5,200,1495100188.97
1495100188976051219,10,3,-200,1495100188.97
1495100189026557641,10,5,200,1495100189.02
1495100189026627273,10,3,-200,1495100189.02
1495100189073709375,10,5,200,1495100189.07
1495100189074080931,10,3,-200,1495100189.07
1495100189123602942,10,5,200,1495100189.12
1495100189125498364,10,3,-200,1495100189.12
1495100189174245067,10,5,200,1495100189.17
1495100189174891448,10,3,-200,1495100189.17
1495100189225150355,10,5,200,1495100189.22
1495100189226579029,10,3,-200,1495100189.22
1495100189273698146,10,5,200,1495100189.27
1495100189274291309,10,3,-200,1495100189.27
1495100189324385461,10,5,200,1495100189.32
1495100189326989700,10,3,-200,1495100189.32
1495100189376818872,10,5,200,1495100189.37
1495100189377068415,10,3,-200,1495100189.37
1495100189428657097,10,5,200,1495100189.42
1495100189428751592,10,3,-200,1495100189.42
1495100189473730426,10,5,-200,1495100189.47
1495100189474939449,10,3,200,1495100189.47
1495100189525591003,10,5,-200,1495100189.52
1495100189526184026,10,3,200,1495100189.52
1495100189581943909,10,5,-200,1495100189.57
1495100189582176970,10,3,200,1495100189.57
