%time,field.xn,field.yn,field.xbd,field.ybd,field.xbdd,field.ybdd
1495100178702808511,63.0041618347,-497.267333984,24.8877830505,-4.62070083618,-0.0103954579681,0.000866656657308
1495100178751287370,62.9517326355,-497.535217285,24.7841358185,-5.37391853333,-0.0128037147224,0.000147693339386
1495100178801564298,63.1038093567,-497.456512451,24.8651332855,-5.10296964645,-0.0159293301404,0.000203263960429
1495100178851532872,62.9598121643,-497.510498047,24.9593143463,-4.32846593857,-0.0155687993392,0.000192348990822
1495100178901590351,63.1128578186,-497.435089111,25.4704761505,-3.95178508759,-0.0355402193964,0.000178993781446
1495100178951410096,63.0002365112,-497.487976074,25.4534931183,-1.98374950886,-0.0350359082222,0.000166077254107
1495100179001339003,63.0691833496,-497.418945312,24.5379123688,-1.34582042694,-1.80820898095e-05,0.000119427902973
1495100179051458225,62.9791488647,-497.476654053,24.6588249207,3.24300265312,0.000450612074928,9.79495453066e-05
1495100179101285439,63.0492630005,-497.381988525,24.8073482513,3.80657076836,-0.00527279544622,-4.50319130323e-05
1495100179151325254,63.0072517395,-497.447143555,24.7503490448,3.71005034447,-0.00551070319489,-6.13407246419e-05
1495100179201382808,63.0541114807,-497.409545898,24.0837097168,4.10733509064,0.0202132556587,-4.19694297307e-05
1495100179251662594,63.0165023804,-497.47756958,24.2714500427,4.47506570816,0.0199962910265,-5.66860653635e-05
1495100179301626490,63.0549926758,-497.40927124,24.3865776062,4.51572799683,0.0155656216666,-6.72970345477e-05
1495100179351733840,63.0275001526,-497.474914551,24.4986839294,1.16300475597,0.0152048058808,-6.84056503815e-05
1495100179401774211,63.1697502136,-497.512878418,24.5516643524,-1.0106960535,0.00543172331527,4.21971562901e-05
1495100179451397772,63.1351547241,-497.581634521,24.3877315521,-2.24961352348,0.00588602432981,0.000117499861517
1495100179501925566,63.1387519836,-497.544281006,23.5832653046,-2.65886306763,0.036578476429,0.000146190912346
1495100179551631536,63.0898895264,-497.604156494,23.1068897247,-5.12422227859,0.0375403277576,0.000160244875588
1495100179601420968,63.235294342,-497.648803711,23.2559509277,-5.45001983643,0.0315659679472,0.000237982909312
1495100179651367542,63.1881446838,-497.714477539,20.7734947205,-11.027463913,0.0331484042108,0.0002477496746
1495100179701425238,63.3089103699,-497.675292969,21.8276691437,-11.2463417053,-0.0076594282873,0.000440870033344
1495100179751308672,63.2266273499,-497.721282959,19.2712593079,-14.8020763397,-0.00450468203053,0.00044372380944
1495100179801646501,63.4288024902,-497.726531982,20.055847168,-14.6199140549,-0.03477473557,0.00057848636061
1495100179851394098,63.3308830261,-497.765167236,19.3986968994,-15.1892318726,-0.0301526840776,0.000568494258914
1495100179901416101,63.416557312,-497.715545654,19.05534935,-14.9611778259,-0.0166427399963,0.000596925674472
1495100179951946479,63.3061027527,-497.756011963,20.8149585724,-12.5115365982,-0.0112835280597,0.000588146329392
1495100180001629960,63.434589386,-497.736572266,20.5189666748,-12.4603652954,8.57308405102e-05,0.000501623551827
1495100180051355277,63.353843689,-497.800415039,20.4793586731,-12.3501119614,0.00500895874575,0.000502301729284
1495100180101724463,63.4396705627,-497.713439941,20.6722507477,-11.8768749237,-0.00242873840034,0.000515325227752
1495100180151708191,63.3582496643,-497.778869629,18.9495048523,-13.8000068665,0.00285031390376,0.000498153734952
1495100180201735158,63.5087852478,-497.728057861,18.8140506744,-13.2820663452,0.00806362181902,0.000586439738981
1495100180251368843,63.4131851196,-497.795684814,19.1861171722,-12.6980237961,0.0145117780194,0.0005656532594
1495100180301500218,63.5561180115,-497.738616943,20.3549194336,-12.9575242996,-0.0297406725585,0.000534224091098
1495100180351566428,63.4360694885,-497.842254639,19.1851425171,-13.6362991333,0.00412171985954,0.000528546224814
1495100180401413550,63.6223068237,-497.809020996,20.2517757416,-12.9890623093,-0.00482678227127,0.000537323125172
1495100180452313388,63.534324646,-497.901367188,20.0884666443,-13.1191711426,0.00176899216603,0.000514049839694
1495100180501491851,63.6385345459,-497.820037842,20.3989162445,-13.3699531555,-0.0101910196245,0.00051011989126
1495100180551419500,63.5413169861,-497.918884277,17.4451370239,-16.4572944641,-0.0032269875519,0.000519492139574
1495100180601730926,63.7256126404,-497.805786133,17.2434368134,-15.9191865921,0.00391890853643,0.000650646048598
1495100180651946176,63.5955696106,-497.888458252,15.7167606354,-17.0145759583,0.0132131492719,0.000628044828773
1495100180701714518,63.7292137146,-497.780151367,15.8340435028,-16.50897789,0.00970508717,0.000685216102283
1495100180751439697,63.5797691345,-497.861450195,15.4322109222,-16.6357803345,0.0202979501337,0.000665771658532
1495100180801381452,63.8412094116,-497.783782959,15.7137861252,-17.0927696228,0.0102092372254,0.000652610848192
1495100180851732688,63.7007293701,-497.877868652,17.1988315582,-15.7394981384,0.0213702395558,0.000669686356559
1495100180901572751,63.8614616394,-497.846191406,17.9156303406,-17.1702804565,-0.00595450121909,0.000567746406887
1495100180951804144,63.7309379578,-497.968536377,16.5097198486,-18.2992725372,0.00474819121882,0.000622236344498
1495100181001409120,63.9645004272,-497.871856689,17.1239910126,-19.4279289246,-0.0189980305731,0.000620245118625
1495100181051515285,63.8180656433,-497.987792969,13.3540821075,-21.9894351959,-0.00672290241346,0.000661208643578
1495100181101444051,63.9965209961,-497.87713623,13.6689825058,-21.7580337524,-0.0181921347976,0.000759739370551
1495100181151482957,63.794670105,-497.965820312,6.02078056335,-24.8097438812,-0.00263788085431,0.000749064376578
1495100181201396284,64.1076965332,-497.828918457,5.8827586174,-23.598777771,0.00450280867517,0.000902433996089
1495100181251694651,63.8456001282,-497.84564209,-0.0536186993122,-24.2481460571,0.0242508407682,0.0008548781625
1495100181301284964,64.1258239746,-497.820678711,0.572278380394,-23.6837043762,0.00136289629154,0.000899850798305
1495100181351472771,63.8458251953,-497.78817749,7.1687130928,-22.5681266785,0.0137984724715,0.000877106620464
1495100181401649126,64.2047119141,-497.744567871,7.11462783813,-23.4762096405,-0.0125233270228,0.000811838021036
1495100181451799218,63.9566192627,-497.802978516,10.4946479797,-22.0817890167,0.00957683939487,0.000846419134177
1495100181501751801,64.2003936768,-497.789764404,11.0828351974,-23.4431934357,-0.0116112176329,0.000745045661461
1495100181551835542,63.9631690979,-497.905578613,9.20739841461,-23.9977836609,0.0102803129703,0.000797025160864
1495100181601707668,64.2701263428,-497.785858154,9.73368358612,-24.9057273865,-0.0102443341166,0.00078231934458
1495100181651783520,64.005279541,-497.886108398,1.44272851944,-26.6209774017,0.0139847816899,0.000815661391243
1495100181701402326,64.3165740967,-497.827972412,2.19044613838,-26.402135849,-0.0128965573385,0.000883551721927
1495100181753159468,63.9738502502,-497.828887939,-7.56956481934,-25.5031394958,0.0157766155899,0.000873836048413
1495100181801504300,64.4026947021,-497.789794922,-6.80135822296,-24.4443225861,-0.0113260485232,0.00088059558766
1495100181851756782,64.0228652954,-497.648010254,-10.1211290359,-23.6032810211,0.0190137960017,0.00084186787717
1495100181901904500,64.4107513428,-497.750061035,-9.30621528625,-22.6982574463,-0.0113151622936,0.00084654300008
1495100181951413240,64.0169067383,-497.576080322,-6.83877420425,-23.7705421448,0.0200862213969,0.000813265447505
1495100182001654401,64.4506759644,-497.637390137,-6.06229400635,-23.5471172333,-0.00843687076122,0.000861799868289
1495100182051354930,64.0459213257,-497.523773193,0.653437912464,-24.3056964874,0.0263077281415,0.000852011842653
1495100182101846407,64.454460144,-497.58807373,1.75487852097,-24.8179130554,-0.0149377230555,0.00086137332255
1495100182151713152,64.0487365723,-497.618377686,3.07203054428,-24.6066246033,0.0228516235948,0.000879517523572
1495100182201366883,64.501121521,-497.53604126,4.19145011902,-25.2554149628,-0.0197724942118,0.000847760296892
1495100182251490505,64.0817565918,-497.603485107,-1.53240048885,-25.4919013977,0.0201645903289,0.000872086442541
1495100182301895518,64.5353851318,-497.594177246,-5.88163089752,-24.9216785431,-0.0208601113409,0.000870903371833
1495100182351432336,64.0716247559,-497.510253906,-10.5212488174,-23.6901950836,0.0251272134483,0.000851377786603
1495100182401948397,64.5682449341,-497.61151123,-9.48352527618,-23.3008422852,-0.0147566832602,0.000822370697279
1495100182452052884,64.1014022827,-497.394561768,-14.7538547516,-21.0488891602,0.0281717553735,0.000808422861155
1495100182501548770,64.5776901245,-497.621856689,-13.6148986816,-20.3376197815,-0.01495643612,0.000755191780627
1495100182551601014,64.1031112671,-497.302368164,-14.0424804688,-20.7224292755,0.0263548549265,0.000730082683731
1495100182601847559,64.6344070435,-497.522338867,-12.8749094009,-20.1830558777,-0.0178169719875,0.000766082084738
1495100182651418387,64.1311035156,-497.208465576,-9.57537651062,-22.3474140167,0.0264859143645,0.000744734483305
1495100182701771718,64.6617889404,-497.457946777,-8.31156730652,-22.3578834534,-0.0213998053223,0.000824571819976
1495100182752546544,64.099281311,-497.258789062,-3.56659865379,-23.8179931641,0.0297841653228,0.000822015630547
1495100182801592094,64.7044219971,-497.349060059,-2.08062291145,-24.3025360107,-0.0262048970908,0.000858017592691
1495100182851351845,64.099067688,-497.299560547,1.10023844242,-24.4153671265,0.0311814658344,0.000874131685123
1495100182901966869,64.7166442871,-497.322113037,2.64440369606,-25.1452350616,-0.0271902829409,0.000851609685924
1495100182951192614,64.0811538696,-497.402984619,-3.83308243752,-25.0480861664,0.0339914858341,0.000878530205227
1495100183001808330,64.7853927612,-497.369384766,-2.16927075386,-25.5097332001,-0.030104432255,0.00085778493667
1495100183051523665,64.0823059082,-497.290283203,-13.2112369537,-22.4341087341,0.0353097096086,0.000874540128279
1495100183101922394,64.7725601196,-497.52520752,-11.875084877,-22.485830307,-0.0147963510826,0.000763260060921
1495100183151457252,64.0676040649,-497.13394165,-18.7396144867,-18.5443191528,0.0466412715614,0.000766842858866
1495100183201276086,64.8063049316,-497.57244873,-16.5882549286,-18.1775836945,-0.0356713160872,0.000640977290459
1495100183251737392,64.165435791,-496.950012207,-16.4372329712,-19.5174102783,0.0179039202631,0.000629596353974
1495100183301676009,64.8746109009,-497.504882812,-15.0826301575,-18.6019439697,-0.0564705729485,0.000696586736012
1495100183351424652,64.1203231812,-496.935577393,-17.5436954498,-18.2230129242,0.036630962044,0.000669210741762
1495100183401927934,64.8528137207,-497.478851318,-23.515209198,-5.05909156799,-0.0338407158852,0.000644185463898
1495100183451676228,64.4482269287,-496.68347168,-20.8993968964,-13.477766037,0.00488614616916,0.0001704578317
1495100183501726164,64.7149276733,-497.599639893,-20.422252655,-14.5376882553,-0.0138617623597,0.000452399661299
1495100183551405390,64.2471618652,-496.801452637,-0.124986343086,24.1533107758,0.0291026458144,0.000481589289848
1495100183601434100,63.9858551025,-497.245117188,-0.760646402836,23.0800075531,0.0497766137123,-0.000953619135544
1495100183651450166,64.9556884766,-497.097167969,-23.1304187775,5.383685112,-0.0283233355731,-0.00087622978026
1495100183701999400,64.3310775757,-497.691497803,-25.2081184387,4.88737249374,0.0523580312729,-0.000264647125732
1495100183751833599,64.6058425903,-496.719543457,-25.6067867279,-5.59872055054,0.030189383775,-0.000262014917098
1495100183801484253,64.6031188965,-497.541107178,-25.2273902893,-4.88557958603,0.0143973827362,0.000144502831972
1495100183851312944,64.4644317627,-496.549804688,-19.9781208038,-17.6365623474,0.0241177882999,0.000107729174488
1495100183901915607,64.9001312256,-497.305480957,-18.9000225067,-15.8795537949,-0.0179777350277,0.000634424330201
1495100183951370913,64.2357559204,-496.572875977,-17.0180034637,-19.0225467682,0.0305832829326,0.000555391306989
1495100184001486230,64.9664306641,-497.060882568,-16.0754852295,-17.6903858185,-0.00537246325985,0.000722347118426
1495100184051815884,64.1827163696,-496.449188232,-9.19398975372,-22.2460861206,0.0547759607434,0.000668191933073
1495100184101947884,65.0543670654,-496.904174805,-6.8651432991,-22.5064182281,-0.0337481573224,0.00082656746963
1495100184151566905,64.1082229614,-496.632324219,3.077283144,-23.5198841095,0.0427495054901,0.000830453413073
1495100184201848575,65.1067123413,-496.664611816,6.09462118149,-25.077665329,-0.0714750513434,0.000810596335214
1495100184251465849,64.1275558472,-496.873260498,9.24060249329,-23.5590705872,0.0119661055505,0.000867534719873
1495100184301708764,65.0665206909,-496.576416016,-1.97258985043,-26.3544845581,-0.0372659116983,0.000770495040342
1495100184351359702,64.1206054688,-496.814666748,6.81217002869,-26.3568115234,0.0490344166756,0.000828435702715
1495100184401380308,65.1044006348,-496.602325439,-4.33913087845,-26.6393909454,-0.0389365665615,0.000839516695123
1495100184451412649,64.1400680542,-496.67300415,-9.21856212616,-26.0417804718,0.0579741969705,0.000849448493682
1495100184502142768,65.1021728516,-496.966308594,-6.68362283707,-26.0263576508,-0.0391256287694,0.00082871055929
1495100184551809771,64.0782089233,-496.585632324,-13.9098396301,-23.085483551,0.0594420209527,0.000867170863785
1495100184601800416,65.1844940186,-496.888183594,-11.1814022064,-21.3236522675,-0.0420332811773,0.000827966607176
1495100184651703202,64.1290359497,-496.295898438,-9.05888462067,-23.3172302246,0.0580387189984,0.000763786258176
1495100184701681832,65.2563476562,-496.679656982,-6.27739477158,-22.1463813782,-0.0473324283957,0.000882708525751
1495100184751322292,64.0459671021,-496.342041016,-1.08276998997,-23.1559257507,0.0667850151658,0.000835987681057
1495100184801507793,65.3040237427,-496.397491455,2.11823749542,-23.2246055603,-0.0555034093559,0.000871307565831
1495100184851851695,64.0139312744,-496.493011475,7.47759485245,-21.5891971588,0.0679330155253,0.000872750359122
1495100184902554721,65.2951507568,-496.147491455,10.7136554718,-21.5589313507,-0.0562720671296,0.000813189311884
1495100184951576247,64.0819778442,-496.79196167,11.8381690979,-20.9332790375,0.0478529445827,0.000771772756707
1495100185001160281,65.2722167969,-496.079315186,14.5750465393,-22.1372413635,-0.0566001161933,0.000703178171534
1495100185051392926,64.0522689819,-496.942260742,10.2709980011,-22.8961734772,0.0596388727427,0.000750594714191
1495100185102650348,65.3889846802,-496.123626709,13.5556983948,-22.8384799957,-0.065608471632,0.000774328247644
1495100185151730612,63.992855072,-496.961395264,2.58067131042,-25.9352874756,0.0687322095037,0.000756430556066
1495100185201382735,65.585647583,-496.333709717,6.36340141296,-25.232963562,-0.0743272081017,0.000890831463039
1495100185251264220,63.8185462952,-496.59954834,-2.52065730095,-25.0526485443,0.0838563367724,0.000885713612661
1495100185301565306,65.6342391968,-496.474761963,8.28151226044,-24.2883491516,-0.0814099833369,0.0008792510489
1495100185351844959,63.7406730652,-496.693572998,-0.536708891392,-24.3977870941,0.0906050279737,0.000872375909239
1495100185401447007,65.7724761963,-496.271697998,4.24546194077,-23.5681228638,-0.089336745441,0.000905027554836
1495100185451745859,63.6980743408,-496.410736084,4.90006065369,-22.4708633423,0.0964219868183,0.000874468008988
1495100185502301240,65.7355804443,-495.974914551,9.79735183716,-22.4233722687,-0.0891210362315,0.000834904552903
1495100185551754245,63.6988830566,-496.679840088,9.57045459747,-20.7415332794,0.0951593145728,0.000829635653645
1495100185601415031,65.7044448853,-495.750091553,14.4098291397,-21.4827003479,-0.088592030108,0.000736900488846
1495100185651340930,63.7462120056,-496.923828125,11.1005716324,-20.7670078278,0.0913645625114,0.000769259757362
1495100185701984524,65.7844009399,-495.656463623,15.9818353653,-20.6717033386,-0.0944485515356,0.000739122624509
1495100185751986833,63.7622642517,-497.091644287,9.77792835236,-22.356464386,0.0935920551419,0.000710310589056
1495100185801382570,65.9290161133,-495.697265625,14.8755578995,-22.2590866089,-0.100044682622,0.000767868827097
1495100185851760554,63.6347007751,-497.033721924,6.48000526428,-24.0439739227,0.105893872678,0.000756565015763
1495100185901430414,66.1172943115,-495.846191406,12.2818422318,-23.5674934387,-0.113858923316,0.000831943179946
1495100185951402624,63.4462509155,-496.89831543,4.06523323059,-24.3301086426,0.124587483704,0.000815841078293
1495100186001499010,66.3209838867,-495.917755127,11.2022781372,-23.5286579132,-0.145412296057,0.000867541064508
1495100186051762243,63.3612480164,-496.762359619,4.89698219299,-23.3325881958,0.119548253715,0.000839773507323
1495100186102413589,66.353515625,-495.812866211,11.9987316132,-23.2611198425,-0.14926277101,0.000830813252833
1495100186151470175,63.2563705444,-496.70904541,8.37429904938,-20.8577842712,0.0896937325597,0.000866778893396
1495100186201461447,66.4397506714,-495.500579834,15.8204879761,-20.7580871582,-0.193409219384,0.000775947701186
1495100186251354315,63.2132949829,-497.060791016,16.3420886993,-10.9388847351,0.151241824031,0.000819222012069
1495100186301210095,65.7660369873,-494.682189941,23.6163291931,-8.71818351746,-0.0841288492084,0.000460206007119
1495100186351307877,64.0520858765,-497.810394287,20.1367969513,-7.85692977905,0.0756739750504,0.000388808461139
1495100186401356213,65.7627105713,-494.305755615,23.6941280365,-7.71128225327,-0.0655914619565,0.000353954528691
1495100186451330444,64.2030258179,-497.844573975,20.7774219513,-7.1647400856,0.0763385668397,0.000340539962053
1495100186501439541,65.6798400879,-494.218017578,23.9733867645,-7.59717178345,-0.0514386482537,0.000295035570161
1495100186551287846,64.210105896,-497.972930908,19.7490634918,-10.5764007568,0.0707315281034,0.000317413592711
1495100186601765981,66.2067718506,-494.145751953,23.5085296631,-10.4247684479,-0.077927544713,0.000417558476329
1495100186651781076,64.0865402222,-497.916168213,16.6344547272,-14.7539796829,0.100041009486,0.000403863785323
1495100186701676247,66.6437911987,-494.350524902,21.866859436,-14.5644044876,-0.102716051042,0.000552289420739
1495100186751746996,63.6388282776,-497.738586426,12.4701871872,-18.3648014069,0.119137391448,0.000551323639229
1495100186801322716,67.3086700439,-494.601409912,19.7211818695,-18.1678676605,-0.157890111208,0.000679916644003
1495100186851833887,63.3418769836,-497.45413208,10.8491153717,-18.4256954193,0.16618975997,0.00068568700226
1495100186901795197,67.4228363037,-494.622497559,19.5304946899,-18.2139987946,-0.164518028498,0.000686594692525
1495100186951818670,63.1634864807,-497.50177002,10.3727588654,-18.0083179474,0.179900363088,0.000701982527971
1495100187001262942,67.7749938965,-494.428405762,19.7573451996,-17.776714325,-0.177590206265,0.000685543694999
1495100187051672220,63.2670326233,-497.468078613,11.8655977249,-16.1428527832,0.188505634665,0.000698222836945
1495100187101423799,67.7431640625,-494.124938965,21.4351768494,-15.8815021515,-0.177161991596,0.000629727204796
1495100187151700861,63.3258934021,-497.846923828,13.815413475,-13.9731197357,0.191854894161,0.00063580746064
1495100187201624596,67.863861084,-493.581481934,22.8959941864,-13.6713266373,-0.157211467624,0.000556400045753
1495100187251617958,63.7893066406,-498.036987305,15.4463014603,-13.3349161148,0.167498856783,0.000542314839549
1495100187302437832,67.9176635742,-493.287780762,21.9527511597,-15.4133453369,-0.161198526621,0.000519277062267
1495100187351742152,63.4182090759,-497.984344482,13.9893293381,-14.4331464767,0.198086336255,0.000600742641836
1495100187401944343,68.4374923706,-493.136535645,23.8002243042,-14.106710434,-0.179349601269,0.000551241682842
1495100187451664774,63.7363891602,-498.241363525,11.5110731125,-17.4198150635,0.18596097827,0.000549231423065
1495100187501319834,69.1826782227,-493.387786865,22.4752635956,-17.1005992889,-0.233104914427,0.000655593874399
1495100187551787909,62.9960708618,-498.114349365,8.47227859497,-18.2135047913,0.248919487,0.000665327999741
1495100187601143070,69.8262710571,-493.432189941,21.7783164978,-17.8668899536,-0.257101297379,0.000691873254254
1495100187651792527,62.7725219727,-497.902252197,7.83915519714,-17.5109348297,0.286151260138,0.000706800143234
1495100187702094731,70.0376205444,-493.317016602,22.4467144012,-17.141664505,-0.269426107407,0.000679802964441
1495100187751683651,62.5708122253,-498.191162109,9.07880496979,-16.0709323883,0.293733149767,0.000689409498591
1495100187801483771,70.3688354492,-492.698242188,24.0225772858,-15.6398572922,-0.276192009449,0.000635218981188
1495100187851605855,62.8261604309,-498.495330811,12.4992637634,-12.6017599106,0.287259697914,0.000633940158878
1495100187902036287,69.9211654663,-491.909393311,26.150062561,-12.126914978,-0.238230198622,0.000507406715769
1495100187951674098,63.3837013245,-499.35333252,17.0060920715,-7.13911342621,0.238530546427,0.000501304108184
1495100188001428608,69.1122589111,-490.699615479,26.9800930023,-6.69193172455,-0.154650703073,0.000305010471493
1495100188051798141,64.7980957031,-499.859069824,20.2665138245,-4.41305828094,0.151931703091,0.000300132203847
1495100188101972890,68.6441192627,-489.845916748,26.5095100403,-4.06038665771,-0.103310659528,0.000204087613383
1495100188151667965,65.3989944458,-500.124786377,21.200258255,-5.11277294159,0.107993669808,0.000209142657695
1495100188201278812,69.3356170654,-489.08114624,26.7489395142,-4.73870182037,-0.121877737343,0.000233002676396
1495100188251306474,65.174697876,-499.998077393,21.5244102478,1.11829507351,0.134645938873,0.000251106102951
1495100188301884553,67.6249008179,-488.946105957,24.1807994843,-3.87803483009,-0.0187875870615,2.93631401291e-05
1495100188351610220,65.1928634644,-499.599914551,21.7313690186,5.17489242554,0.121863044798,0.000228413045988
1495100188401728743,66.4363174438,-488.532073975,22.9581203461,5.27430772781,0.0535775534809,-0.000108677973913
1495100188451704092,68.5317459106,-499.975158691,24.2386837006,13.2118682861,-0.0569296181202,-0.000102748410427
1495100188501763045,63.7255744934,-488.131866455,17.1284484863,12.8506603241,0.197334066033,-0.000377459247829
1495100188551401130,71.6677627563,-499.16293335,27.9430999756,13.087729454,-0.202607616782,-0.000386738072848
1495100188601462873,63.765422821,-486.714660645,13.4101285934,18.4253005981,0.19034332037,-0.00037391812657
1495100188651581466,74.5965881348,-498.279815674,15.2779121399,25.8314552307,-0.287645220757,-0.000601495092269
1495100188701806291,58.6271095276,-490.520874023,-1.6573830843,25.1813659668,0.382275909185,-0.000833130266983
1495100188751794421,76.7052230835,-494.845092773,16.5670547485,25.8387069702,-0.344308823347,-0.000823332578875
1495100188801297153,58.5133399963,-489.597747803,-3.88177323341,26.1909313202,0.323492974043,-0.000823456561193
1495100188851706778,77.1274490356,-493.659759521,8.50153636932,26.9713497162,-0.306269139051,-0.000853369187098
1495100188901763979,58.3219833374,-491.484619141,-5.72226715088,26.7209854126,0.274110078812,-0.000867699913215
1495100188951972251,76.512588501,-493.21270752,6.89169645309,27.1590709686,-0.243267804384,-0.000859989435412
1495100189001464785,58.9171180725,-491.384246826,-7.16156721115,26.8462963104,0.226105824113,-0.000867303053383
1495100189051746038,75.9156417847,-492.416259766,2.81615829468,27.1316337585,-0.18878094852,-0.000854888756294
1495100189101953474,59.6015853882,-492.051086426,-3.45353865623,27.1146907806,0.174589648843,-0.000862876768224
1495100189151609087,75.1869735718,-492.988891602,4.17573547363,27.1975345612,-0.147197008133,-0.0008695096476
1495100189201411513,60.525188446,-491.523651123,-2.28824949265,27.040977478,0.128135994077,-0.000865735986736
1495100189251555249,74.456237793,-492.673065186,3.06910085678,27.0640735626,-0.103084877133,-0.000871527008712
1495100189301456357,61.3215942383,-491.645690918,-2.16041016579,26.9432678223,0.0926697254181,-0.000866186863277
1495100189351495679,73.5924530029,-492.609436035,1.43333911896,26.968252182,-0.0682125017047,-0.000870697549544
1495100189401419071,62.2034912109,-491.484375,-2.29544210434,26.8349704742,0.0587368495762,-0.000867052003741
1495100189451328137,72.7263565063,-492.171325684,-0.369942158461,26.9295921326,-0.0346856862307,-0.000865497277118
1495100189501545209,62.9578933716,-491.598999023,-3.73074555397,26.6689453125,0.0338588133454,-0.000866138492711
1495100189551401689,71.8870620728,-492.020202637,-2.81172966957,26.8430290222,-0.0141428941861,-0.000853502599057
1495100189601895400,63.7513465881,-491.393768311,-3.31994724274,26.7264118195,0.0060598696582,-0.000859469524585
