%time,field.DevID,field.MsgID,field.Data,field.Time
1495278871574901218,10,5,76,1495278871.57
1495278871575200278,10,3,76,1495278871.57
1495278871624664529,10,5,77,1495278871.62
1495278871624720402,10,3,77,1495278871.62
1495278871674629403,10,5,78,1495278871.67
1495278871674688768,10,3,78,1495278871.67
1495278871728276867,10,5,79,1495278871.72
1495278871728342169,10,3,79,1495278871.72
1495278871787472454,10,5,80,1495278871.77
1495278871787546625,10,3,80,1495278871.77
1495278871828265001,10,5,81,1495278871.82
1495278871828327998,10,3,81,1495278871.82
1495278871878573983,10,5,82,1495278871.87
1495278871883318441,10,3,82,1495278871.87
1495278871926887459,10,5,83,1495278871.92
1495278871931728577,10,3,83,1495278871.92
1495278871979536193,10,5,83,1495278871.97
1495278871983228352,10,3,83,1495278871.97
1495278872026256380,10,5,84,1495278872.02
1495278872032145606,10,3,84,1495278872.02
1495278872077118434,10,5,85,1495278872.07
1495278872083167178,10,3,85,1495278872.07
1495278872125892654,10,5,86,1495278872.12
1495278872130442115,10,3,86,1495278872.12
1495278872175745432,10,5,87,1495278872.17
1495278872182219788,10,3,87,1495278872.17
1495278872225918641,10,5,88,1495278872.22
1495278872230287423,10,3,88,1495278872.22
1495278872277055661,10,5,89,1495278872.27
1495278872282578780,10,3,89,1495278872.27
1495278872325148648,10,5,90,1495278872.32
1495278872328540839,10,3,90,1495278872.32
1495278872375825623,10,5,91,1495278872.37
1495278872380701942,10,3,91,1495278872.37
1495278872424953100,10,5,92,1495278872.42
1495278872427865970,10,3,92,1495278872.42
1495278872480491377,10,5,93,1495278872.47
1495278872481427041,10,3,93,1495278872.47
1495278872528263863,10,5,94,1495278872.52
1495278872532000441,10,3,94,1495278872.52
1495278872582925353,10,5,95,1495278872.57
1495278872583611125,10,3,95,1495278872.57
1495278872625344644,10,5,96,1495278872.62
1495278872625394720,10,3,96,1495278872.62
1495278872675404152,10,5,96,1495278872.67
1495278872675460235,10,3,96,1495278872.67
1495278872725700981,10,5,97,1495278872.72
1495278872725755737,10,3,97,1495278872.72
1495278872775604883,10,5,98,1495278872.77
1495278872775661524,10,3,98,1495278872.77
1495278872828365363,10,5,99,1495278872.82
1495278872828418443,10,3,99,1495278872.82
1495278872877697894,10,5,100,1495278872.87
1495278872877990319,10,3,100,1495278872.87
1495278872927517497,10,5,101,1495278872.92
1495278872931459828,10,3,101,1495278872.92
1495278872977745532,10,5,102,1495278872.97
1495278872982377965,10,3,102,1495278872.97
1495278873027464145,10,5,103,1495278873.02
1495278873030607701,10,3,103,1495278873.02
1495278873078670238,10,5,104,1495278873.07
1495278873080897127,10,3,104,1495278873.07
1495278873124761853,10,5,105,1495278873.12
1495278873124812977,10,3,105,1495278873.12
1495278873174495552,10,5,106,1495278873.17
1495278873174619590,10,3,106,1495278873.17
1495278873224705289,10,5,107,1495278873.22
1495278873224762978,10,3,107,1495278873.22
1495278873274507153,10,5,108,1495278873.27
1495278873274561280,10,3,108,1495278873.27
1495278873324700686,10,5,109,1495278873.32
1495278873324756978,10,3,109,1495278873.32
1495278873374307064,10,5,109,1495278873.37
1495278873375930385,10,3,109,1495278873.37
1495278873424668427,10,5,110,1495278873.42
1495278873426762757,10,3,110,1495278873.42
1495278873474384805,10,5,111,1495278873.47
1495278873476923815,10,3,111,1495278873.47
1495278873524609627,10,5,112,1495278873.52
1495278873526582853,10,3,112,1495278873.52
1495278873574522399,10,5,113,1495278873.57
1495278873574577155,10,3,113,1495278873.57
1495278873624731647,10,5,114,1495278873.62
1495278873624785076,10,3,114,1495278873.62
1495278873674594762,10,5,115,1495278873.67
1495278873674665650,10,3,115,1495278873.67
1495278873724671521,10,5,116,1495278873.72
1495278873724723902,10,3,116,1495278873.72
1495278873774532191,10,5,117,1495278873.77
1495278873774590578,10,3,117,1495278873.77
1495278873825109013,10,5,118,1495278873.82
1495278873825173128,10,3,118,1495278873.82
1495278873878872484,10,5,119,1495278873.87
1495278873878934643,10,3,119,1495278873.87
1495278873924645344,10,5,120,1495278873.92
1495278873924717141,10,3,120,1495278873.92
1495278873974583259,10,5,121,1495278873.97
1495278873974635709,10,3,121,1495278873.97
1495278874024605262,10,5,122,1495278874.02
1495278874024662323,10,3,122,1495278874.02
1495278874079578314,10,5,123,1495278874.07
1495278874079730638,10,3,123,1495278874.07
1495278874127247924,10,5,123,1495278874.12
1495278874127327682,10,3,123,1495278874.12
1495278874176407387,10,5,124,1495278874.17
1495278874176472549,10,3,124,1495278874.17
1495278874228347582,10,5,125,1495278874.22
1495278874228412045,10,3,125,1495278874.22
1495278874281243414,10,5,126,1495278874.27
1495278874281342030,10,3,126,1495278874.27
1495278874324151385,10,5,127,1495278874.32
1495278874324250839,10,3,127,1495278874.32
1495278874377460259,10,5,128,1495278874.37
1495278874377511871,10,3,128,1495278874.37
1495278874425734065,10,5,83,1495278874.42
1495278874425840433,10,3,83,1495278874.42
1495278874476193345,10,5,83,1495278874.47
1495278874476293427,10,3,83,1495278874.47
1495278874526884428,10,5,80,1495278874.52
1495278874526985907,10,3,80,1495278874.52
1495278874575940526,10,5,80,1495278874.57
1495278874578400197,10,3,80,1495278874.57
1495278874626787635,10,5,77,1495278874.62
1495278874632512595,10,3,77,1495278874.62
1495278874677551632,10,5,77,1495278874.67
1495278874679377004,10,3,77,1495278874.67
1495278874725183946,10,5,71,1495278874.72
1495278874726977261,10,3,71,1495278874.72
1495278874775012559,10,5,71,1495278874.77
1495278874776133023,10,3,71,1495278874.77
1495278874825563680,10,5,-96,1495278874.82
1495278874825655033,10,3,-96,1495278874.82
1495278874876203849,10,5,-96,1495278874.87
1495278874876285493,10,3,-96,1495278874.87
1495278874925071446,10,5,74,1495278874.92
1495278874925891732,10,3,74,1495278874.92
1495278874976017310,10,5,73,1495278874.97
1495278874976118021,10,3,73,1495278874.97
1495278875026397320,10,5,-93,1495278875.02
1495278875026504037,10,3,-93,1495278875.02
1495278875078410917,10,5,-94,1495278875.07
1495278875079767025,10,3,-94,1495278875.07
1495278875126607200,10,5,75,1495278875.12
1495278875131326864,10,3,75,1495278875.12
1495278875176688429,10,5,75,1495278875.17
1495278875176799756,10,3,75,1495278875.17
1495278875226792566,10,5,-92,1495278875.22
1495278875227051677,10,3,-92,1495278875.22
1495278875276481636,10,5,-92,1495278875.27
1495278875276592823,10,3,-92,1495278875.27
1495278875323602851,10,5,83,1495278875.32
1495278875323661099,10,3,83,1495278875.32
1495278875374962874,10,5,83,1495278875.37
1495278875375027617,10,3,83,1495278875.37
1495278875424968395,10,5,77,1495278875.42
1495278875425076230,10,3,77,1495278875.42
1495278875475683573,10,5,76,1495278875.47
1495278875482215130,10,3,76,1495278875.47
1495278875524869088,10,5,71,1495278875.52
1495278875525296726,10,3,71,1495278875.52
1495278875576001637,10,5,71,1495278875.57
1495278875576090825,10,3,71,1495278875.57
1495278875624739330,10,5,-96,1495278875.62
1495278875624933418,10,3,-96,1495278875.62
1495278875676031606,10,5,-96,1495278875.67
1495278875676128825,10,3,-96,1495278875.67
1495278875724245000,10,5,74,1495278875.72
1495278875727653255,10,3,74,1495278875.72
1495278875776071283,10,5,74,1495278875.77
1495278875776177163,10,3,74,1495278875.77
1495278875824591070,10,5,-93,1495278875.82
1495278875824699883,10,3,-93,1495278875.82
1495278875875796046,10,5,-94,1495278875.87
1495278875883318790,10,3,-94,1495278875.87
1495278875923956150,10,5,75,1495278875.92
1495278875928779459,10,3,75,1495278875.92
1495278875977056059,10,5,75,1495278875.97
1495278875979897761,10,3,75,1495278875.97
1495278876024075656,10,5,-92,1495278876.02
1495278876026923993,10,3,-92,1495278876.02
1495278876076979031,10,5,-92,1495278876.07
1495278876077078974,10,3,-92,1495278876.07
1495278876126790533,10,5,76,1495278876.12
1495278876129095435,10,3,76,1495278876.12
1495278876175939521,10,5,76,1495278876.17
1495278876182646309,10,3,76,1495278876.17
1495278876225062876,10,5,70,1495278876.22
1495278876225135511,10,3,70,1495278876.22
1495278876276405998,10,5,70,1495278876.27
1495278876278706011,10,3,70,1495278876.27
1495278876329438160,10,5,70,1495278876.32
1495278876333493634,10,3,70,1495278876.32
1495278876381570977,10,5,-102,1495278876.37
1495278876381705701,10,3,-102,1495278876.37
1495278876425509525,10,5,79,1495278876.42
1495278876430975723,10,3,79,1495278876.42
1495278876475627840,10,5,79,1495278876.47
1495278876479892907,10,3,79,1495278876.47
1495278876523773627,10,5,73,1495278876.52
1495278876528187806,10,3,73,1495278876.52
1495278876575240158,10,5,72,1495278876.57
1495278876580012692,10,3,72,1495278876.57
1495278876624040777,10,5,-94,1495278876.62
1495278876624860504,10,3,-94,1495278876.62
1495278876677241886,10,5,-94,1495278876.67
1495278876677321854,10,3,-94,1495278876.67
1495278876726741826,10,5,75,1495278876.72
1495278876728656525,10,3,75,1495278876.72
1495278876775690648,10,5,75,1495278876.77
1495278876779214630,10,3,75,1495278876.77
1495278876828437090,10,5,-92,1495278876.82
1495278876828501903,10,3,-92,1495278876.82
1495278876877673379,10,5,-92,1495278876.87
1495278876882013177,10,3,-92,1495278876.87
1495278876924478424,10,5,76,1495278876.92
1495278876924539535,10,3,76,1495278876.92
1495278876977693570,10,5,76,1495278876.97
1495278876978358809,10,3,76,1495278876.97
1495278877024383935,10,5,71,1495278877.02
1495278877027732266,10,3,71,1495278877.02
1495278877076259107,10,5,70,1495278877.07
1495278877083376633,10,3,70,1495278877.07
1495278877126603079,10,5,-96,1495278877.12
1495278877129182178,10,3,-96,1495278877.12
1495278877175077470,10,5,-96,1495278877.17
1495278877177686600,10,3,-96,1495278877.17
1495278877223893803,10,5,74,1495278877.22
1495278877223977892,10,3,74,1495278877.22
1495278877276922404,10,5,74,1495278877.27
1495278877278178569,10,3,74,1495278877.27
1495278877325446521,10,5,74,1495278877.32
1495278877327396490,10,3,74,1495278877.32
1495278877377820640,10,5,-100,1495278877.37
1495278877380980329,10,3,-100,1495278877.37
1495278877427228529,10,5,72,1495278877.42
1495278877430889330,10,3,72,1495278877.42
1495278877477366888,10,5,80,1495278877.47
1495278877480451847,10,3,80,1495278877.47
1495278877524123811,10,5,77,1495278877.52
1495278877524184015,10,3,77,1495278877.52
1495278877576337644,10,5,77,1495278877.57
1495278877576439263,10,3,77,1495278877.57
1495278877624841438,10,5,77,1495278877.62
1495278877625155514,10,3,77,1495278877.62
1495278877675364622,10,5,71,1495278877.67
1495278877675459746,10,3,71,1495278877.67
1495278877725020797,10,5,71,1495278877.72
1495278877726545223,10,3,71,1495278877.72
1495278877776047886,10,5,-95,1495278877.77
1495278877776149017,10,3,-95,1495278877.77
1495278877826404849,10,5,74,1495278877.82
1495278877826470849,10,3,74,1495278877.82
1495278877875273633,10,5,74,1495278877.87
1495278877875809944,10,3,74,1495278877.87
1495278877925463046,10,5,74,1495278877.92
1495278877930138012,10,3,74,1495278877.92
1495278877975302275,10,5,-93,1495278877.97
1495278877975964929,10,3,-93,1495278877.97
1495278878027060533,10,5,-93,1495278878.02
1495278878027997733,10,3,-93,1495278878.02
1495278878075869463,10,5,76,1495278878.07
1495278878078274447,10,3,76,1495278878.07
1495278878126075708,10,5,76,1495278878.12
1495278878129980743,10,3,76,1495278878.12
1495278878175759889,10,5,70,1495278878.17
1495278878177215311,10,3,70,1495278878.17
1495278878228296179,10,5,70,1495278878.22
1495278878228993334,10,3,70,1495278878.22
1495278878275327369,10,5,-97,1495278878.27
1495278878280946310,10,3,-97,1495278878.27
1495278878330632935,10,5,74,1495278878.32
1495278878334159780,10,3,74,1495278878.32
1495278878380191751,10,5,81,1495278878.37
1495278878380249440,10,3,81,1495278878.37
1495278878427997831,10,5,78,1495278878.42
1495278878429856796,10,3,78,1495278878.42
1495278878476975986,10,5,75,1495278878.47
1495278878477078443,10,3,75,1495278878.47
1495278878525282548,10,5,75,1495278878.52
1495278878527578022,10,3,75,1495278878.52
1495278878575772488,10,5,70,1495278878.57
1495278878579895289,10,3,70,1495278878.57
1495278878625165571,10,5,70,1495278878.62
1495278878627981152,10,3,70,1495278878.62
1495278878676729810,10,5,-97,1495278878.67
1495278878676824095,10,3,-97,1495278878.67
1495278878728295515,10,5,-97,1495278878.72
1495278878730280754,10,3,-97,1495278878.72
1495278878776338426,10,5,73,1495278878.77
1495278878781148116,10,3,73,1495278878.77
1495278878826214811,10,5,73,1495278878.82
1495278878826290588,10,3,73,1495278878.82
1495278878875955004,10,5,-94,1495278878.87
1495278878876511011,10,3,-94,1495278878.87
1495278878927414481,10,5,-94,1495278878.92
1495278878927491796,10,3,-94,1495278878.92
1495278878979652898,10,5,75,1495278878.97
1495278878980314714,10,3,75,1495278878.97
1495278879025400056,10,5,75,1495278879.02
1495278879025936717,10,3,75,1495278879.02
1495278879076133114,10,5,-92,1495278879.07
1495278879079335057,10,3,-92,1495278879.07
1495278879129425365,10,5,-92,1495278879.12
1495278879129483404,10,3,-92,1495278879.12
1495278879175195781,10,5,76,1495278879.17
1495278879175709394,10,3,76,1495278879.17
1495278879226296134,10,5,76,1495278879.22
1495278879226971848,10,3,76,1495278879.22
1495278879276792360,10,5,70,1495278879.27
1495278879276892791,10,3,70,1495278879.27
1495278879325384083,10,5,70,1495278879.32
1495278879326585004,10,3,70,1495278879.32
1495278879376835668,10,5,-101,1495278879.37
1495278879376935890,10,3,-101,1495278879.37
1495278879428417996,10,5,71,1495278879.42
1495278879431019653,10,3,71,1495278879.42
1495278879476071612,10,5,79,1495278879.47
1495278879478892291,10,3,79,1495278879.47
1495278879526687475,10,5,79,1495278879.52
1495278879528553285,10,3,79,1495278879.52
1495278879577101777,10,5,72,1495278879.57
1495278879579547340,10,3,72,1495278879.57
1495278879630284378,10,5,72,1495278879.62
1495278879632906430,10,3,72,1495278879.62
1495278879676135460,10,5,-94,1495278879.67
1495278879682342185,10,3,-94,1495278879.67
1495278879727504632,10,5,-94,1495278879.72
1495278879733123294,10,3,-94,1495278879.72
1495278879778698014,10,5,75,1495278879.77
1495278879780859322,10,3,75,1495278879.77
1495278879825877477,10,5,75,1495278879.82
1495278879829357389,10,3,75,1495278879.82
1495278879875618579,10,5,-92,1495278879.87
1495278879880154770,10,3,-92,1495278879.87
1495278879928699980,10,5,-92,1495278879.92
1495278879936895226,10,3,-92,1495278879.92
1495278879980278466,10,5,76,1495278879.97
1495278879980387279,10,3,76,1495278879.97
1495278880028084127,10,5,77,1495278880.02
1495278880028184977,10,3,77,1495278880.02
1495278880076553279,10,5,70,1495278880.07
1495278880080406283,10,3,70,1495278880.07
1495278880127985029,10,5,70,1495278880.12
1495278880138135970,10,3,70,1495278880.12
1495278880176245146,10,5,-96,1495278880.17
1495278880176345368,10,3,-96,1495278880.17
1495278880228632325,10,5,-96,1495278880.22
1495278880231854522,10,3,-96,1495278880.22
1495278880275937712,10,5,74,1495278880.27
1495278880276037794,10,3,74,1495278880.27
1495278880326748852,10,5,74,1495278880.32
1495278880326816808,10,3,74,1495278880.32
1495278880377990983,10,5,-100,1495278880.37
1495278880378105592,10,3,-100,1495278880.37
1495278880426324783,10,5,72,1495278880.42
1495278880426425703,10,3,72,1495278880.42
1495278880476855789,10,5,-95,1495278880.47
1495278880476960412,10,3,-95,1495278880.47
1495278880531961330,10,5,-96,1495278880.52
1495278880532013781,10,3,-96,1495278880.52
1495278880575548577,10,5,74,1495278880.57
1495278880577149130,10,3,74,1495278880.57
1495278880625570022,10,5,74,1495278880.62
1495278880627701368,10,3,74,1495278880.62
1495278880681819354,10,5,-93,1495278880.67
1495278880681928655,10,3,-93,1495278880.67
1495278880726738264,10,5,-93,1495278880.72
1495278880734385256,10,3,-93,1495278880.72
1495278880775573594,10,5,76,1495278880.77
1495278880779222173,10,3,76,1495278880.77
1495278880831762443,10,5,76,1495278880.82
1495278880832056824,10,3,76,1495278880.82
1495278880876041468,10,5,70,1495278880.87
1495278880876140992,10,3,70,1495278880.87
1495278880925945859,10,5,70,1495278880.92
1495278880929946577,10,3,70,1495278880.92
1495278880974937634,10,5,-96,1495278880.97
1495278880979496453,10,3,-96,1495278880.97
1495278881025017675,10,5,-97,1495278881.02
1495278881027483911,10,3,-97,1495278881.02
1495278881075732784,10,5,74,1495278881.07
1495278881082754975,10,3,74,1495278881.07
1495278881126276920,10,5,74,1495278881.12
1495278881130299290,10,3,74,1495278881.12
1495278881183467852,10,5,-93,1495278881.17
1495278881183621922,10,3,-93,1495278881.17
1495278881233026319,10,5,-94,1495278881.22
1495278881236112117,10,3,-94,1495278881.22
1495278881276572848,10,5,75,1495278881.27
1495278881278627858,10,3,75,1495278881.27
1495278881325689918,10,5,75,1495278881.32
1495278881332664548,10,3,75,1495278881.32
1495278881376691376,10,5,-98,1495278881.37
1495278881384370006,10,3,-98,1495278881.37
1495278881425846160,10,5,73,1495278881.42
1495278881431217514,10,3,73,1495278881.42
1495278881477296837,10,5,72,1495278881.47
1495278881477377853,10,3,72,1495278881.47
1495278881536006607,10,5,72,1495278881.52
1495278881536057382,10,3,72,1495278881.52
1495278881577309695,10,5,-95,1495278881.57
1495278881580548654,10,3,-95,1495278881.57
1495278881627060994,10,5,-95,1495278881.62
1495278881632487731,10,3,-95,1495278881.62
1495278881676332762,10,5,75,1495278881.67
1495278881681032242,10,3,75,1495278881.67
1495278881730532043,10,5,75,1495278881.72
1495278881734331129,10,3,75,1495278881.72
1495278881775589588,10,5,-92,1495278881.77
1495278881780345710,10,3,-92,1495278881.77
1495278881826636792,10,5,-92,1495278881.82
1495278881833772545,10,3,-92,1495278881.82
1495278881877867399,10,5,76,1495278881.87
1495278881880620821,10,3,76,1495278881.87
1495278881933259638,10,5,76,1495278881.92
1495278881933323124,10,3,76,1495278881.92
1495278881979397488,10,5,70,1495278881.97
1495278881980253184,10,3,70,1495278881.97
1495278882031608527,10,5,70,1495278882.02
1495278882031667473,10,3,70,1495278882.02
1495278882075880428,10,5,-96,1495278882.07
1495278882079293711,10,3,-96,1495278882.07
1495278882127994876,10,5,-97,1495278882.12
1495278882129283169,10,3,-97,1495278882.12
1495278882175675451,10,5,74,1495278882.17
1495278882179931858,10,3,74,1495278882.17
1495278882224983607,10,5,74,1495278882.22
1495278882228802318,10,3,74,1495278882.22
1495278882278984817,10,5,-93,1495278882.27
1495278882279593763,10,3,-93,1495278882.27
1495278882329713545,10,5,-93,1495278882.32
1495278882329792116,10,3,-93,1495278882.32
1495278882376078240,10,5,82,1495278882.37
1495278882376163027,10,3,82,1495278882.37
1495278882427068173,10,5,79,1495278882.42
1495278882427227621,10,3,79,1495278882.42
1495278882473780957,10,5,73,1495278882.47
1495278882473869237,10,3,73,1495278882.47
1495278882525138256,10,5,73,1495278882.52
1495278882532339451,10,3,73,1495278882.52
1495278882575907212,10,5,-94,1495278882.57
1495278882576009390,10,3,-94,1495278882.57
1495278882626698867,10,5,-94,1495278882.62
1495278882628172308,10,3,-94,1495278882.62
1495278882681292681,10,5,75,1495278882.67
1495278882681398560,10,3,75,1495278882.67
1495278882725858892,10,5,75,1495278882.72
1495278882726353648,10,3,75,1495278882.72
1495278882776598795,10,5,-91,1495278882.77
1495278882777127842,10,3,-91,1495278882.77
1495278882825386842,10,5,-92,1495278882.82
1495278882832996539,10,3,-92,1495278882.82
1495278882875287322,10,5,77,1495278882.87
1495278882877765570,10,3,77,1495278882.87
1495278882923622519,10,5,77,1495278882.92
1495278882924282170,10,3,77,1495278882.92
1495278882975731659,10,5,71,1495278882.97
1495278882978889253,10,3,71,1495278882.97
1495278883031624661,10,5,71,1495278883.02
1495278883031735918,10,3,71,1495278883.02
1495278883077414911,10,5,-96,1495278883.07
1495278883078815368,10,3,-96,1495278883.07
1495278883127774876,10,5,-96,1495278883.12
1495278883131574591,10,3,-96,1495278883.12
1495278883175758632,10,5,74,1495278883.17
1495278883180757103,10,3,74,1495278883.17
1495278883233809729,10,5,74,1495278883.22
1495278883233927132,10,3,74,1495278883.22
1495278883278058722,10,5,-93,1495278883.27
1495278883279665560,10,3,-93,1495278883.27
1495278883329314611,10,5,-93,1495278883.32
1495278883332027456,10,3,-93,1495278883.32
1495278883380015193,10,5,82,1495278883.37
1495278883384081841,10,3,82,1495278883.37
1495278883426939596,10,5,79,1495278883.42
1495278883432590594,10,3,79,1495278883.42
1495278883483448388,10,5,73,1495278883.47
1495278883483515435,10,3,73,1495278883.47
1495278883533680683,10,5,73,1495278883.52
1495278883533796550,10,3,73,1495278883.52
1495278883575692730,10,5,-93,1495278883.57
1495278883580771867,10,3,-93,1495278883.57
1495278883626687203,10,5,-93,1495278883.62
1495278883630049782,10,3,-93,1495278883.62
1495278883681068560,10,5,75,1495278883.67
1495278883681168433,10,3,75,1495278883.67
1495278883725362111,10,5,75,1495278883.72
1495278883730831871,10,3,75,1495278883.72
1495278883776828293,10,5,-92,1495278883.77
1495278883779519906,10,3,-92,1495278883.77
1495278883830184380,10,5,-92,1495278883.82
1495278883830244723,10,3,-92,1495278883.82
1495278883879434428,10,5,77,1495278883.87
1495278883880575355,10,3,77,1495278883.87
1495278883933605492,10,5,77,1495278883.92
1495278883933703340,10,3,77,1495278883.92
1495278883975503977,10,5,71,1495278883.97
1495278883982874607,10,3,71,1495278883.97
1495278884032853309,10,5,70,1495278884.02
1495278884033501785,10,3,70,1495278884.02
1495278884075709038,10,5,-96,1495278884.07
1495278884081374632,10,3,-96,1495278884.07
1495278884132319169,10,5,-96,1495278884.12
1495278884132407449,10,3,-96,1495278884.12
1495278884179020779,10,5,74,1495278884.17
1495278884180149623,10,3,74,1495278884.17
1495278884225376115,10,5,74,1495278884.22
1495278884229802725,10,3,74,1495278884.22
1495278884275860467,10,5,-93,1495278884.27
1495278884280406157,10,3,-93,1495278884.27
1495278884325800407,10,5,76,1495278884.32
1495278884332355291,10,3,76,1495278884.32
1495278884375573497,10,5,70,1495278884.37
1495278884376245719,10,3,70,1495278884.37
1495278884426223094,10,5,-98,1495278884.42
1495278884426328415,10,3,-98,1495278884.42
1495278884475476005,10,5,73,1495278884.47
1495278884480325155,10,3,73,1495278884.47
1495278884525847844,10,5,73,1495278884.52
1495278884525947926,10,3,73,1495278884.52
1495278884575715638,10,5,-95,1495278884.57
1495278884575819701,10,3,-95,1495278884.57
1495278884625802663,10,5,-95,1495278884.62
1495278884625902606,10,3,-95,1495278884.62
1495278884679054547,10,5,75,1495278884.67
1495278884681758522,10,3,75,1495278884.67
1495278884729340830,10,5,75,1495278884.72
1495278884729409833,10,3,75,1495278884.72
1495278884775931601,10,5,-92,1495278884.77
1495278884782373132,10,3,-92,1495278884.77
1495278884825954023,10,5,-92,1495278884.82
1495278884826057808,10,3,-92,1495278884.82
1495278884874897608,10,5,76,1495278884.87
1495278884875601887,10,3,76,1495278884.87
1495278884930200799,10,5,76,1495278884.92
1495278884930298019,10,3,76,1495278884.92
1495278884975581710,10,5,70,1495278884.97
1495278884978465596,10,3,70,1495278884.97
1495278885025846482,10,5,70,1495278885.02
1495278885026985174,10,3,70,1495278885.02
1495278885075078650,10,5,-96,1495278885.07
1495278885080330924,10,3,-96,1495278885.07
1495278885126183822,10,5,-96,1495278885.12
1495278885126276013,10,3,-96,1495278885.12
1495278885177898778,10,5,74,1495278885.17
1495278885177996975,10,3,74,1495278885.17
1495278885225992674,10,5,74,1495278885.22
1495278885226095201,10,3,74,1495278885.22
1495278885276018029,10,5,-93,1495278885.27
1495278885276111477,10,3,-93,1495278885.27
1495278885325286236,10,5,-93,1495278885.32
1495278885326374573,10,3,-93,1495278885.32
1495278885382029276,10,5,82,1495278885.37
1495278885382564888,10,3,82,1495278885.37
1495278885426000859,10,5,79,1495278885.42
1495278885431859076,10,3,79,1495278885.42
1495278885477933720,10,5,73,1495278885.47
1495278885478046234,10,3,73,1495278885.47
1495278885532562315,10,5,73,1495278885.52
1495278885532612391,10,3,73,1495278885.52
1495278885576707174,10,5,-94,1495278885.57
1495278885579996280,10,3,-94,1495278885.57
1495278885625803292,10,5,-94,1495278885.62
1495278885629667470,10,3,-94,1495278885.62
1495278885675999829,10,5,75,1495278885.67
1495278885676353296,10,3,75,1495278885.67
1495278885725659426,10,5,75,1495278885.72
1495278885728251934,10,3,75,1495278885.72
1495278885774956128,10,5,-91,1495278885.77
1495278885775009905,10,3,-91,1495278885.77
1495278885828820799,10,5,-92,1495278885.82
1495278885828934849,10,3,-92,1495278885.82
1495278885875862884,10,5,77,1495278885.87
1495278885881444809,10,3,77,1495278885.87
1495278885924214843,10,5,77,1495278885.92
1495278885926990964,10,3,77,1495278885.92
1495278885976021151,10,5,71,1495278885.97
1495278885976069551,10,3,71,1495278885.97
1495278886025493015,10,5,71,1495278886.02
1495278886025540647,10,3,71,1495278886.02
1495278886076616346,10,5,-96,1495278886.07
1495278886076670263,10,3,-96,1495278886.07
1495278886126596375,10,5,-96,1495278886.12
1495278886126857372,10,3,-96,1495278886.12
1495278886176455648,10,5,74,1495278886.17
1495278886178310144,10,3,74,1495278886.17
1495278886226332591,10,5,74,1495278886.22
1495278886226375823,10,3,74,1495278886.22
1495278886276592404,10,5,-93,1495278886.27
1495278886277692684,10,3,-93,1495278886.27
1495278886328657894,10,5,-93,1495278886.32
1495278886328713208,10,3,-93,1495278886.32
1495278886378197853,10,5,82,1495278886.37
1495278886378266158,10,3,82,1495278886.37
1495278886426919412,10,5,79,1495278886.42
1495278886433829857,10,3,79,1495278886.42
1495278886479251066,10,5,73,1495278886.47
1495278886483557829,10,3,73,1495278886.47
1495278886528589463,10,5,73,1495278886.52
1495278886533563629,10,3,73,1495278886.52
1495278886578031016,10,5,-93,1495278886.57
1495278886578088705,10,3,-93,1495278886.57
1495278886624604606,10,5,-93,1495278886.62
1495278886624684784,10,3,-93,1495278886.62
1495278886679312261,10,5,75,1495278886.67
1495278886680679265,10,3,75,1495278886.67
1495278886726529159,10,5,75,1495278886.72
1495278886729465706,10,3,75,1495278886.72
1495278886775383417,10,5,-91,1495278886.77
1495278886777717023,10,3,-91,1495278886.77
1495278886825186747,10,5,-92,1495278886.82
1495278886826552074,10,3,-92,1495278886.82
1495278886873541849,10,5,77,1495278886.87
1495278886873599747,10,3,77,1495278886.87
1495278886927245815,10,5,77,1495278886.92
1495278886928926475,10,3,77,1495278886.92
1495278886976830542,10,5,71,1495278886.97
1495278886976884529,10,3,71,1495278886.97
1495278887026162933,10,5,70,1495278887.02
1495278887026299333,10,3,70,1495278887.02
1495278887074943926,10,5,70,1495278887.07
1495278887075005945,10,3,70,1495278887.07
1495278887125093879,10,5,-96,1495278887.12
1495278887125170076,10,3,-96,1495278887.12
1495278887173981451,10,5,74,1495278887.17
1495278887174514619,10,3,74,1495278887.17
1495278887226241518,10,5,74,1495278887.22
1495278887226323093,10,3,74,1495278887.22
1495278887273843451,10,5,-93,1495278887.27
1495278887273906239,10,3,-93,1495278887.27
1495278887324526363,10,5,-93,1495278887.32
1495278887325879258,10,3,-93,1495278887.32
1495278887376102475,10,5,82,1495278887.37
1495278887376167078,10,3,82,1495278887.37
1495278887425595430,10,5,79,1495278887.42
1495278887425697678,10,3,79,1495278887.42
1495278887473420227,10,5,73,1495278887.47
1495278887476834837,10,3,73,1495278887.47
1495278887525852383,10,5,73,1495278887.52
1495278887525950580,10,3,73,1495278887.52
1495278887574713276,10,5,-93,1495278887.57
1495278887578981765,10,3,-93,1495278887.57
1495278887625833184,10,5,-93,1495278887.62
1495278887626640898,10,3,-93,1495278887.62
1495278887673689060,10,5,76,1495278887.67
1495278887673749193,10,3,76,1495278887.67
1495278887727031598,10,5,76,1495278887.72
1495278887728324919,10,3,76,1495278887.72
1495278887773645556,10,5,-91,1495278887.77
1495278887773702896,10,3,-91,1495278887.77
1495278887825911769,10,5,-92,1495278887.82
1495278887826012481,10,3,-92,1495278887.82
1495278887875080173,10,5,-92,1495278887.87
1495278887877214243,10,3,-92,1495278887.87
1495278887927460437,10,5,77,1495278887.92
1495278887930029199,10,3,77,1495278887.92
1495278887973625316,10,5,70,1495278887.97
1495278887974209818,10,3,70,1495278887.97
1495278888025520742,10,5,70,1495278888.02
1495278888029358870,10,3,70,1495278888.02
1495278888074375768,10,5,-96,1495278888.07
1495278888078550740,10,3,-96,1495278888.07
1495278888125578717,10,5,-96,1495278888.12
1495278888125651213,10,3,-96,1495278888.12
1495278888173736098,10,5,74,1495278888.17
1495278888175024670,10,3,74,1495278888.17
1495278888225703740,10,5,74,1495278888.22
1495278888226950756,10,3,74,1495278888.22
1495278888273547254,10,5,-93,1495278888.27
1495278888273784854,10,3,-93,1495278888.27
1495278888324938706,10,5,-93,1495278888.32
1495278888325022445,10,3,-93,1495278888.32
1495278888375614144,10,5,82,1495278888.37
1495278888376672938,10,3,82,1495278888.37
1495278888430601654,10,5,79,1495278888.42
1495278888430701596,10,3,79,1495278888.42
1495278888473591408,10,5,79,1495278888.47
1495278888478089536,10,3,79,1495278888.47
1495278888525271653,10,5,73,1495278888.52
1495278888530074219,10,3,73,1495278888.52
1495278888573861841,10,5,-93,1495278888.57
1495278888573928399,10,3,-93,1495278888.57
1495278888627467819,10,5,-93,1495278888.62
1495278888630162087,10,3,-93,1495278888.62
1495278888678135436,10,5,-93,1495278888.67
1495278888680037773,10,3,-93,1495278888.67
1495278888725916931,10,5,75,1495278888.72
1495278888726020226,10,3,75,1495278888.72
1495278888773727829,10,5,75,1495278888.77
1495278888780768249,10,3,75,1495278888.77
1495278888825058938,10,5,70,1495278888.82
1495278888829470113,10,3,70,1495278888.82
1495278888874537646,10,5,-92,1495278888.87
1495278888874613703,10,3,-92,1495278888.87
1495278888925632830,10,5,-97,1495278888.92
1495278888930842711,10,3,-97,1495278888.92
1495278888980109311,10,5,-97,1495278888.97
1495278888980162809,10,3,-97,1495278888.97
1495278889025727682,10,5,73,1495278889.02
1495278889030348102,10,3,73,1495278889.02
1495278889074817234,10,5,73,1495278889.07
1495278889076483368,10,3,73,1495278889.07
1495278889126312470,10,5,-94,1495278889.12
1495278889126416394,10,3,-94,1495278889.12
1495278889175723502,10,5,-94,1495278889.17
1495278889180840563,10,3,-94,1495278889.17
1495278889225492750,10,5,75,1495278889.22
1495278889226069150,10,3,75,1495278889.22
1495278889278854424,10,5,75,1495278889.27
1495278889278913370,10,3,75,1495278889.27
1495278889324471468,10,5,-92,1495278889.32
1495278889325116731,10,3,-92,1495278889.32
1495278889376078798,10,5,-99,1495278889.37
1495278889376140748,10,3,-99,1495278889.37
1495278889425786935,10,5,79,1495278889.42
1495278889431481444,10,3,79,1495278889.42
1495278889481024406,10,5,79,1495278889.47
1495278889481484800,10,3,79,1495278889.47
1495278889526023076,10,5,73,1495278889.52
1495278889526130841,10,3,73,1495278889.52
1495278889578955715,10,5,73,1495278889.57
1495278889579021994,10,3,73,1495278889.57
1495278889626153197,10,5,-93,1495278889.62
1495278889629712379,10,3,-93,1495278889.62
1495278889679390763,10,5,-94,1495278889.68
1495278889679454109,10,3,-94,1495278889.68
1495278889730203300,10,5,75,1495278889.72
1495278889730302544,10,3,75,1495278889.72
1495278889777218566,10,5,75,1495278889.77
1495278889777322001,10,3,75,1495278889.77
1495278889825471071,10,5,-91,1495278889.82
1495278889831198545,10,3,-91,1495278889.82
1495278889877839811,10,5,-92,1495278889.87
1495278889879253259,10,3,-92,1495278889.87
1495278889925476945,10,5,76,1495278889.92
1495278889928133288,10,3,76,1495278889.92
1495278889973462027,10,5,77,1495278889.97
1495278889973515805,10,3,77,1495278889.97
1495278890025130260,10,5,71,1495278890.02
1495278890025499580,10,3,71,1495278890.02
1495278890077984886,10,5,71,1495278890.07
1495278890078343032,10,3,71,1495278890.07
1495278890125791524,10,5,-96,1495278890.12
1495278890126306743,10,3,-96,1495278890.12
1495278890179254817,10,5,-96,1495278890.17
1495278890179313623,10,3,-96,1495278890.17
1495278890225503296,10,5,74,1495278890.22
1495278890229602351,10,3,74,1495278890.22
1495278890276160087,10,5,74,1495278890.27
1495278890276209884,10,3,74,1495278890.27
1495278890325735735,10,5,-100,1495278890.32
1495278890327859887,10,3,-100,1495278890.32
1495278890376324640,10,5,-100,1495278890.37
1495278890376422837,10,3,-100,1495278890.37
1495278890428213920,10,5,80,1495278890.42
1495278890428278244,10,3,80,1495278890.42
1495278890479466736,10,5,80,1495278890.47
1495278890479552012,10,3,80,1495278890.47
1495278890526146834,10,5,77,1495278890.52
1495278890526253063,10,3,77,1495278890.52
1495278890576160597,10,5,77,1495278890.57
1495278890580092731,10,3,77,1495278890.57
1495278890628084658,10,5,71,1495278890.62
1495278890633548271,10,3,71,1495278890.62
1495278890675191137,10,5,71,1495278890.67
1495278890683359773,10,3,71,1495278890.67
1495278890727272131,10,5,-95,1495278890.72
1495278890732370405,10,3,-95,1495278890.72
1495278890775038890,10,5,-95,1495278890.77
1495278890777680217,10,3,-95,1495278890.77
1495278890826943535,10,5,74,1495278890.82
1495278890827040614,10,3,74,1495278890.82
1495278890875363728,10,5,74,1495278890.87
1495278890880638003,10,3,74,1495278890.87
1495278890925395091,10,5,-92,1495278890.92
1495278890928752920,10,3,-92,1495278890.92
1495278890976856314,10,5,-93,1495278890.97
1495278890979571044,10,3,-93,1495278890.97
1495278891025982533,10,5,76,1495278891.02
1495278891026090647,10,3,76,1495278891.02
1495278891076865260,10,5,76,1495278891.07
1495278891083165293,10,3,76,1495278891.07
1495278891125571663,10,5,70,1495278891.12
1495278891130102547,10,3,70,1495278891.12
1495278891176805553,10,5,70,1495278891.17
1495278891183594405,10,3,70,1495278891.17
1495278891226007620,10,5,-96,1495278891.22
1495278891226105467,10,3,-96,1495278891.22
1495278891275626569,10,5,-97,1495278891.27
1495278891282942164,10,3,-97,1495278891.27
1495278891329053335,10,5,81,1495278891.32
1495278891329163265,10,3,81,1495278891.32
1495278891379337593,10,5,81,1495278891.37
1495278891379419447,10,3,81,1495278891.37
1495278891428872663,10,5,75,1495278891.42
1495278891428975609,10,3,75,1495278891.42
1495278891476605199,10,5,75,1495278891.47
1495278891478544622,10,3,75,1495278891.47
1495278891526906219,10,5,70,1495278891.52
1495278891532195439,10,3,70,1495278891.52
1495278891579324896,10,5,70,1495278891.57
1495278891581710744,10,3,70,1495278891.57
1495278891625650130,10,5,-97,1495278891.62
1495278891628742842,10,3,-97,1495278891.62
1495278891681658859,10,5,-97,1495278891.67
1495278891681740433,10,3,-97,1495278891.67
1495278891725916232,10,5,73,1495278891.72
1495278891726333604,10,3,73,1495278891.72
1495278891777950084,10,5,74,1495278891.77
1495278891778028725,10,3,74,1495278891.77
1495278891826061579,10,5,-94,1495278891.82
1495278891829882526,10,3,-94,1495278891.82
1495278891875174528,10,5,-94,1495278891.87
1495278891882470219,10,3,-94,1495278891.87
1495278891929584380,10,5,75,1495278891.92
1495278891929643047,10,3,75,1495278891.92
1495278891979565736,10,5,75,1495278891.97
1495278891979636555,10,3,75,1495278891.97
1495278892031201981,10,5,70,1495278892.02
1495278892031896623,10,3,70,1495278892.02
1495278892076276778,10,5,-91,1495278892.07
1495278892077277394,10,3,-91,1495278892.07
1495278892126941181,10,5,-97,1495278892.12
1495278892131458306,10,3,-97,1495278892.12
1495278892176492873,10,5,-97,1495278892.17
1495278892177897940,10,3,-97,1495278892.17
1495278892226956833,10,5,73,1495278892.22
1495278892227062293,10,3,73,1495278892.22
1495278892276932811,10,5,73,1495278892.27
1495278892281249561,10,3,73,1495278892.27
1495278892324901760,10,5,-94,1495278892.32
1495278892328983354,10,3,-94,1495278892.32
1495278892379667593,10,5,-100,1495278892.37
1495278892383353117,10,3,-100,1495278892.37
1495278892425860827,10,5,79,1495278892.42
1495278892425960351,10,3,79,1495278892.42
1495278892483707569,10,5,80,1495278892.47
1495278892483742420,10,3,80,1495278892.47
1495278892525927672,10,5,73,1495278892.52
1495278892526026288,10,3,73,1495278892.52
1495278892579695404,10,5,73,1495278892.57
1495278892585441595,10,3,73,1495278892.57
1495278892625091400,10,5,-93,1495278892.62
1495278892629938944,10,3,-93,1495278892.62
1495278892682938630,10,5,-93,1495278892.67
1495278892683044580,10,3,-93,1495278892.67
1495278892729530030,10,5,76,1495278892.72
1495278892729640589,10,3,76,1495278892.72
1495278892779674046,10,5,76,1495278892.77
1495278892779739068,10,3,76,1495278892.77
1495278892825918125,10,5,70,1495278892.82
1495278892826018557,10,3,70,1495278892.82
1495278892879569152,10,5,70,1495278892.87
1495278892879853685,10,3,70,1495278892.87
1495278892926187859,10,5,-97,1495278892.92
1495278892926290246,10,3,-97,1495278892.92
1495278892976566193,10,5,-97,1495278892.97
1495278892976639177,10,3,-97,1495278892.97
1495278893025820012,10,5,73,1495278893.02
1495278893025923238,10,3,73,1495278893.02
1495278893075730409,10,5,73,1495278893.07
1495278893075827768,10,3,73,1495278893.07
1495278893125927714,10,5,-94,1495278893.12
1495278893126022419,10,3,-94,1495278893.12
1495278893175789292,10,5,-94,1495278893.17
1495278893175887908,10,3,-94,1495278893.17
1495278893232412415,10,5,75,1495278893.22
1495278893232517386,10,3,75,1495278893.22
1495278893275489541,10,5,75,1495278893.27
1495278893275596537,10,3,75,1495278893.27
1495278893325927100,10,5,-98,1495278893.32
1495278893327253525,10,3,-98,1495278893.32
1495278893376541637,10,5,-98,1495278893.37
1495278893376651288,10,3,-98,1495278893.37
1495278893426395323,10,5,80,1495278893.42
1495278893426497780,10,3,80,1495278893.42
1495278893475862018,10,5,80,1495278893.47
1495278893475963986,10,3,80,1495278893.47
1495278893529346194,10,5,77,1495278893.52
1495278893529449768,10,3,77,1495278893.52
1495278893582136496,10,5,77,1495278893.57
1495278893582227150,10,3,77,1495278893.57
1495278893626127216,10,5,72,1495278893.62
1495278893626227299,10,3,72,1495278893.62
1495278893680312319,10,5,72,1495278893.67
1495278893682100675,10,3,72,1495278893.67
1495278893726487814,10,5,-95,1495278893.72
1495278893731374189,10,3,-95,1495278893.72
1495278893774261137,10,5,-95,1495278893.77
1495278893786007533,10,3,-95,1495278893.77
1495278893825418131,10,5,75,1495278893.82
1495278893827637897,10,3,75,1495278893.82
1495278893875608033,10,5,75,1495278893.87
1495278893883322562,10,3,75,1495278893.87
1495278893929605682,10,5,-92,1495278893.92
1495278893930225593,10,3,-92,1495278893.92
1495278893980612797,10,5,-92,1495278893.97
1495278893980670695,10,3,-92,1495278893.97
1495278894026551600,10,5,76,1495278894.02
1495278894026655663,10,3,76,1495278894.02
1495278894081002029,10,5,76,1495278894.07
1495278894083625338,10,3,76,1495278894.07
1495278894125536952,10,5,70,1495278894.12
1495278894125618667,10,3,70,1495278894.12
1495278894176039394,10,5,70,1495278894.17
1495278894182173065,10,3,70,1495278894.17
1495278894226582274,10,5,-96,1495278894.22
1495278894231649119,10,3,-96,1495278894.22
1495278894281150735,10,5,-97,1495278894.27
1495278894281209472,10,3,-97,1495278894.27
1495278894329876415,10,5,74,1495278894.32
1495278894329960504,10,3,74,1495278894.32
1495278894377290335,10,5,-93,1495278894.37
1495278894377366113,10,3,-93,1495278894.37
1495278894426069373,10,5,82,1495278894.42
1495278894430838346,10,3,82,1495278894.42
1495278894476858583,10,5,82,1495278894.47
1495278894476955803,10,3,82,1495278894.47
1495278894525378231,10,5,79,1495278894.52
1495278894526783438,10,3,79,1495278894.52
1495278894577418927,10,5,79,1495278894.57
1495278894577499175,10,3,79,1495278894.57
1495278894626158365,10,5,73,1495278894.62
1495278894626577343,10,3,73,1495278894.62
1495278894676793436,10,5,73,1495278894.67
1495278894683017691,10,3,73,1495278894.67
1495278894724317286,10,5,-93,1495278894.72
1495278894724425400,10,3,-93,1495278894.72
1495278894776089792,10,5,-93,1495278894.77
1495278894776184357,10,3,-93,1495278894.77
1495278894826703281,10,5,76,1495278894.82
1495278894828007148,10,3,76,1495278894.82
1495278894878080415,10,5,76,1495278894.87
1495278894878187551,10,3,76,1495278894.87
1495278894927347713,10,5,70,1495278894.92
1495278894927453034,10,3,70,1495278894.92
1495278894975628574,10,5,-91,1495278894.97
1495278894976822161,10,3,-91,1495278894.97
1495278895027817962,10,5,76,1495278895.02
1495278895027886825,10,3,76,1495278895.02
1495278895074487723,10,5,77,1495278895.07
1495278895079077064,10,3,77,1495278895.07
1495278895126024445,10,5,70,1495278895.12
1495278895126124178,10,3,70,1495278895.12
1495278895175838950,10,5,70,1495278895.17
1495278895175939102,10,3,70,1495278895.17
1495278895225986528,10,5,-96,1495278895.22
1495278895226086191,10,3,-96,1495278895.22
1495278895275651992,10,5,-96,1495278895.27
1495278895275749909,10,3,-96,1495278895.27
1495278895325077131,10,5,74,1495278895.32
1495278895327721741,10,3,74,1495278895.32
1495278895379725561,10,5,81,1495278895.37
1495278895379832418,10,3,81,1495278895.37
1495278895427914021,10,5,75,1495278895.42
1495278895430754816,10,3,75,1495278895.42
1495278895480537403,10,5,75,1495278895.47
1495278895480613949,10,3,75,1495278895.47
1495278895525577279,10,5,70,1495278895.52
1495278895531303845,10,3,70,1495278895.52
1495278895577032844,10,5,70,1495278895.57
1495278895577107854,10,3,70,1495278895.57
1495278895629856252,10,5,-97,1495278895.62
1495278895629961083,10,3,-97,1495278895.62
1495278895675519670,10,5,-97,1495278895.67
1495278895678505804,10,3,-97,1495278895.67
1495278895725225013,10,5,73,1495278895.72
1495278895729756246,10,3,73,1495278895.72
1495278895776528814,10,5,73,1495278895.77
1495278895777404205,10,3,73,1495278895.77
1495278895826927052,10,5,-94,1495278895.82
1495278895827025598,10,3,-94,1495278895.82
1495278895878498624,10,5,-94,1495278895.87
1495278895881723266,10,3,-94,1495278895.87
1495278895925717897,10,5,75,1495278895.92
1495278895928738393,10,3,75,1495278895.92
1495278895976176479,10,5,75,1495278895.97
1495278895976709996,10,3,75,1495278895.97
1495278896026845282,10,5,70,1495278896.02
1495278896027993543,10,3,70,1495278896.02
1495278896077887108,10,5,-91,1495278896.07
1495278896080426188,10,3,-91,1495278896.07
1495278896125906622,10,5,77,1495278896.12
1495278896126010267,10,3,77,1495278896.12
1495278896175710512,10,5,77,1495278896.17
1495278896177571223,10,3,77,1495278896.17
1495278896226852839,10,5,70,1495278896.22
1495278896227700084,10,3,70,1495278896.22
1495278896276438684,10,5,70,1495278896.27
1495278896276541490,10,3,70,1495278896.27
1495278896324380325,10,5,-101,1495278896.32
1495278896324477823,10,3,-101,1495278896.32
1495278896375335618,10,5,-102,1495278896.37
1495278896375434443,10,3,-102,1495278896.37
1495278896424029938,10,5,79,1495278896.42
1495278896429176193,10,3,79,1495278896.42
1495278896477143047,10,5,79,1495278896.47
1495278896477247460,10,3,79,1495278896.47
1495278896525718707,10,5,72,1495278896.52
1495278896526361038,10,3,72,1495278896.52
1495278896579452286,10,5,72,1495278896.57
1495278896579561309,10,3,72,1495278896.57
1495278896625704886,10,5,-94,1495278896.62
1495278896626161648,10,3,-94,1495278896.62
1495278896677403988,10,5,-94,1495278896.67
1495278896679079830,10,3,-94,1495278896.67
1495278896725720956,10,5,75,1495278896.72
1495278896725822226,10,3,75,1495278896.72
1495278896775264338,10,5,75,1495278896.77
1495278896775780046,10,3,75,1495278896.77
1495278896825802189,10,5,70,1495278896.82
1495278896826033992,10,3,70,1495278896.82
1495278896875369945,10,5,-91,1495278896.87
1495278896875716567,10,3,-91,1495278896.87
1495278896925751980,10,5,76,1495278896.92
1495278896933179740,10,3,76,1495278896.92
1495278896975663215,10,5,77,1495278896.97
1495278896980431768,10,3,77,1495278896.97
1495278897023548285,10,5,70,1495278897.02
1495278897023608418,10,3,70,1495278897.02
1495278897076026746,10,5,70,1495278897.07
1495278897080201509,10,3,70,1495278897.07
1495278897126492870,10,5,-96,1495278897.12
1495278897131340973,10,3,-96,1495278897.12
1495278897175555813,10,5,-96,1495278897.17
1495278897176190670,10,3,-96,1495278897.17
1495278897231433310,10,5,74,1495278897.22
1495278897231510834,10,3,74,1495278897.22
1495278897275767649,10,5,74,1495278897.27
1495278897275866544,10,3,74,1495278897.27
1495278897323928103,10,5,-100,1495278897.32
1495278897323997665,10,3,-100,1495278897.32
1495278897376536608,10,5,-100,1495278897.37
1495278897376617764,10,3,-100,1495278897.37
1495278897427829164,10,5,80,1495278897.42
1495278897427934136,10,3,80,1495278897.42
1495278897475815364,10,5,80,1495278897.47
1495278897475920755,10,3,80,1495278897.47
1495278897524112218,10,5,77,1495278897.52
1495278897524693717,10,3,77,1495278897.52
1495278897576812356,10,5,77,1495278897.57
1495278897576920610,10,3,77,1495278897.57
1495278897623732358,10,5,71,1495278897.62
1495278897623792841,10,3,71,1495278897.62
1495278897679137938,10,5,71,1495278897.67
1495278897679238649,10,3,71,1495278897.67
1495278897724281597,10,5,-95,1495278897.72
1495278897724358493,10,3,-95,1495278897.72
1495278897776475176,10,5,-95,1495278897.77
1495278897776575119,10,3,-95,1495278897.77
1495278897823533185,10,5,74,1495278897.82
1495278897823592550,10,3,74,1495278897.82
1495278897875832922,10,5,74,1495278897.87
1495278897879338396,10,3,74,1495278897.87
1495278897923616303,10,5,-92,1495278897.92
1495278897923692849,10,3,-92,1495278897.92
1495278897977721298,10,5,-92,1495278897.97
1495278897981974842,10,3,-92,1495278897.97
1495278898028852591,10,5,76,1495278898.02
1495278898028941289,10,3,76,1495278898.02
1495278898076748206,10,5,76,1495278898.07
1495278898076829781,10,3,76,1495278898.07
1495278898124481092,10,5,70,1495278898.12
1495278898124549816,10,3,70,1495278898.12
1495278898179720658,10,5,70,1495278898.17
1495278898179782049,10,3,70,1495278898.17
1495278898224728477,10,5,-96,1495278898.22
1495278898224874166,10,3,-96,1495278898.22
1495278898276531014,10,5,-97,1495278898.27
1495278898276634449,10,3,-97,1495278898.27
1495278898324518401,10,5,81,1495278898.32
1495278898324621417,10,3,81,1495278898.32
1495278898377210646,10,5,78,1495278898.37
1495278898379326837,10,3,78,1495278898.37
1495278898423743030,10,5,72,1495278898.42
1495278898423800440,10,3,72,1495278898.42
1495278898474974685,10,5,72,1495278898.47
1495278898475647745,10,3,72,1495278898.47
1495278898523984618,10,5,-94,1495278898.52
1495278898524045869,10,3,-94,1495278898.52
1495278898575905048,10,5,-94,1495278898.57
1495278898576965029,10,3,-94,1495278898.57
1495278898625385432,10,5,75,1495278898.62
1495278898625451153,10,3,75,1495278898.62
1495278898675582388,10,5,75,1495278898.67
1495278898679467519,10,3,75,1495278898.67
1495278898723523889,10,5,-92,1495278898.72
1495278898723587096,10,3,-92,1495278898.72
1495278898776058433,10,5,-92,1495278898.77
1495278898776501576,10,3,-92,1495278898.77
1495278898827193567,10,5,76,1495278898.82
1495278898827278145,10,3,76,1495278898.82
1495278898875847729,10,5,76,1495278898.87
1495278898875952980,10,3,76,1495278898.87
1495278898928849790,10,5,70,1495278898.92
1495278898928932831,10,3,70,1495278898.92
1495278898975686612,10,5,70,1495278898.97
1495278898978749013,10,3,70,1495278898.97
1495278899024325968,10,5,-96,1495278899.02
1495278899024411453,10,3,-96,1495278899.02
1495278899075750384,10,5,-96,1495278899.07
1495278899075851025,10,3,-96,1495278899.07
1495278899124141803,10,5,74,1495278899.12
1495278899124199562,10,3,74,1495278899.12
1495278899179924176,10,5,74,1495278899.17
1495278899180037109,10,3,74,1495278899.17
1495278899224428299,10,5,-93,1495278899.22
1495278899225404121,10,3,-93,1495278899.22
1495278899282062374,10,5,-94,1495278899.27
1495278899282177193,10,3,-94,1495278899.27
1495278899324131481,10,5,82,1495278899.32
1495278899324612477,10,3,82,1495278899.32
1495278899375313897,10,5,79,1495278899.37
1495278899375374449,10,3,79,1495278899.37
1495278899423862808,10,5,73,1495278899.42
1495278899423922662,10,3,73,1495278899.42
1495278899481204527,10,5,73,1495278899.47
1495278899481304610,10,3,73,1495278899.47
1495278899524426015,10,5,-93,1495278899.52
1495278899524527495,10,3,-93,1495278899.52
1495278899575721574,10,5,-93,1495278899.57
1495278899575821238,10,3,-93,1495278899.57
1495278899627682093,10,5,75,1495278899.62
1495278899627915293,10,3,75,1495278899.62
1495278899675994172,10,5,75,1495278899.67
1495278899676563728,10,3,75,1495278899.67
1495278899727299649,10,5,76,1495278899.72
1495278899728768062,10,3,76,1495278899.72
1495278899780917920,10,5,70,1495278899.77
1495278899781694904,10,3,70,1495278899.77
1495278899829415707,10,5,70,1495278899.82
1495278899829473885,10,3,70,1495278899.82
1495278899875854364,10,5,-97,1495278899.87
1495278899877595228,10,3,-97,1495278899.87
1495278899924066081,10,5,-97,1495278899.92
1495278899931729486,10,3,-97,1495278899.92
1495278899976682269,10,5,73,1495278899.97
1495278899976788358,10,3,73,1495278899.97
1495278900027913016,10,5,73,1495278900.02
1495278900031795213,10,3,73,1495278900.02
1495278900077747845,10,5,-94,1495278900.07
1495278900077826416,10,3,-94,1495278900.07
1495278900129549474,10,5,-94,1495278900.12
1495278900129610166,10,3,-94,1495278900.12
1495278900176809255,10,5,75,1495278900.17
1495278900182057199,10,3,75,1495278900.17
1495278900226898096,10,5,75,1495278900.22
1495278900229008909,10,3,75,1495278900.22
1495278900276934906,10,5,-91,1495278900.27
1495278900277354094,10,3,-91,1495278900.27
1495278900328749526,10,5,77,1495278900.32
1495278900328806935,10,3,77,1495278900.32
1495278900380169123,10,5,83,1495278900.37
1495278900382224692,10,3,83,1495278900.37
1495278900426111209,10,5,77,1495278900.42
1495278900428064739,10,3,77,1495278900.42
1495278900477274419,10,5,74,1495278900.47
1495278900480796305,10,3,74,1495278900.47
1495278900523723342,10,5,74,1495278900.52
1495278900523781310,10,3,74,1495278900.52
1495278900577737753,10,5,-92,1495278900.57
1495278900579963315,10,3,-92,1495278900.57
1495278900631497382,10,5,-92,1495278900.62
1495278900631726043,10,3,-92,1495278900.62
1495278900678809754,10,5,76,1495278900.67
1495278900678910674,10,3,76,1495278900.67
1495278900725771941,10,5,76,1495278900.72
1495278900726806150,10,3,76,1495278900.72
1495278900776623868,10,5,70,1495278900.77
1495278900781269850,10,3,70,1495278900.77
1495278900828971656,10,5,70,1495278900.82
1495278900829054907,10,3,70,1495278900.82
1495278900875748135,10,5,-97,1495278900.87
1495278900877903158,10,3,-97,1495278900.87
1495278900927697339,10,5,-97,1495278900.92
1495278900927745739,10,3,-97,1495278900.92
1495278900976373501,10,5,73,1495278900.97
1495278900976429933,10,3,73,1495278900.97
1495278901026402838,10,5,73,1495278901.02
1495278901026451098,10,3,73,1495278901.02
1495278901081470036,10,5,-93,1495278901.07
1495278901081553426,10,3,-93,1495278901.07
1495278901127653632,10,5,-94,1495278901.12
1495278901127870140,10,3,-94,1495278901.12
1495278901174640613,10,5,75,1495278901.17
1495278901174690480,10,3,75,1495278901.17
1495278901231659526,10,5,75,1495278901.22
1495278901231700313,10,3,75,1495278901.22
1495278901277773630,10,5,70,1495278901.27
1495278901277826221,10,3,70,1495278901.27
1495278901327809183,10,5,-97,1495278901.32
1495278901327848504,10,3,-97,1495278901.32
1495278901379500044,10,5,-103,1495278901.37
1495278901379556406,10,3,-103,1495278901.37
1495278901428160841,10,5,-92,1495278901.42
1495278901428221672,10,3,-92,1495278901.42
1495278901478056781,10,5,78,1495278901.47
1495278901478110768,10,3,78,1495278901.47
1495278901527786917,10,5,78,1495278901.52
1495278901527831965,10,3,78,1495278901.52
1495278901578246966,10,5,71,1495278901.57
1495278901578305702,10,3,71,1495278901.57
1495278901627934639,10,5,71,1495278901.62
1495278901627992048,10,3,71,1495278901.62
1495278901676718985,10,5,-95,1495278901.67
1495278901676780306,10,3,-95,1495278901.67
1495278901727423268,10,5,-95,1495278901.72
1495278901727504284,10,3,-95,1495278901.72
1495278901779311570,10,5,74,1495278901.77
1495278901779420732,10,3,74,1495278901.77
1495278901825183605,10,5,75,1495278901.82
1495278901825246881,10,3,75,1495278901.82
1495278901875847589,10,5,-93,1495278901.87
1495278901881498797,10,3,-93,1495278901.87
1495278901928283307,10,5,-93,1495278901.92
1495278901928345536,10,3,-93,1495278901.92
1495278901975752472,10,5,76,1495278901.97
1495278901976547965,10,3,76,1495278901.97
1495278902030995601,10,5,76,1495278902.02
1495278902031680394,10,3,76,1495278902.02
1495278902077578200,10,5,70,1495278902.07
1495278902077823692,10,3,70,1495278902.07
1495278902128604312,10,5,70,1495278902.12
1495278902129388350,10,3,70,1495278902.12
1495278902176009782,10,5,-96,1495278902.17
1495278902181199548,10,3,-96,1495278902.17
1495278902230744954,10,5,-97,1495278902.22
1495278902230852230,10,3,-97,1495278902.22
1495278902280832329,10,5,74,1495278902.27
1495278902280926964,10,3,74,1495278902.27
1495278902324730998,10,5,74,1495278902.32
1495278902324797278,10,3,74,1495278902.32
1495278902373793313,10,5,-100,1495278902.37
1495278902374389268,10,3,-100,1495278902.37
1495278902427000847,10,5,72,1495278902.42
1495278902427672790,10,3,72,1495278902.42
1495278902479524914,10,5,-96,1495278902.47
1495278902479624089,10,3,-96,1495278902.47
1495278902526535222,10,5,-96,1495278902.52
1495278902534565154,10,3,-96,1495278902.52
1495278902578806674,10,5,74,1495278902.57
1495278902580003544,10,3,74,1495278902.57
1495278902629709376,10,5,74,1495278902.62
1495278902636316501,10,3,74,1495278902.62
1495278902675517575,10,5,-93,1495278902.67
1495278902681820541,10,3,-93,1495278902.67
1495278902728478570,10,5,-93,1495278902.72
1495278902734232793,10,3,-93,1495278902.72
1495278902777187348,10,5,76,1495278902.77
1495278902779330218,10,3,76,1495278902.77
1495278902830764761,10,5,76,1495278902.82
1495278902836393480,10,3,76,1495278902.82
1495278902875665862,10,5,70,1495278902.87
1495278902882027844,10,3,70,1495278902.87
1495278902934030756,10,5,70,1495278902.92
1495278902936379169,10,3,70,1495278902.92
1495278902976346333,10,5,-96,1495278902.97
1495278902981851013,10,3,-96,1495278902.97
1495278903031432807,10,5,-96,1495278903.02
1495278903034686503,10,3,-96,1495278903.02
1495278903076045883,10,5,74,1495278903.07
1495278903076144079,10,3,74,1495278903.07
1495278903126363315,10,5,74,1495278903.12
1495278903129817804,10,3,74,1495278903.12
1495278903175733839,10,5,-94,1495278903.17
1495278903178942487,10,3,-94,1495278903.17
1495278903232512009,10,5,-94,1495278903.22
1495278903232575355,10,3,-94,1495278903.22
1495278903276429046,10,5,75,1495278903.27
1495278903283223136,10,3,75,1495278903.27
1495278903325699068,10,5,75,1495278903.32
1495278903328159088,10,3,75,1495278903.32
1495278903374695802,10,5,-98,1495278903.37
1495278903375429973,10,3,-98,1495278903.37
1495278903427615311,10,5,73,1495278903.42
1495278903427684034,10,3,73,1495278903.42
1495278903474992704,10,5,-94,1495278903.47
1495278903475039987,10,3,-94,1495278903.47
1495278903525685184,10,5,-94,1495278903.52
1495278903525744968,10,3,-94,1495278903.52
1495278903577128178,10,5,75,1495278903.57
1495278903577187124,10,3,75,1495278903.57
1495278903626982143,10,5,75,1495278903.62
1495278903627036270,10,3,75,1495278903.62
1495278903677890223,10,5,-92,1495278903.67
1495278903677947214,10,3,-92,1495278903.67
1495278903732237288,10,5,-92,1495278903.72
1495278903732291275,10,3,-92,1495278903.72
1495278903777270668,10,5,76,1495278903.77
1495278903777371240,10,3,76,1495278903.77
1495278903835018794,10,5,76,1495278903.82
1495278903835073270,10,3,76,1495278903.82
1495278903877689583,10,5,70,1495278903.87
1495278903877779958,10,3,70,1495278903.87
1495278903925523948,10,5,70,1495278903.92
1495278903925580170,10,3,70,1495278903.92
1495278903977866917,10,5,-96,1495278903.97
1495278903977925095,10,3,-96,1495278903.97
1495278904024190476,10,5,-96,1495278904.02
1495278904024263250,10,3,-96,1495278904.02
1495278904076045254,10,5,74,1495278904.07
1495278904076151832,10,3,74,1495278904.07
1495278904124458464,10,5,74,1495278904.12
1495278904124816400,10,3,74,1495278904.12
1495278904178325369,10,5,-93,1495278904.17
1495278904183180456,10,3,-93,1495278904.17
1495278904229561913,10,5,-93,1495278904.22
1495278904229624351,10,3,-93,1495278904.22
1495278904276193541,10,5,75,1495278904.27
1495278904278667389,10,3,75,1495278904.27
1495278904326095837,10,5,76,1495278904.32
1495278904327155399,10,3,76,1495278904.32
1495278904377697650,10,5,-98,1495278904.37
1495278904379416653,10,3,-98,1495278904.37
1495278904423795411,10,5,73,1495278904.42
1495278904423856523,10,3,73,1495278904.42
1495278904477705619,10,5,-95,1495278904.47
1495278904481301537,10,3,-95,1495278904.47
1495278904524990612,10,5,-95,1495278904.52
1495278904526919978,10,3,-95,1495278904.52
1495278904576157873,10,5,75,1495278904.57
1495278904580247639,10,3,75,1495278904.57
1495278904626122956,10,5,75,1495278904.62
1495278904630169839,10,3,75,1495278904.62
1495278904676989271,10,5,-92,1495278904.67
1495278904682284218,10,3,-92,1495278904.67
1495278904728396367,10,5,-92,1495278904.72
1495278904731268729,10,3,-92,1495278904.72
1495278904775970852,10,5,76,1495278904.77
1495278904777949945,10,3,76,1495278904.77
1495278904828669593,10,5,76,1495278904.82
1495278904831196241,10,3,76,1495278904.82
1495278904876565627,10,5,70,1495278904.87
1495278904877195456,10,3,70,1495278904.87
1495278904930483587,10,5,70,1495278904.92
1495278904931245695,10,3,70,1495278904.92
1495278904978875844,10,5,-96,1495278904.97
1495278904980935324,10,3,-96,1495278904.97
1495278905027733245,10,5,-96,1495278905.02
1495278905029636070,10,3,-96,1495278905.02
1495278905076001394,10,5,74,1495278905.07
1495278905081060976,10,3,74,1495278905.07
1495278905128711868,10,5,74,1495278905.12
1495278905135206059,10,3,74,1495278905.12
1495278905181267713,10,5,-93,1495278905.17
1495278905183626183,10,3,-93,1495278905.17
1495278905231196897,10,5,-93,1495278905.22
1495278905235268854,10,3,-93,1495278905.22
1495278905277127319,10,5,75,1495278905.27
1495278905281476545,10,3,75,1495278905.27
1495278905332380924,10,5,70,1495278905.32
1495278905332445457,10,3,70,1495278905.32
1495278905384393054,10,5,-97,1495278905.37
1495278905384444877,10,3,-97,1495278905.37
1495278905430185889,10,5,-102,1495278905.42
1495278905439300246,10,3,-102,1495278905.42
1495278905477545612,10,5,70,1495278905.47
1495278905477599320,10,3,70,1495278905.47
1495278905530581128,10,5,70,1495278905.52
1495278905530639515,10,3,70,1495278905.52
1495278905573998450,10,5,-97,1495278905.57
1495278905574057466,10,3,-97,1495278905.57
1495278905630411281,10,5,-97,1495278905.62
1495278905630478189,10,3,-97,1495278905.62
1495278905679632484,10,5,73,1495278905.67
1495278905683211291,10,3,73,1495278905.67
1495278905727455535,10,5,73,1495278905.72
1495278905733289656,10,3,73,1495278905.72
1495278905777783932,10,5,-94,1495278905.77
1495278905782514701,10,3,-94,1495278905.77
1495278905828100666,10,5,-94,1495278905.82
1495278905828157167,10,3,-94,1495278905.82
1495278905877168358,10,5,75,1495278905.87
1495278905877232263,10,3,75,1495278905.87
1495278905930879867,10,5,75,1495278905.92
1495278905930987143,10,3,75,1495278905.92
1495278905980568169,10,5,-92,1495278905.97
1495278905981200931,10,3,-92,1495278905.97
1495278906024409917,10,5,-92,1495278906.02
1495278906024734539,10,3,-92,1495278906.02
1495278906077632746,10,5,77,1495278906.07
1495278906077737578,10,3,77,1495278906.07
1495278906124468311,10,5,77,1495278906.12
1495278906130574116,10,3,77,1495278906.12
1495278906176201985,10,5,71,1495278906.17
1495278906176273433,10,3,71,1495278906.17
1495278906225774280,10,5,71,1495278906.22
1495278906230063234,10,3,71,1495278906.22
1495278906282494901,10,5,-96,1495278906.27
1495278906282553568,10,3,-96,1495278906.27
1495278906325576357,10,5,74,1495278906.32
1495278906325679652,10,3,74,1495278906.32
1495278906374908049,10,5,-100,1495278906.37
1495278906374977472,10,3,-100,1495278906.37
1495278906426117215,10,5,-100,1495278906.42
1495278906426218555,10,3,-100,1495278906.42
1495278906479779905,10,5,72,1495278906.47
1495278906479875657,10,3,72,1495278906.47
1495278906525641603,10,5,72,1495278906.52
1495278906525742174,10,3,72,1495278906.52
1495278906576163600,10,5,-95,1495278906.57
1495278906576646692,10,3,-95,1495278906.57
1495278906625751331,10,5,-96,1495278906.62
1495278906625860842,10,3,-96,1495278906.62
1495278906676236242,10,5,74,1495278906.67
1495278906676338071,10,3,74,1495278906.67
1495278906726390804,10,5,74,1495278906.72
1495278906726489700,10,3,74,1495278906.72
1495278906776085113,10,5,-93,1495278906.77
1495278906776189386,10,3,-93,1495278906.77
1495278906825977630,10,5,-93,1495278906.82
1495278906826068424,10,3,-93,1495278906.82
1495278906874437075,10,5,76,1495278906.87
1495278906874517043,10,3,76,1495278906.87
1495278906926145326,10,5,76,1495278906.92
1495278906926257701,10,3,76,1495278906.92
1495278906981753724,10,5,70,1495278906.97
1495278906981852690,10,3,70,1495278906.97
1495278907026212800,10,5,70,1495278907.02
1495278907026314908,10,3,70,1495278907.02
1495278907073524473,10,5,-96,1495278907.07
1495278907073589146,10,3,-96,1495278907.07
1495278907127621436,10,5,-96,1495278907.12
1495278907128079804,10,3,-96,1495278907.12
1495278907173669330,10,5,74,1495278907.17
1495278907173728137,10,3,74,1495278907.17
1495278907226073271,10,5,74,1495278907.22
1495278907226169582,10,3,74,1495278907.22
1495278907276093598,10,5,-93,1495278907.27
1495278907276452862,10,3,-93,1495278907.27
1495278907325999875,10,5,75,1495278907.32
1495278907326098281,10,3,75,1495278907.32
1495278907375982069,10,5,70,1495278907.37
1495278907376042272,10,3,70,1495278907.37
1495278907426211850,10,5,-98,1495278907.42
1495278907426314656,10,3,-98,1495278907.42
1495278907475879199,10,5,73,1495278907.47
1495278907481656820,10,3,73,1495278907.47
1495278907528930988,10,5,73,1495278907.52
1495278907529763496,10,3,73,1495278907.52
1495278907575702019,10,5,-94,1495278907.57
1495278907575778146,10,3,-94,1495278907.57
1495278907626263686,10,5,-95,1495278907.62
1495278907626363908,10,3,-95,1495278907.62
1495278907673922051,10,5,75,1495278907.67
1495278907673977226,10,3,75,1495278907.67
1495278907725681985,10,5,75,1495278907.72
1495278907732623860,10,3,75,1495278907.72
1495278907776182611,10,5,-92,1495278907.77
1495278907778880510,10,3,-92,1495278907.77
1495278907825027300,10,5,-92,1495278907.82
1495278907830501739,10,3,-92,1495278907.82
1495278907876339901,10,5,76,1495278907.87
1495278907876415539,10,3,76,1495278907.87
1495278907926068152,10,5,76,1495278907.92
1495278907929244533,10,3,76,1495278907.92
1495278907978740003,10,5,70,1495278907.97
1495278907979364245,10,3,70,1495278907.97
1495278908026531486,10,5,70,1495278908.02
1495278908026630940,10,3,70,1495278908.02
1495278908077458981,10,5,-96,1495278908.07
1495278908080763871,10,3,-96,1495278908.07
1495278908127298629,10,5,-96,1495278908.12
1495278908129487315,10,3,-96,1495278908.12
1495278908175751369,10,5,74,1495278908.17
1495278908175817229,10,3,74,1495278908.17
1495278908225795373,10,5,74,1495278908.22
1495278908229246719,10,3,74,1495278908.22
1495278908281759891,10,5,-93,1495278908.27
1495278908283509346,10,3,-93,1495278908.27
1495278908326237824,10,5,76,1495278908.32
1495278908326341608,10,3,76,1495278908.32
1495278908376942875,10,5,70,1495278908.37
1495278908377026615,10,3,70,1495278908.37
1495278908426058758,10,5,-98,1495278908.42
1495278908426162821,10,3,-98,1495278908.42
1495278908480055988,10,5,73,1495278908.47
1495278908480873759,10,3,73,1495278908.47
1495278908526528517,10,5,73,1495278908.52
1495278908529700848,10,3,73,1495278908.52
1495278908573811276,10,5,-95,1495278908.57
1495278908577269677,10,3,-95,1495278908.57
1495278908626039356,10,5,-95,1495278908.62
1495278908631766341,10,3,-95,1495278908.62
1495278908678935328,10,5,75,1495278908.67
1495278908680895773,10,3,75,1495278908.67
1495278908726725414,10,5,75,1495278908.72
1495278908729049243,10,3,75,1495278908.72
1495278908774074871,10,5,-92,1495278908.77
1495278908778759335,10,3,-92,1495278908.77
1495278908829401110,10,5,-92,1495278908.82
1495278908829481288,10,3,-92,1495278908.82
1495278908876468199,10,5,76,1495278908.87
1495278908877715285,10,3,76,1495278908.87
1495278908925303529,10,5,76,1495278908.92
1495278908931468350,10,3,76,1495278908.92
1495278908977222143,10,5,70,1495278908.97
1495278908977691406,10,3,70,1495278908.97
1495278909025574241,10,5,70,1495278909.02
1495278909030949087,10,3,70,1495278909.02
1495278909074346435,10,5,-96,1495278909.07
1495278909074417044,10,3,-96,1495278909.07
1495278909131054833,10,5,-96,1495278909.12
1495278909131326725,10,3,-96,1495278909.12
1495278909173853223,10,5,74,1495278909.17
1495278909173910492,10,3,74,1495278909.17
1495278909226560903,10,5,74,1495278909.22
1495278909229775557,10,3,74,1495278909.22
1495278909275286233,10,5,-93,1495278909.27
1495278909277895713,10,3,-93,1495278909.27
1495278909330188257,10,5,-93,1495278909.32
1495278909333431337,10,3,-93,1495278909.32
1495278909374427611,10,5,82,1495278909.37
1495278909377482469,10,3,82,1495278909.37
1495278909423711113,10,5,79,1495278909.42
1495278909427680333,10,3,79,1495278909.42
1495278909480192458,10,5,73,1495278909.47
1495278909480254616,10,3,73,1495278909.47
1495278909529103845,10,5,73,1495278909.52
1495278909530050124,10,3,73,1495278909.52
1495278909574123886,10,5,-93,1495278909.57
1495278909574178990,10,3,-93,1495278909.57
1495278909626449674,10,5,-93,1495278909.62
1495278909627185661,10,3,-93,1495278909.62
1495278909673874350,10,5,75,1495278909.67
1495278909674336140,10,3,75,1495278909.67
1495278909728030957,10,5,75,1495278909.72
1495278909731834583,10,3,75,1495278909.72
1495278909774128020,10,5,70,1495278909.77
1495278909774673341,10,3,70,1495278909.77
1495278909826406596,10,5,70,1495278909.82
1495278909826512265,10,3,70,1495278909.82
1495278909874000776,10,5,-97,1495278909.87
1495278909874060072,10,3,-97,1495278909.87
1495278909926078418,10,5,-97,1495278909.92
1495278909926173263,10,3,-97,1495278909.92
1495278909974130548,10,5,73,1495278909.97
1495278909974193825,10,3,73,1495278909.97
1495278910030349639,10,5,73,1495278910.02
1495278910030450839,10,3,73,1495278910.02
1495278910074747603,10,5,-94,1495278910.07
1495278910078951001,10,3,-94,1495278910.07
1495278910125801721,10,5,-94,1495278910.12
1495278910131290478,10,3,-94,1495278910.12
1495278910173496543,10,5,75,1495278910.17
1495278910173553673,10,3,75,1495278910.17
1495278910225341684,10,5,75,1495278910.22
1495278910225882604,10,3,75,1495278910.22
1495278910274969782,10,5,-92,1495278910.27
1495278910275329674,10,3,-92,1495278910.27
1495278910324703411,10,5,77,1495278910.32
1495278910325741811,10,3,77,1495278910.32
1495278910386275487,10,5,77,1495278910.37
1495278910386345537,10,3,77,1495278910.37
1495278910426028796,10,5,-97,1495278910.42
1495278910426129507,10,3,-97,1495278910.42
1495278910473617948,10,5,73,1495278910.47
1495278910474933199,10,3,73,1495278910.47
1495278910526316829,10,5,73,1495278910.52
1495278910526412022,10,3,73,1495278910.52
1495278910574060819,10,5,-94,1495278910.57
1495278910574126051,10,3,-94,1495278910.57
1495278910630688900,10,5,-94,1495278910.62
1495278910630775922,10,3,-94,1495278910.62
1495278910678190262,10,5,75,1495278910.67
1495278910678244249,10,3,75,1495278910.67
1495278910725566188,10,5,75,1495278910.72
1495278910730507878,10,3,75,1495278910.72
1495278910773908230,10,5,-92,1495278910.77
1495278910773974369,10,3,-92,1495278910.77
1495278910826198399,10,5,-92,1495278910.82
1495278910828971447,10,3,-92,1495278910.82
1495278910873731468,10,5,77,1495278910.87
1495278910873789716,10,3,77,1495278910.87
1495278910925663561,10,5,77,1495278910.92
1495278910925765599,10,3,77,1495278910.92
1495278910973712967,10,5,71,1495278910.97
1495278910973771006,10,3,71,1495278910.97
1495278911026073117,10,5,71,1495278911.02
1495278911026339073,10,3,71,1495278911.02
1495278911080943084,10,5,71,1495278911.07
1495278911080996722,10,3,71,1495278911.07
1495278911128473499,10,5,-96,1495278911.12
1495278911129594662,10,3,-96,1495278911.12
1495278911177961147,10,5,-96,1495278911.17
1495278911181337205,10,3,-96,1495278911.17
1495278911225628103,10,5,74,1495278911.22
1495278911225710585,10,3,74,1495278911.22
1495278911277083738,10,5,74,1495278911.27
1495278911277153999,10,3,74,1495278911.27
1495278911327623056,10,5,-100,1495278911.32
1495278911327725653,10,3,-100,1495278911.32
1495278911376238316,10,5,-100,1495278911.37
1495278911382582419,10,3,-100,1495278911.37
1495278911432269813,10,5,80,1495278911.42
1495278911432376391,10,3,80,1495278911.42
1495278911476748025,10,5,80,1495278911.47
1495278911477228254,10,3,80,1495278911.47
1495278911525088181,10,5,77,1495278911.52
1495278911528936016,10,3,77,1495278911.52
1495278911576116597,10,5,77,1495278911.57
1495278911576171283,10,3,77,1495278911.57
1495278911628803465,10,5,71,1495278911.62
1495278911629466468,10,3,71,1495278911.62
1495278911681080713,10,5,71,1495278911.67
1495278911684673977,10,3,71,1495278911.67
1495278911728549948,10,5,-95,1495278911.72
1495278911731234786,10,3,-95,1495278911.72
1495278911781350866,10,5,-95,1495278911.77
1495278911781844644,10,3,-95,1495278911.77
1495278911828500996,10,5,74,1495278911.82
1495278911834841816,10,3,74,1495278911.82
1495278911880340479,10,5,74,1495278911.87
1495278911883178410,10,3,74,1495278911.87
1495278911925811485,10,5,-92,1495278911.92
1495278911932245194,10,3,-92,1495278911.92
1495278911979859629,10,5,-92,1495278911.97
1495278911983259642,10,3,-92,1495278911.97
1495278912025455860,10,5,76,1495278912.02
1495278912029450432,10,3,76,1495278912.02
1495278912076986505,10,5,76,1495278912.07
1495278912079626995,10,3,76,1495278912.07
1495278912126583804,10,5,70,1495278912.12
1495278912131300744,10,3,70,1495278912.12
1495278912175978214,10,5,70,1495278912.17
1495278912178404360,10,3,70,1495278912.17
1495278912225704230,10,5,-96,1495278912.22
1495278912228282211,10,3,-96,1495278912.22
1495278912281343917,10,5,-97,1495278912.27
1495278912281406495,10,3,-97,1495278912.27
1495278912331539127,10,5,73,1495278912.32
1495278912334965470,10,3,73,1495278912.32
1495278912376666513,10,5,81,1495278912.37
1495278912377970101,10,3,81,1495278912.37
1495278912432411451,10,5,73,1495278912.42
1495278912432558747,10,3,73,1495278912.42
1495278912474895834,10,5,73,1495278912.47
1495278912476333587,10,3,73,1495278912.47
1495278912525842257,10,5,-94,1495278912.52
1495278912526761299,10,3,-94,1495278912.52
1495278912578317645,10,5,-94,1495278912.57
1495278912581882414,10,3,-94,1495278912.57
1495278912626319629,10,5,75,1495278912.62
1495278912626418105,10,3,75,1495278912.62
1495278912678989665,10,5,75,1495278912.67
1495278912679055805,10,3,75,1495278912.67
1495278912726390804,10,5,-91,1495278912.72
1495278912731472177,10,3,-91,1495278912.72
1495278912781581412,10,5,-91,1495278912.77
1495278912783644733,10,3,-91,1495278912.77
1495278912828007358,10,5,76,1495278912.82
1495278912832137492,10,3,76,1495278912.82
1495278912879025368,10,5,77,1495278912.87
1495278912879220435,10,3,77,1495278912.87
1495278912926808679,10,5,71,1495278912.92
1495278912930032553,10,3,71,1495278912.92
1495278912975587927,10,5,71,1495278912.97
1495278912978606118,10,3,71,1495278912.97
1495278913025831536,10,5,-96,1495278913.02
1495278913025931968,10,3,-96,1495278913.02
1495278913075583534,10,5,-96,1495278913.07
1495278913078270467,10,3,-96,1495278913.07
1495278913129596478,10,5,74,1495278913.12
1495278913129677982,10,3,74,1495278913.12
1495278913175831198,10,5,74,1495278913.17
1495278913176738157,10,3,74,1495278913.17
1495278913225599538,10,5,-93,1495278913.22
1495278913230280370,10,3,-93,1495278913.22
1495278913276504614,10,5,-93,1495278913.27
1495278913285167168,10,3,-93,1495278913.27
1495278913328019336,10,5,76,1495278913.32
1495278913333069838,10,3,76,1495278913.32
1495278913381034876,10,5,82,1495278913.37
1495278913383990350,10,3,82,1495278913.37
1495278913424741831,10,5,76,1495278913.42
1495278913424863494,10,3,76,1495278913.42
1495278913479263708,10,5,76,1495278913.47
1495278913479371962,10,3,76,1495278913.47
1495278913525061711,10,5,71,1495278913.52
1495278913525424327,10,3,71,1495278913.52
1495278913575296451,10,5,71,1495278913.57
1495278913581669817,10,3,71,1495278913.57
1495278913625986416,10,5,-96,1495278913.62
1495278913630085611,10,3,-96,1495278913.62
1495278913681452408,10,5,-96,1495278913.67
1495278913686488384,10,3,-96,1495278913.67
1495278913725928385,10,5,74,1495278913.72
1495278913726049420,10,3,74,1495278913.72
1495278913777347983,10,5,74,1495278913.77
1495278913782043412,10,3,74,1495278913.77
1495278913828470196,10,5,-93,1495278913.82
1495278913828546672,10,3,-93,1495278913.82
1495278913881944105,10,5,-93,1495278913.87
1495278913882031616,10,3,-93,1495278913.87
1495278913933258102,10,5,75,1495278913.92
1495278913933349455,10,3,75,1495278913.92
1495278913977774587,10,5,75,1495278913.97
1495278913978110245,10,3,75,1495278913.97
1495278914028848820,10,5,70,1495278914.02
1495278914028940312,10,3,70,1495278914.02
1495278914075617616,10,5,70,1495278914.07
1495278914079500233,10,3,70,1495278914.07
1495278914126466890,10,5,-97,1495278914.12
1495278914126575423,10,3,-97,1495278914.12
1495278914178352398,10,5,-97,1495278914.17
1495278914182617675,10,3,-97,1495278914.17
1495278914225645214,10,5,73,1495278914.22
1495278914225748020,10,3,73,1495278914.22
1495278914283877060,10,5,73,1495278914.27
1495278914283923295,10,3,73,1495278914.27
1495278914326018243,10,5,-94,1495278914.32
1495278914326097513,10,3,-94,1495278914.32
1495278914380558768,10,5,-100,1495278914.37
1495278914380621206,10,3,-100,1495278914.37
1495278914425838199,10,5,80,1495278914.42
1495278914429924683,10,3,80,1495278914.42
1495278914475727993,10,5,80,1495278914.47
1495278914475805447,10,3,80,1495278914.47
1495278914526291267,10,5,77,1495278914.52
1495278914526396029,10,3,77,1495278914.52
1495278914575773886,10,5,77,1495278914.57
1495278914575874457,10,3,77,1495278914.57
1495278914626009115,10,5,71,1495278914.62
1495278914626104937,10,3,71,1495278914.62
1495278914676848331,10,5,71,1495278914.67
1495278914680274326,10,3,71,1495278914.67
1495278914725669414,10,5,-95,1495278914.72
1495278914725773408,10,3,-95,1495278914.72
1495278914775811265,10,5,-95,1495278914.77
1495278914775888649,10,3,-95,1495278914.77
1495278914825729205,10,5,74,1495278914.82
1495278914825838088,10,3,74,1495278914.82
1495278914881289133,10,5,74,1495278914.87
1495278914881389635,10,3,74,1495278914.87
1495278914925615441,10,5,-93,1495278914.92
1495278914925720622,10,3,-93,1495278914.92
1495278914977966372,10,5,-93,1495278914.97
1495278914981521642,10,3,-93,1495278914.97
1495278915025002800,10,5,76,1495278915.02
1495278915027992286,10,3,76,1495278915.02
1495278915074183565,10,5,76,1495278915.07
1495278915083663751,10,3,76,1495278915.07
1495278915125829239,10,5,70,1495278915.12
1495278915127408280,10,3,70,1495278915.12
1495278915176339642,10,5,70,1495278915.17
1495278915183367631,10,3,70,1495278915.17
1495278915226028224,10,5,-96,1495278915.22
1495278915226123906,10,3,-96,1495278915.22
1495278915278505358,10,5,-97,1495278915.27
1495278915281140190,10,3,-97,1495278915.27
1495278915326949437,10,5,74,1495278915.32
1495278915332720981,10,3,74,1495278915.32
1495278915375966774,10,5,-94,1495278915.37
1495278915376023136,10,3,-94,1495278915.37
1495278915425636917,10,5,82,1495278915.42
1495278915425732390,10,3,82,1495278915.42
1495278915477977092,10,5,83,1495278915.47
1495278915478065302,10,3,83,1495278915.47
1495278915525778003,10,5,79,1495278915.52
1495278915528741299,10,3,79,1495278915.52
1495278915576605347,10,5,79,1495278915.57
1495278915577292445,10,3,79,1495278915.57
1495278915628075090,10,5,73,1495278915.62
1495278915628232582,10,3,73,1495278915.62
1495278915676392826,10,5,73,1495278915.67
1495278915680215938,10,3,73,1495278915.67
1495278915730229910,10,5,-93,1495278915.72
1495278915731474971,10,3,-93,1495278915.72
1495278915784094860,10,5,-93,1495278915.77
1495278915784149267,10,3,-93,1495278915.77
1495278915826193650,10,5,76,1495278915.82
1495278915826301624,10,3,76,1495278915.82
1495278915877916149,10,5,76,1495278915.87
1495278915880655533,10,3,76,1495278915.87
1495278915927761105,10,5,70,1495278915.92
1495278915929200044,10,3,70,1495278915.92
1495278915978747127,10,5,-91,1495278915.97
1495278915982947522,10,3,-91,1495278915.97
1495278916026267765,10,5,76,1495278916.02
1495278916030779931,10,3,76,1495278916.02
1495278916078091744,10,5,77,1495278916.07
1495278916081806322,10,3,77,1495278916.07
1495278916125924363,10,5,70,1495278916.12
1495278916131860034,10,3,70,1495278916.12
1495278916173924670,10,5,70,1495278916.17
1495278916173992836,10,3,70,1495278916.17
1495278916225576700,10,5,-96,1495278916.22
1495278916230713386,10,3,-96,1495278916.22
1495278916281583752,10,5,-96,1495278916.27
1495278916281686209,10,3,-96,1495278916.27
1495278916326598066,10,5,81,1495278916.32
1495278916326987920,10,3,81,1495278916.32
1495278916374853783,10,5,81,1495278916.37
1495278916374929910,10,3,81,1495278916.37
1495278916429474067,10,5,75,1495278916.42
1495278916429580435,10,3,75,1495278916.42
1495278916475811524,10,5,75,1495278916.47
1495278916475910838,10,3,75,1495278916.47
1495278916525806079,10,5,70,1495278916.52
1495278916525907629,10,3,70,1495278916.52
1495278916574958349,10,5,70,1495278916.57
1495278916581020154,10,3,70,1495278916.57
1495278916625895413,10,5,-96,1495278916.62
1495278916626000105,10,3,-96,1495278916.62
1495278916676734769,10,5,-97,1495278916.67
1495278916681453805,10,3,-97,1495278916.67
1495278916725943192,10,5,74,1495278916.72
1495278916726044182,10,3,74,1495278916.72
1495278916780935869,10,5,74,1495278916.77
1495278916781374682,10,3,74,1495278916.77
1495278916827344075,10,5,-94,1495278916.82
1495278916829314717,10,3,-94,1495278916.82
1495278916875799678,10,5,-94,1495278916.87
1495278916878573844,10,3,-94,1495278916.87
1495278916927460787,10,5,75,1495278916.92
1495278916927553885,10,3,75,1495278916.92
1495278916975847806,10,5,75,1495278916.97
1495278916975954663,10,3,75,1495278916.97
1495278917026852965,10,5,70,1495278917.02
1495278917029222471,10,3,70,1495278917.02
1495278917075914232,10,5,-91,1495278917.07
1495278917079313338,10,3,-91,1495278917.07
1495278917128459252,10,5,77,1495278917.12
1495278917128739246,10,3,77,1495278917.12
1495278917175650379,10,5,77,1495278917.17
1495278917176045331,10,3,77,1495278917.17
1495278917232158333,10,5,70,1495278917.22
1495278917232642682,10,3,70,1495278917.22
1495278917275588925,10,5,70,1495278917.27
1495278917275688100,10,3,70,1495278917.27
1495278917323946332,10,5,-101,1495278917.32
1495278917324012402,10,3,-101,1495278917.32
1495278917373906735,10,5,-102,1495278917.37
1495278917374439624,10,3,-102,1495278917.37
1495278917427393285,10,5,79,1495278917.42
1495278917427456003,10,3,79,1495278917.42
1495278917475793155,10,5,79,1495278917.47
1495278917475892679,10,3,79,1495278917.47
1495278917525995559,10,5,72,1495278917.52
1495278917526092638,10,3,72,1495278917.52
1495278917574905689,10,5,72,1495278917.57
1495278917575625613,10,3,72,1495278917.57
1495278917626674563,10,5,-94,1495278917.62
1495278917626777299,10,3,-94,1495278917.62
1495278917675970915,10,5,-94,1495278917.67
1495278917676184211,10,3,-94,1495278917.67
1495278917725696093,10,5,75,1495278917.72
1495278917728615738,10,3,75,1495278917.72
1495278917782342543,10,5,75,1495278917.77
1495278917783432136,10,3,75,1495278917.77
1495278917824012925,10,5,70,1495278917.82
1495278917830846127,10,3,70,1495278917.82
1495278917874255907,10,5,-91,1495278917.87
1495278917874323164,10,3,-91,1495278917.87
1495278917927729606,10,5,76,1495278917.92
1495278917931754280,10,3,76,1495278917.92
1495278917977577216,10,5,77,1495278917.97
1495278917980422131,10,3,77,1495278917.97
1495278918025889505,10,5,70,1495278918.02
1495278918031054757,10,3,70,1495278918.02
1495278918075592264,10,5,70,1495278918.07
1495278918080943433,10,3,70,1495278918.07
1495278918126981061,10,5,-96,1495278918.12
1495278918127077163,10,3,-96,1495278918.12
1495278918181252208,10,5,-96,1495278918.17
1495278918181358856,10,3,-96,1495278918.17
1495278918227387405,10,5,74,1495278918.22
1495278918230909361,10,3,74,1495278918.22
1495278918283239200,10,5,74,1495278918.27
1495278918283328597,10,3,74,1495278918.27
1495278918323827532,10,5,-100,1495278918.32
1495278918323886757,10,3,-100,1495278918.32
