%time,field.roll,field.pitch,field.yaw,field.rolld,field.pitchd,field.yawd,field.rolldd,field.pitchdd,field.yawdd
1495802635961844868,-0.00644521451491,-0.00423053594805,0.131428542006,0.00224798650402,-0.0129572087461,0.489127724318,-0.00375981843051,0.0835132734367,-0.116166453433
1495802635961913592,-0.018742718752,-0.0011899666582,0.223592121531,-0.0467315221347,-0.0178921379057,0.501042697343,0.0781597389013,0.115320439345,-0.118996225884
1495802635961944112,-0.0196921097011,-0.00135517452677,0.223886401279,-0.0625433492201,-0.0198642986845,0.505391140721,0.10460544878,0.128031633987,-0.120028968908
1495802635983429177,-0.0256856437085,-0.000404723248753,0.352039229808,-0.115805325948,-0.00357771744853,0.503947036127,0.193687550202,0.0230595108417,-0.119685998144
1495802636029134921,-0.0267184595487,0.000138491852244,0.352103735409,-0.133006713326,0.00290659023975,0.503260256763,0.222457337378,-0.0187338855318,-0.119522889984
1495802636080276269,-0.0281681849535,0.00383662388391,0.467012305196,-0.157720101421,0.00890947309472,0.486517846123,0.263791149603,-0.0574243478915,-0.115546614731
1495802636129599161,-0.0286474832669,0.00403622720888,0.466774527376,-0.165702766211,0.0112920287809,0.480127361692,0.277142373086,-0.0727806664009,-0.114028892723
1495802636180260842,-0.0115461272064,0.00526320242303,0.556956675999,-0.150661767399,0.0307755271086,0.45318416757,0.251985894412,-0.198357922678,-0.107629960195
1495802636234307589,-0.0112553321631,0.00591302951859,0.556505909502,-0.145818920156,0.0385324497409,0.443008725056,0.243886100979,-0.248353721428,-0.105213321329
1495802636280147988,0.00746602865856,0.00613453084178,0.559394316422,-0.0453497815145,0.0396694676637,0.410262411432,0.0758487402185,-0.255682158481,-0.997183628081
1495802636331131004,0.00941383194511,0.00617242595489,0.492538510164,-0.0129095642653,0.0401218138801,0.35295433919,0.0215915965543,-0.258597671691,-0.983573122737
1495802636384825124,0.0108688417002,0.00237922891313,0.461048768959,0.144088148116,0.0334656804088,0.307450855553,-0.240991337775,-0.215696804265,-0.972766173856
1495802636429078795,0.0139141360771,0.00215784781351,0.460155336203,0.19480736751,0.0308231670089,0.290476617132,-0.325820608555,-0.198664976774,-0.968734840159
1495802636478576849,-0.023338195198,-0.0514138940584,0.365682220734,0.273799152443,0.00185395133654,0.242748599032,-0.457936512418,-0.0119492977185,-0.957399570625
1495802636528535158,-0.0218038454613,-0.0523706038723,0.364700932778,0.29935440439,-0.00956480185854,0.225014988985,-0.500678364781,0.0616481472696,-0.953187888311
1495802636578523570,-0.0534610321859,-0.0499959097564,0.349243736062,0.236648736163,-0.000936460482068,0.189422967652,-0.395801433057,0.00603578145836,-0.944734883741
1495802636628564570,-0.0546755861715,-0.0497084672546,0.34855150445,0.216421005622,0.00249466312188,0.176135499983,-0.361970004817,-0.0160788860867,-0.941579147688
1495802636679910412,-0.0803806366574,0.0071189787317,0.465830971701,0.0157131276359,0.00935088235145,0.156830688188,-0.0262806323706,-0.0602693689664,-0.936994309395
1495802636730090676,-0.0842724356926,0.00733730802895,0.465545862343,-0.0491041201922,0.0119555337454,0.149479595508,0.0821279735365,-0.0770571639562,-0.935248445641
1495802636779249092,-0.074994649253,0.00863783500264,0.725113166324,-0.237258316454,0.0325029850029,0.108970556959,0.396820972636,-0.209491930496,-0.925627663366
1495802636830071828,-0.0786449091665,0.00932314659004,0.724524579731,-0.298053419208,0.040683482375,0.093529648664,0.498502431758,-0.262217801266,-0.921960491244
1495802636880240360,-0.0257037883557,-0.00093786854228,0.785788879567,-0.28605716991,0.0344065457149,0.0315438175392,0.478438379271,-0.221760976196,-0.907239031374
1495802636930816202,-0.0254740743842,-0.00114541170432,0.78464671679,-0.282232320595,0.0319293898674,0.00830171464822,0.472041214999,-0.205794929983,-0.901719097564
1495802636979426643,0.0173153765347,-0.0115625300752,0.641676284981,-0.0531533926771,0.033846562582,-0.0482571754667,0.0889004916507,-0.218151709307,-0.88828652086
1495802637028321967,0.0217565423621,-0.0114966543595,0.64049113295,0.0208132041466,0.0346331993639,-0.0692363812084,-0.0348106487332,-0.223221830037,-0.883304018733
1495802637078322599,0.00927214897755,-0.0125461137276,0.390017367828,0.24505438976,0.013729121214,-0.114887800787,-0.409860116799,-0.0884884913455,-0.872461935484
1495802637129132064,0.0136225900734,-0.0132433699516,0.388963655763,0.317511042372,0.00540603448924,-0.131666259755,-0.531045834514,-0.0348435874852,-0.868477098854
1495802637179287047,-0.0410513216383,-0.0125648793756,0.282578093386,0.341379153239,0.0101418922812,-0.156820602811,-0.570965897636,-0.0653676760051,-0.862503013404
1495802637229295710,-0.0405852559749,-0.0124069955201,0.282020228719,0.349142517607,0.0120265261822,-0.166101948285,-0.583950335212,-0.0775147324727,-0.86029872006
1495802637278435198,-0.0848390090708,-0.0195620414951,0.413755052546,0.156422235369,-0.00479633877223,-0.196757953323,-0.261620433411,0.0309139074032,-0.853018005423
1495802637329121810,-0.0885748224529,-0.0201220112524,0.547058982477,0.0942032817673,-0.0114804783884,-0.208215463579,-0.157557545105,0.0739952832147,-0.850296879089
1495802637394942334,-0.107889274221,-0.0154623022595,0.560438609532,-0.152160664674,0.0134244145309,-0.243726637585,0.254492840779,-0.0865245612244,-0.841863075531
1495802637428646408,-0.112667050941,-0.0146322240747,0.559768658595,-0.231733956929,0.0233328932825,-0.257016946079,0.387581331418,-0.150387813839,-0.83870666479
1495802637478564420,-0.0711501051919,-0.0115506832552,0.682492804669,-0.337644150622,0.0250887347313,-0.307407326934,0.564719004404,-0.161704762566,-0.826739091619
1495802637528746360,-0.0732068474338,-0.0114926661513,0.68161673118,-0.371899910138,0.025781198948,-0.326385227934,0.622012691777,-0.166167911583,-0.822231893717
1495802637580728177,-0.0170965278173,-0.00693923798432,0.628975166126,-0.24467569057,0.0536218014655,-0.369453767292,0.409226732126,-0.345609324949,-0.812003237227
1495802637631141222,-0.0146318482007,-0.00601119258109,0.628113122409,-0.203627645493,0.0646997132132,-0.385493510301,0.340572762833,-0.41700993993,-0.808193843552
1495802637680780077,0.0164759560635,-0.0143130299587,0.444704928382,0.0581721357457,0.0437301449002,-0.429758001667,-0.0972944756241,-0.281854496601,-0.797681151837
1495802637730304952,0.0215524859026,-0.0150111409852,0.443725977477,0.142720919639,0.0353970503688,-0.446094887786,-0.238704611045,-0.228145089289,-0.793801187512
1495802637778995013,0.0136402429583,-0.0146685285734,0.162570759552,0.390576012024,0.0374458461539,-0.476645267075,-0.653248978985,-0.241350220576,-0.786545558692
1495802637828017448,0.0184484790748,-0.0146002348975,0.161783973529,0.470657132428,0.0382610553271,-0.487743399741,-0.787186825984,-0.246604499328,0.115837680255
1495802637879015551,-0.0440226198483,-0.0190558921435,-0.028200957241,0.53581036903,0.00760685104006,-0.452482105723,-0.896157382234,-0.0490285402783,0.107463222489
1495802637928684715,-0.0427552829419,-0.0200778291692,-0.0276627664349,0.556919022952,-0.00459184327454,-0.439082717402,-0.931462178733,0.0295958697958,0.104280905597
1495802637979865386,-0.113148800573,0.0487113774508,0.0713321834874,0.315157588768,0.0163095400216,-0.428600538332,-0.527109619496,-0.105120099718,0.101791417665
1495802638028572628,-0.117834420348,0.0493961189768,0.0716039558373,0.237120157422,0.0244814093106,-0.42479554196,-0.396589897905,-0.157790359787,0.10088774177
1495802638079844094,-0.146274602434,0.0758197680211,0.471486442,-0.20281656781,0.0170630893322,-0.431491456785,0.339216213399,-0.109976961319,0.102478002635
1495802638130345556,-0.154806709075,0.0755674147898,0.471645816775,-0.344917887311,0.0140500466951,-0.434453053017,0.576884526401,-0.0905569567057,-0.796566090398
1495802638179706371,-0.100357762647,0.0737275722716,0.770523061483,-0.613905922814,0.0411332062045,-0.501110567566,1.02677431518,-0.26511641237,-0.780735118905
1495802638229583594,-0.105578550085,0.0746315188134,0.592134760867,-0.700858970653,0.0519236236869,-0.526574969669,1.17220564729,-0.334664036659,-0.774687395307
1495802638278456010,0.00320444161835,0.0614628966971,0.720129465529,-0.57248432604,0.03424272765,-0.55986422488,0.957495570537,-0.220705117398,-0.766781291189
1495802638329285869,0.00568846754631,0.0608754023901,0.269466749167,-0.531115090825,0.0272301912301,-0.572971804227,0.888304402023,-0.17550712121,-0.763668278104
1495802638379249556,0.0614985627869,0.0330119470539,0.248258796645,-0.113867982638,0.0302297677162,-0.581131024564,0.190447290944,-0.194840332257,-0.0124737653252
1495802638428810956,0.0695890028225,0.0331171363479,0.248087406745,0.0208768674674,0.0314861601848,-0.546693993265,-0.0349171273649,-0.202938175692,0.0956358382222
1495802638480520392,0.0390126021369,-0.0231054035067,-0.2382716405,0.426781926241,0.0052821100401,-0.524812437281,-0.713804353015,-0.0340448555508,-0.101094642178
1495802638530097297,0.0468879034125,-0.0239693694618,-0.238202586612,0.557945325398,-0.00502949241698,-0.525651599171,-0.933178697424,0.032416655755,0.124840770583
1495802638580306895,-0.0408582517239,0.0521807969542,-0.329142831046,0.621452739616,0.00786072712936,-0.487444483465,-1.03939657107,-0.0506648512833,0.115766688483
1495802638628888702,-0.0396214150428,0.0525969019338,-0.328477054017,0.642053903926,0.0128256956074,-0.473057435259,-1.07385257743,-0.0826656300185,0.112349805157
1495802638680036270,-0.121056904582,0.0656882624402,-0.248088028095,0.328670817222,0.0121484663508,-0.445610116522,-0.549710860787,-0.0783006750974,0.105831144457
1495802638730049681,-0.127131188979,0.0656632659896,-0.247504974538,0.227505450177,0.0118497312063,-0.435441792232,-0.380509039128,-0.0763752334146,0.103416196149
1495802638778935017,-0.137286523445,0.0677735052708,0.17640755581,-0.181053862397,0.031243404462,-0.434371402078,0.302817498032,-0.201373538936,0.10316198151
1495802638828886759,-0.145211014787,0.0684201734132,0.176732830404,-0.313035729816,0.0389625949546,-0.434457310917,0.523560752818,-0.251126142213,-0.417038895355
1495802638880356713,-0.0763264287497,0.072791945514,0.418351363999,-0.546124275203,0.0239997770336,-0.459687576707,0.91340767019,-0.154686088733,-0.426860369461
1495802638930374458,-0.0808516665304,0.0722919205729,0.418042259409,-0.62149325329,0.0180308844872,-0.470186996368,1.03946433129,-0.116214704571,-0.78807937975
1495802638978517033,0.00493188600006,0.0602323544519,0.296914994265,-0.538583754346,0.0258701408091,-0.484931305294,0.900795944435,-0.166741169767,-0.784577648012
1495802639042312434,0.00653529439924,0.0604961172531,0.296545745308,-0.511880720226,0.0290189908882,-0.490304216374,0.856134395242,-0.187036495931,-0.783301596801
1495802639078543648,0.0521781384506,0.0325593323704,-0.0861364696189,-0.170827544473,0.0185056090392,-0.483638494229,0.285713703796,-0.119274453171,-0.784884686989
1495802639129987688,0.0587911733691,0.0322136855069,-0.0862840552871,-0.0606886161685,0.014380393271,-0.48070790618,0.10150335742,-0.0926861439763,0.114166770399
1495802639179040155,0.0309831350755,-0.029996381293,-0.434672782422,0.335718446177,0.0167460910524,-0.452714188661,-0.561498211463,-0.107933808004,0.107518341531
1495802639230891794,0.0386740421102,-0.0299060410452,-0.262782620956,0.46381071343,0.0178261590622,-0.441653081409,-0.775736004422,-0.11489518501,0.104891359791
1495802639278988133,-0.0340845099066,0.0295364899567,-0.464094191872,0.638170858963,0.00204989962862,-0.463140826744,-1.06735807935,-0.0132122459056,0.109994638635
1495802639328143058,-0.0306982428507,0.028999224109,-0.2902044308,0.694570403491,-0.0043650236885,-0.470742507196,-1.16168784806,0.0281339464386,0.111800016279
1495802639380491960,-0.110606727261,0.0665037415591,-0.471098318225,0.440900480264,0.0385207611494,-0.461662047635,-0.737418017747,-0.24827838479,0.109643432772
1495802639428380871,-0.115522806601,0.0679277141909,-0.471054608829,0.359024939315,0.0555176429199,-0.458060135622,-0.600478953693,-0.357828617614,0.10878798884
1495802639478639008,-0.146184009059,0.075017629201,-0.205851471287,-0.0464300096566,0.0384010716521,-0.472490896839,0.0776554510998,-0.247506948448,0.112215253882
1495802639529342664,-0.154047127331,0.0744452473525,-0.205936950544,-0.177389313404,0.0315683846377,-0.478189552722,0.296688440397,-0.203468138074,0.113568668564
1495802639580136415,-0.113648900657,0.0697942886164,0.163385457002,-0.499224966662,0.0383487162783,-0.487936584232,0.834967303972,-0.247169501647,0.115883561026
1495802639630628937,-0.119894012189,0.0700213623161,0.163464470592,-0.603237815898,0.0410594101085,-0.492003725004,1.00893161687,-0.26464077339,-0.582592482403
1495802639679954762,-0.0233125787672,0.065812922943,0.205951356213,-0.61810196721,0.0111601727043,-0.534880017544,1.0337923133,-0.0719308126405,-0.588223074982
1495802639730060086,-0.0236063516889,0.0648161294703,0.205161388311,-0.622996616339,-0.00073839086821,-0.551747645327,1.04197874679,0.00475916068719,-0.652742621975
1495802639779445346,0.0502596459136,0.0594892309255,-0.265737511877,-0.325257066747,0.0181674096182,-0.548081292545,0.544001270481,-0.117094651851,-0.579816612447
1495802639830566654,0.05603091017,0.0601209856785,-0.266005923229,-0.229138340353,0.0257087805995,-0.542480959064,0.383240092259,-0.165701152618,0.128837696038
1495802639880343376,0.0497990656654,0.0352422130618,-0.747234195834,0.184505787207,0.0152434919565,-0.49739945692,-0.308590935949,-0.0982490856512,0.11813096657
1495802639930606329,0.0578231138805,0.0348976098928,-0.74671747984,0.318146087997,0.0111306521046,-0.479995096082,-0.532107965553,-0.0717405431186,0.113997480014
1495802639978332301,-0.0146510518843,0.0452885792076,-0.835953108941,0.526915677819,0.0417047690469,-0.482705072397,-0.881280769812,-0.268800314117,0.114641091737
1495802640028311910,-0.0105973407553,0.0463067555282,-0.836069129177,0.594431469325,0.0538584116502,-0.483615814185,-0.99420276325,-0.347134351785,0.11485739034
1495802640080715991,-0.0882726300133,0.0649608014005,-0.889258261656,0.460844034719,0.0475199515297,-0.485625302335,-0.770774153772,-0.30628098872,0.115334638101
1495802640130379989,-0.0908595250153,0.0647459019707,-0.889334959549,0.417760915986,0.0449542030819,-0.486315514087,-0.698716468565,-0.289743935418,0.115498561444
1495802640178992177,-0.124891805635,0.0667169406474,-0.790725859099,0.104563197078,0.0671030139681,-0.502005626835,-0.174884784594,-0.432499966912,0.119224918919
1495802640229115659,-0.130965166462,0.0674555573996,-0.63754575504,0.00341229244817,0.0759197944952,-0.507808025325,-0.00570715171732,-0.489326882139,0.120602972177
1495802640281539014,-0.107625316137,0.0640251278349,-0.602274225696,-0.255485400621,0.0440632751601,-0.532090188969,0.427306265524,-0.284001625587,0.126369917479
1495802640329190185,-0.112648621687,0.0629628884327,-0.722150462558,-0.339148792538,0.0313834655561,-0.541344954303,0.56723555884,-0.202276276607,0.128567898115
1495802640380640513,-0.0574541172184,0.0597938438617,-0.598366971723,-0.36715380453,0.0231597456402,-0.557389997578,0.614074701354,-0.149271822989,0.132378550588
1495802640430112448,-0.0580004581168,0.0595200469474,-0.598585023132,-0.376254159604,0.0198915302392,-0.563529964355,0.629295292168,-0.128207149896,0.133836775361
1495802640478632934,-0.0151043559163,0.051302259747,-0.850181159067,-0.207265000776,0.00516086381222,-0.569329805621,0.34665633825,-0.0332633855922,0.135214221285
1495802640530296905,-0.0118287924756,0.0508122895344,-0.850473045776,-0.152711463929,-0.000687665787539,-0.57120945794,0.255414067479,0.0044322216361,0.135660633404
1495802640578527130,-0.0134291764879,0.0476058586182,-1.05059802878,0.0694117964003,0.0191677015102,-0.558740193464,-0.116093113074,-0.123541846763,0.132699218299
1495802640630136485,-0.00912043155778,0.0482689060127,-1.0505032955,0.141173790005,0.0270825540103,-0.55384941126,-0.236116994749,-0.174555553032,0.131537671335
1495802640680072096,-0.0439710002275,0.0544403696922,-1.18030856028,0.281326459347,0.0312217979816,-0.555922591378,-0.47052613748,-0.201234278395,0.132030045759
1495802640730157517,-0.0412504124532,0.054577340462,-1.18044156361,0.326638408489,0.0328566449531,-0.556548766639,-0.546311602028,-0.211771379775,0.604959267611
1495802640778818943,-0.086668627661,0.0566951045641,-1.27607145984,0.309130747001,0.0508252804507,-0.546118502287,-0.517029563092,-0.327584870088,0.56065236572
1495802640828007880,-0.0870056737822,0.0572942260221,-1.27594061514,0.30351813938,0.0579769081831,-0.544201248123,-0.50764232454,-0.373679353401,1.02899372361
1495802640878772783,-0.114431554616,0.0121425142644,-1.33321206501,0.111671009592,0.0256090349218,-0.529223399927,-0.186772793905,-0.165058260447,0.993809344968
1495802640940908267,-0.118151379536,0.0110708664202,-1.33296661453,0.0497180166826,0.0128180443341,-0.525139997591,-0.0831547320758,-0.0826163151629,1.02446673043
1495802640981324372,-0.0950165600069,-0.00375157436233,-1.05119319208,-0.200143472403,-0.0081558839523,-0.529749957741,0.334745388793,0.0525672295611,1.02556158295
1495802641030468681,-0.0998645734689,-0.0044486348506,-1.05107881853,-0.280887378112,-0.0164762620964,-0.531796350877,0.4697917622,0.10619467577,1.02604759554
1495802641078071592,-0.0456059257969,-0.00229452302757,-0.969642087821,-0.343673906074,-0.0358770806283,-0.540508686179,0.574803934023,0.231239034837,0.128369286797
1495802641130140363,-0.046826891337,-0.00294221173151,-0.969750261628,-0.364010087549,-0.0436085687235,-0.588846322202,0.608816749395,0.281070900019,0.139849338867
1495802641179770555,0.00729856938206,0.0227868350401,-1.09587548714,-0.222972680182,0.00189715331646,-0.596874772178,0.372927858308,-0.0122277480261,0.141756073067
1495802641231401143,0.0100313033629,0.0243003797401,-1.31064010979,-0.177460162625,0.0199635708217,-0.599977536758,0.296806937643,-0.12867147404,0.142492970894
1495802641278411451,0.030129461282,0.0615656952092,-1.36682188557,0.0226076057549,0.041136107031,-0.565040257078,-0.0378118341169,-0.265135109106,0.134195465618
1495802641330888309,0.0340091597972,0.0622652656408,-1.53931456394,0.0872234287144,0.0494858399311,-0.5521140477,-0.145883551465,-0.318951755923,1.03087299116
1495802641384052189,0.00973936578494,0.092040880596,-1.62262061855,0.24837608412,0.090671638638,-0.459308709007,-0.415415740754,-0.584407143462,1.00883198527
1495802641428740277,0.0128667061261,0.0934095521107,-1.62090451642,0.300462274603,0.107008602353,-0.424520228462,-0.502531307775,-0.689703997486,1.00056981937
1495802641478924729,0.0138768761204,0.0939543714752,-1.62023754179,0.31728655199,0.113512048762,-0.411517389302,-0.530670368257,-0.731620748911,0.997481681781
1495802641528386954,-0.034315899319,0.100951822565,-1.81377604576,0.305071521569,0.0790509669854,-0.382221559829,-0.510240398404,-0.509508270699,0.990524005001
1495802641577701745,-0.0670248202724,0.0862284955381,-1.92475160856,0.147373610956,0.0526005235801,-0.347053846789,-0.246486363532,-0.33902686873,0.982171772453
1495802641627742885,-0.0700819350223,0.0853486970965,-1.9241584013,0.0964581300807,0.042098808319,-0.333780031557,-0.161328840098,-0.271340020788,0.979019278815
1495802641678024351,-0.072849617482,0.0671482359168,-1.95476735614,-0.052011632335,-0.00552636352383,-0.332606361786,0.0869908664952,0.0356191458455,0.978740535558
1495802641728406806,-0.0757294162333,0.0655625964925,-1.95476690351,-0.0999745036969,-0.02445357579,-0.332132519116,0.167210070394,0.157610964018,0.978627999262
1495802641778720255,-0.0526510784937,0.0555332196071,-1.90532807111,-0.182749205811,-0.00689256130981,-0.331898669644,0.305653005897,0.0444247189828,0.978572460673
1495802641828494321,-0.0542580086989,0.0561209691208,-1.90528804973,-0.209513007382,0.000123648221222,-0.331867936177,0.350416190301,-0.00079695155888,0.978565161561
1495802641882336645,-0.0229370800581,0.046348781768,-1.87929947451,-0.178779723103,0.00557683410817,-0.328074351986,0.29901393835,-0.0359444445879,0.977664196027
1495802641930125264,-0.0223426941377,0.0465325155889,-1.87920819174,-0.168880858643,0.00777032017935,-0.326686012894,0.28245781892,-0.050082150141,0.977334469413
1495802641980159211,-0.00302470217339,0.0566610600127,-1.8496067689,-0.0496929097358,0.0554847463998,-0.306835486772,0.0831127400259,-0.357616589226,0.972620025508
1495802642030062064,-0.000713832814611,0.058251157888,-1.84920560977,-0.011205854154,0.0744653970607,-0.299448802351,0.0187420951605,-0.47995283461,0.970865708815
1495802642078580803,-0.00122962373541,0.06542840012,-1.91530397509,0.108395317994,0.0598455130418,-0.281218578319,-0.181294110817,-0.385723097665,0.966536082082
1495802642129055866,0.00109037918538,0.0649393023308,-1.91500263099,0.147034877436,0.054006981605,-0.27432787648,-0.245919822527,-0.348091931732,0.964899559852
1495802642179260644,-0.0312351927869,0.0654211226475,-1.94159941526,0.176051545653,0.0638767061833,-0.248196898924,-0.294450987531,-0.411705401547,0.958693526465
1495802642229191786,-0.0306705173219,0.0657503301483,-1.99154153755,0.185456818493,0.0678064277736,-0.238455844155,-0.310181561582,-0.437033689462,0.956380053462
1495802642279909829,-0.0304881095777,0.0658813819461,-1.99176263975,0.188494800716,0.069370778087,-0.234757557489,-0.315262669292,-0.447116417775,0.955501720822
1495802642329531082,-0.0664669602238,0.0516408613409,-2.00214273463,0.0957318849645,0.0328968376649,-0.246787955682,-0.160114175434,-0.212030434406,0.958358906424
1495802642384286228,-0.0572977202395,0.0506083177774,-2.05933764717,-0.0377382795762,0.0205970613796,-0.264203811404,0.0631182966769,-0.132754519333,0.962495122983
1495802642428873322,-0.0598872359069,0.0501981344575,-2.05971205402,-0.0808667301655,0.0157007500862,-0.270648716942,0.135251800644,-0.101196257682,0.96402576985
1495802642478900144,-0.0268494941574,0.0513263772597,-2.09766113591,-0.121169509303,0.00351283409788,-0.270956769058,0.202659292429,-0.0226413173009,0.964098931358
1495802642530377084,-0.027633133058,0.0509195297436,-2.09769431622,-0.134221622614,-0.00134371623743,-0.271028415197,0.22448930613,0.00866067250723,0.964115947114
1495802642580087387,-0.010928554442,0.0415401027139,-2.06736073781,-0.0716337552058,0.00572495638387,-0.258155214034,0.119809399473,-0.0368991391023,0.961058598186
1495802642629042284,-0.0097154426301,0.0417776639847,-2.06709257605,-0.0514297539237,0.00856096760753,-0.253377668201,0.0860176590621,-0.0551781207436,0.95992394454
1495802642679266057,-0.0182815843363,0.0271521093439,-2.0365202633,0.0358540797992,0.00697497428711,-0.255845409492,-0.0599669214193,-0.0449558964643,0.960510026129
1495802642727782003,-0.0165880059213,0.0271018764904,-2.03654550669,0.0640607220622,0.00637574218124,-0.256802966548,-0.107143296034,-0.0410936576371,0.960737443226
1495802642778480559,-0.0305589370145,0.0184443959841,-2.01039176545,0.0415760789704,0.0326975666877,-0.245337847637,-0.0695371203082,-0.210746070471,0.958014509857
1495802642828139109,-0.0309942972387,0.0193241916482,-2.01015355518,0.0343254440901,0.0431998804539,-0.241081885779,-0.0574102367139,-0.278436775967,0.957003730933
1495802642880103750,-0.0211039144959,0.0349845722246,-2.04376991749,-0.0285817281832,0.0283943894685,-0.231489123928,0.0478037159952,-0.183010743921,0.95472547708
1495802642928421068,-0.0223247192074,0.0344877258272,-2.04361051255,-0.0489143703228,0.0224631340753,-0.227864565203,0.0818106117309,-0.144781943012,0.953864654617
1495802642979524421,-0.00473477841582,0.0352812383458,-2.12814710254,-0.0244007682125,0.0274196684581,-0.216958023649,0.0408109469875,-0.176728361359,0.951274381793
1495802643028674456,-0.00426026529096,0.0354464638111,-2.12799916739,-0.0164981136547,0.0293919357065,-0.212783957247,0.0275935427889,-0.189440242231,0.950283052808
1495802643079097209,-0.00548915001309,0.0284164027246,-2.11783050021,0.0254008988255,0.0187004441782,-0.20906799344,-0.0424836925777,-0.120530226737,0.949400521897
1495802643129344522,-0.00467634110495,0.0280609786673,-2.11775207727,0.0389382202729,0.0144579536823,-0.207690532083,-0.0651252300544,-0.0931860451484,0.949073378714
1495802643180180736,-0.0170884365785,0.0354053017673,-2.0905576503,0.0593484691111,0.0252219694552,-0.193207295606,-0.0992619250994,-0.16256350214,0.945633650945
1495802643228620066,-0.0166918273824,0.0357630878993,-2.09026093462,0.065954219107,0.0294926474361,-0.187824278907,-0.110310221225,-0.190089360909,0.944355199678
1495802643279118106,-0.0148143515684,0.0275819699046,-2.15555317123,0.0344369589468,0.00776480315637,-0.180526889005,-0.0575967483379,-0.0500465911979,0.942622090181
1495802643330455779,-0.0154258161195,0.0268585374332,-2.12227595215,0.0242530065736,-0.000870555544864,-0.177686003219,-0.0405638116366,0.00561100347188,0.941947387829
1495802643380579402,-0.0225604070508,0.011390398885,-2.13300972684,0.0106021957629,0.0246762228185,-0.165417574316,-0.0177324601202,-0.159045993934,0.939033670605
1495802643428613583,-0.0228247976308,0.0122455849293,-2.13278266569,0.00619892037048,0.0348849566975,-0.160819020723,-0.0103678625368,-0.224844484997,0.937941527111
1495802643478774433,-0.0114566998582,0.0218822656466,-2.12321175079,-0.0299005152847,0.0282401259964,-0.149976546823,0.0500094232097,-0.18201646747,0.935366470175
1495802643530136270,-0.0121575825316,0.0216587983548,-2.12299737892,-0.0415739067794,0.0255723469929,-0.145934331835,0.0695334872599,-0.164821795241,0.934406455529
1495802643580463130,0.00819474912177,0.0301388855999,-2.16501957502,-0.0360055955606,0.0467195749949,-0.120885736061,0.0602203356419,-0.301122310975,0.928457484759
1495802643630036333,0.00830161364943,0.0308428914127,-2.16457043837,-0.0342261662577,0.0551230305003,-0.11147376094,0.0572441918452,-0.355285216828,0.926222167243
1495802643680485975,-0.00923874754716,0.0157304544472,-2.18251396456,0.0165518700629,0.0313669747093,-0.107440587609,-0.0276834518405,-0.202169987928,0.925264299965
1495802643728002283,-0.00825278754654,0.0149406235755,-2.18244968375,0.032973331994,0.0219392086521,-0.105912312635,-0.0551487925416,-0.14140507937,0.924901338974
1495802643779393597,-0.00793430642926,0.0146262181807,-2.18242039122,0.0382776022554,0.0181861874335,-0.10534107881,-0.0640203284932,-0.117215680759,0.924765672554
1495802643830036837,-0.010619322295,0.0349903322291,-2.18040078551,0.0462010503342,0.0342946932779,-0.100300840961,-0.0772725104198,-0.221040052165,0.923568630296
1495802643881489887,-0.00187596915989,0.031811569693,-2.26861579159,0.0259913966126,0.0233435615748,-0.0904796139026,-0.0434713161507,-0.150456574328,0.921236116601
1495802643929244424,-0.00226848048847,0.0314467765352,-2.26849127066,0.0194539675989,0.0189891285147,-0.086707047708,-0.0325372887222,-0.12239088781,0.920340142781
1495802643980394085,-0.00239526869447,0.0313015610884,-2.26841898623,0.0173423230644,0.0172557083438,-0.085296910591,-0.0290055059355,-0.11121845125,0.920005239198
1495802644028883282,-0.00130568474612,0.0394553809746,-2.2450397901,0.0394415805463,0.0338971236124,-0.0729500264489,-0.065967113771,-0.218477591003,0.917072889077
1495802644078991262,-0.0173725396746,0.0318489210327,-2.26541954006,0.0512238475589,0.0224438919449,-0.0774977305569,-0.0856732750794,-0.144657921448,0.918152955961
1495802644130528680,-0.0171430864666,0.0314681878161,-2.26552122156,0.0550456926232,0.0178993027646,-0.0791744095322,-0.092065414661,-0.115366619108,0.918551162484
1495802644180266359,-0.0170689648382,0.0313166308783,-2.26555338097,0.0562801807231,0.0160901849413,-0.0798010776122,-0.0941301295078,-0.103706287441,0.918699994383
1495802644228881619,-0.0161223389373,0.0196178437889,-2.26992671133,0.00749517360311,0.0470445502544,-0.0757519352992,-0.0125358812442,-0.303216878426,0.917738334517
1495802644278872334,-0.0170687035976,0.0206527584986,-2.22943585514,-0.00826650770905,0.0593985950108,-0.0741868760583,0.0138259584677,-0.382842570812,0.917366637366
1495802644330484416,0.00181452158513,0.0260204197573,-2.25346050434,-0.0283535349504,0.0394549275616,-0.0624188819883,0.0474220566209,-0.254299380249,0.914571772003
1495802644378691245,0.00142381733002,0.0253540298835,-2.25325257599,-0.0348610639464,0.0315001176544,-0.0579921645063,0.0583060754584,-0.20302813596,0.9135204391
1495802644429129921,-0.00765573246075,0.0317084748641,-2.24828183271,-0.0178155068711,0.0254219378869,-0.0600843105067,0.0297969186929,-0.163852361388,0.914017317868
1495802644478058558,-0.00732457801291,0.0315045154767,-2.24831829579,-0.0122999675602,0.0229871125047,-0.0608721064996,0.0205720295229,-0.148159148297,0.914204417192
1495802644530601342,-0.00437351917887,0.0243576260208,-2.30803297993,-0.0193171384213,0.0122482469837,-0.0676676318477,0.0323084382096,-0.0789437925649,0.915818335274
1495802644580010628,-0.00450980169478,0.0240006427948,-2.30820595917,-0.0215869751466,0.00798714791939,-0.0701395023414,0.0361048017281,-0.0514796729175,0.916405397537
1495802644629025033,-0.0086529537384,0.0379418922722,-2.30425314775,-0.0352674063291,0.00997982312694,-0.0635540979247,0.0589856941202,-0.0643230894851,0.914841382582
1495802644678997031,-0.0089180875093,0.0380058192733,-2.30412428203,-0.0396831175684,0.0107425401227,-0.0610968407343,0.0663710909949,-0.0692390396925,0.914257790938
1495802644727768876,0.00217537285486,0.0243232906785,-2.39412706667,-0.0214248612642,0.00833344920475,-0.0629619656034,0.0358336618607,-0.0537116932934,0.914700752828
1495802644780099899,0.00252891358698,0.0242454228286,-2.39422747072,-0.0155368707025,0.00740431395596,-0.0635560011239,0.0259858378666,-0.0477231252605,0.914841834587
1495802644830859846,0.00474112052721,0.0285999179055,-2.33367086037,0.0272679213456,0.0253328157431,-0.0604921752039,-0.0456063384072,-0.163277941225,0.914114184582
1495802644880317672,0.00557130539693,0.0291972900728,-2.33356868863,0.0410945719329,0.0324635018454,-0.0594162729088,-0.0687317867216,-0.209237449165,0.913858660824
1495802644930410636,0.0074502139236,0.028058709684,-2.34165279715,0.0776616894278,0.0182296365237,-0.0617037192886,-0.129891283036,-0.11749572377,0.914401922881
1495802644980048583,0.00815942176196,0.0275840163994,-2.34170238402,0.0894734791971,0.0125632756492,-0.0625495550955,-0.149646821956,-0.0809742510993,0.914602806497
1495802645030070934,-0.0107207698282,0.0181493063088,-2.32548474258,0.106213804578,0.0266249768095,-0.0644552109248,-0.17764547043,-0.171606324488,0.915055394375
1495802645080107672,-0.0103949836763,0.0186201948137,-2.32550955037,0.111640125282,0.0322462058555,-0.065186187626,-0.186721139059,-0.207836908372,0.915228999278
1495802645130417981,-0.0169837881767,0.021217398909,-2.34948069036,0.0460811589393,0.0208337250412,-0.0579822416145,-0.0770719888085,-0.134279890845,0.913518082441
1495802645180152099,-0.018255102357,0.0208361537634,-2.34936006488,0.0249076034551,0.0162827493245,-0.0552617411519,-0.0416586426843,-0.104947425274,0.912871971263
1495802645227972007,-0.0160254685689,0.0152336210341,-2.38336214816,-0.0544117324606,0.0300653280601,-0.0333781302262,0.0910050990856,-0.193780467109,0.907674675458
1495802645278801238,-0.0175641977759,0.0156944939352,-2.36031340799,-0.0800392448576,0.0355668977787,-0.0251325078416,0.133867809011,-0.229239809106,0.905716363424
1495802645329665038,0.000590173375179,0.0182321269986,-2.40538775102,-0.115739125637,0.0158158042912,-0.00926330664534,0.193576828385,-0.101937818112,0.901947472948
1495802645383777853,-0.000103341440595,0.0175726812911,-2.40511647323,-0.127289937432,0.00794396303115,-0.00327931999484,0.212895874561,-0.0512013327711,0.900526293015
1495802645429353900,0.00911893737984,0.0251237535755,-2.38283329775,-0.0828627208564,0.0167762308238,0.00863161516692,0.138590149239,-0.108128068281,0.897697479545
1495802645477843446,0.00998019820908,0.0254170504791,-2.38258933889,-0.0685186374877,0.0202770983042,0.0130586722184,0.114599280556,-0.13069225698,0.896646065996
1495802645530307732,0.024193660727,0.011112315285,-2.37516766375,0.0127524672714,0.0126163662569,0.0157938514685,-0.0213288475691,-0.0813164367142,0.895996468647
1495802645578560516,0.0257693226387,0.0108593445361,-2.37510998498,0.0389947732888,0.00959705266621,0.0168078205846,-0.0652198165081,-0.0618560138381,0.895755653845
1495802645628920831,0.0228526518904,0.0156667612812,-2.27365337546,0.116844201338,0.0369362980179,0.03552878862,-0.195425097483,-0.238066023058,0.891309476797
1495802645679010089,0.0243629071636,0.0165780326964,-2.273222169,0.141997494913,0.0478139725893,0.042410828525,-0.23749466356,-0.308176046647,0.868590223762
1495802645729690277,0.00540189465299,0.0152562943803,-2.27593133793,0.160975986127,0.0275117204629,0.0449976085284,-0.269236705125,-0.177321665396,0.852162279823
1495802645778941302,0.00577110037168,0.0145791675666,-2.27588378307,0.167125459427,0.0194289249257,0.0451770385067,-0.279521866095,-0.125225513588,0.846848468713
1495802645830594521,-0.0137593821496,0.0121214533832,-2.29821006697,0.106964994556,0.034738968248,0.0562118660834,-0.178901856054,-0.223903543661,0.86531251631
1495802645880219687,-0.0149252489196,0.012632712161,-2.29801494797,0.08754791225,0.0408419068703,0.0614167996327,-0.146426258984,-0.263238896817,0.885161147278
1495802645929499276,-0.02091763882,0.018672580686,-2.3510623219,-0.021240496439,0.0262148970249,0.0664997571238,0.0355253066875,-0.168963231685,0.883953959226
1495802645980694402,-0.0230275333819,0.0181834537655,-2.35100319104,-0.0563805838895,0.020376048576,0.0684607169507,0.0942980565282,-0.13133002251,0.883488236804
1495802646030658298,-0.00687790592141,0.0293823944703,-2.42147633719,-0.130360701309,0.0363656118025,0.0868023530446,0.218031810475,-0.234387771446,0.879132150021
1495802646080146575,-0.00831385185564,0.0299138200185,-2.42117600647,-0.154276632741,0.042708911273,0.0937397195223,0.258031854791,-0.27527232564,0.877484545071
1495802646130522536,0.0199776901696,0.0156375256803,-2.4402185125,-0.128321474202,0.028864092495,0.104887487159,0.214621147801,-0.186038127214,0.874836981734
1495802646180076045,0.0204795627584,0.0151782223506,-2.44001887117,-0.119963356552,0.0233817957273,0.109076636038,0.200641969222,-0.15070300543,0.873842070703
1495802646229187875,0.0321858748799,0.026652233763,-2.31294310058,-0.0219896736031,0.0482924366727,0.132766058165,0.0367783258245,-0.311259897699,0.868215899837
1495802646278500290,0.0340856677917,0.0274812538508,-2.31440713767,0.00965106899907,0.0581881008736,0.141473751734,-0.0161416747974,-0.375040556516,0.692198346291
1495802646330751906,0.0261197906531,0.0197837511502,-2.28671423948,0.11564369047,0.0411386026972,0.137136787937,-0.193417210479,-0.265151194457,0.661601180963
1495802646382546693,0.0281762405229,0.0192163194444,-2.28677732412,0.14989392965,0.0343654048045,0.133902410979,-0.25070166494,-0.221495810127,0.509504623437
1495802646429788245,0.00881750779806,0.018444137665,-2.24512700415,0.163008790192,0.0233770516153,0.138499194537,-0.272636625087,-0.150672428141,0.534768885308
1495802646480516554,0.00907299566464,0.0180776612268,-2.24500909,0.167264305244,0.0190024602995,0.141487631586,-0.279754089492,-0.122476815344,0.301581014118
1495802646529491566,-0.00801864182677,0.0270867833034,-2.25935528748,0.0940688569785,0.00411347186672,0.148653767633,-0.157332715998,-0.0265126160666,0.30671956535
1495802646580055396,-0.00943749326644,0.0265883710471,-2.25922846529,0.070438278503,-0.0018362954201,0.151691122479,-0.117809932246,0.0118354998005,0.35388162031
1495802646628682111,-0.00475931853275,0.0333443576081,-2.31668792682,-0.0314170933732,0.000687596937373,0.16855576453,0.0525459412174,-0.00443177787519,0.35671680375
1495802646680902090,-0.00673533042621,0.0334273261834,-2.31640650429,-0.0643275777155,0.00167780643645,0.175268096829,0.107589619356,-0.0108139886026,0.605104329793
1495802646730719460,0.00841324791937,0.0299551101366,-2.35734452826,-0.0909925389495,0.000844978807378,0.191837121536,0.152187490614,-0.00544615337853,0.590626839215
1495802646779986201,0.0078951581555,0.0299279603462,-2.35705688408,-0.0996215956944,0.000520986829926,0.197550857472,0.166619822183,-0.00335792348778,0.742134555984
1495802646828292553,0.0219017665768,0.0277651598158,-2.32865040827,-0.0816859480345,0.023065174234,0.215938916771,0.13662196476,-0.148662280621,0.737767443821
1495802646880675049,0.0222488852665,0.0285177262321,-2.32827809526,-0.0759049728302,0.032048582933,0.222780264499,0.126953126856,-0.206563166666,0.483125187183
1495802646930779046,0.0277481818939,0.0220832666124,-2.25985141356,-0.0393443926321,0.0300012707941,0.2202694579,0.0658045643472,-0.193367597943,0.483721496661
1495802646980405539,0.0284570588434,0.0220161398004,-2.259850264,-0.0275381840379,0.0292001549993,0.219252399076,0.046058360094,-0.188204155435,0.494505439254
1495802647031143837,0.0278293164409,0.0258708489548,-2.21388979585,0.0207995415429,0.0354737632073,0.225884633521,-0.0347877976577,-0.228639527588,0.165248663216
1495802647079233263,0.0287669869442,0.0260794561065,-2.21372983068,0.0364164158572,0.0379637929247,0.211927150065,-0.060907443736,-0.24468854993,-0.0503320997467
1495802647127754866,0.0212328230068,0.0260213708221,-2.21163378716,0.0823542017402,0.0338338908437,0.190406771892,-0.137739637217,-0.21807003598,-0.0041781408438
1495802647178359134,0.0221243297916,0.025883590425,-2.21204411164,0.0972023552812,0.0321892142283,0.184411657849,-0.162573576942,-0.207469579463,0.120374471367
1495802647228470952,0.0135836976542,0.0368582451368,-2.20712125867,0.126841156306,0.0447267710679,0.181364612115,-0.21214527595,-0.28827806477,0.189503019211
1495802647280409192,0.0141591002371,0.0372745382481,-2.25605411915,0.136424627408,0.0496957460595,0.183584066988,-0.22817389143,-0.320304666742,0.209497369871
1495802647331005223,0.00872897788416,0.0356133649607,-2.24295528447,0.0965429455585,0.0228956070069,0.174253968617,-0.161470696287,-0.14756936667,0.531548424418
1495802647380438045,0.00795567568531,0.0347195033362,-2.24312441486,0.0836637358497,0.0122256672962,0.186742884102,-0.139929868552,-0.0787982593988,0.61292149421
1495802647428501420,0.0116484792327,0.0316539278308,-2.20373129161,0.0256631849064,0.0208961360679,0.202642243237,-0.0429223731655,-0.134682149482,0.577518259325
1495802647479316678,0.0105232004803,0.0319437737323,-2.20339870506,0.00692164376499,0.0243560959184,0.206959296293,-0.0115766370263,-0.156982675679,0.3544365617
1495802647528990383,0.0109347588294,0.0274225518041,-2.1542162915,-0.0467627302132,0.00889760634075,0.2012785766,0.0782119352595,-0.057347862941,0.383147669822
1495802647579024539,0.00989338844807,0.026907620302,-2.15428964051,-0.0641067173657,0.00275101512464,0.200466687394,0.107220224428,-0.0177311551303,0.226009260119
1495802647627930688,0.02473669652,0.0177661521374,-2.15507686219,-0.0945456125285,0.0200361120674,0.216953988032,0.158130102593,-0.129139025116,0.269976990931
1495802647678671501,0.0241454187619,0.0183445330119,-2.15476191375,-0.104393606266,0.0269404646018,0.22551242816,0.17460113936,-0.173639742239,0.288465850492
1495802647728628692,0.0303161514895,0.0210314530885,-2.11999496457,-0.105497564231,0.0187212123841,0.259795829535,0.176447539013,-0.120664084336,0.287164127775
1495802647778596636,0.0302943895277,0.0207567311379,-2.11931389217,-0.105860128486,0.0154417966613,0.272913986569,0.177053937568,-0.0995272216571,0.0172695584874
1495802647828784791,0.0457561672473,0.0285178965676,-2.09687617846,-0.0723097697547,0.0307354755916,0.297738530998,0.12094005215,-0.198099778092,-0.00914766564587
1495802647880938003,0.0464060915869,0.0290267350188,-2.09638498312,-0.0614856076291,0.0368092468123,0.305966768733,0.102836347265,-0.237247138198,-0.0726662436518
1495802647931183151,0.039955979777,0.0285473409812,-2.05478519091,0.000508142890108,0.0245946709574,0.31619634137,-0.000849882772938,-0.158520366616,-0.0750957382689
1495802647988156175,0.041158872385,0.0281398988508,-2.05455951944,0.0205423929694,0.01973106617,0.319972714977,-0.0343577096905,-0.127172908652,0.00609324336475
1495802648028927563,0.0331157787428,0.0296078852886,-2.06110650239,0.0518567337587,0.0404764983046,0.324408772981,-0.0867317944229,-0.260883724027,-0.0770461675881
1495802648078382384,0.0337236547037,0.0302997716425,-2.06102631761,0.0619810379303,0.0487354738342,0.321970296377,-0.103664967888,-0.314115411131,-0.0696265479714
1495802648127849777,0.0301204723458,0.026345693529,-2.01798840515,0.0569639038125,0.0376267727353,0.309121011718,-0.0952736749288,-0.242516349128,0.0291919571737
1495802648178645901,0.0300233551739,0.0259757853958,-2.01820335553,0.0553464913691,0.0332113033974,0.309056622369,-0.0925685087263,-0.21405726466,-0.0186761686975
1495802648229781037,0.0366579739877,0.0307374353557,-2.00922766889,0.0532772402721,0.0573124297718,0.300752418373,-0.0891076301142,-0.369396581676,0.0653819160062
1495802648278472495,0.0366174615215,0.0315406777813,-2.01419847906,0.052602378169,0.0669005685614,0.301736571699,-0.0879789049333,-0.431195142784,0.263522343318
1495802648329473323,0.0406682146381,0.0334744789309,-1.97465261415,0.0658493447229,0.0412153117054,0.30564167698,-0.110134815971,-0.265645608069,0.358361728159
1495802648379037167,0.0409249454507,0.0326171551172,-1.97454944961,0.0701251068445,0.0309814250191,0.311844502819,-0.117286144149,-0.199684999276,0.315845644685
1495802648430086465,0.0338389595547,0.0316870388289,-1.93671714362,0.0652865470832,0.018615340609,0.315370553704,-0.109193521647,-0.119981707547,0.273965287705
1495802648477585173,0.0337455026194,0.0312746244016,-1.93662246502,0.0637301632906,0.0136923939227,0.314593155916,-0.106590427519,-0.0882517724365,0.082616244846
1495802648527779545,0.0240318926992,0.0266264813942,-1.91530663125,0.0104093890572,-0.00266435329546,0.324047928399,-0.0174099856728,0.0171725924662,0.0735302747689
1495802648578012261,0.0229981460299,0.0260816034869,-1.91511037104,-0.00680742907001,-0.00916840992708,0.327215894936,0.0113856098496,0.0590932769724,-0.0708723628177
1495802648628087206,0.0185720714379,0.023196930272,-1.88330870967,-0.0843374214997,0.00579364120084,0.342695711372,0.141056626083,-0.0373418342856,-0.0813892638212
1495802648678270471,0.0170684263544,0.0236966568667,-1.88298961005,-0.1093804802,0.0117589322255,0.348103967706,0.182941821341,-0.0757900055109,-0.0826737094298
1495802648730436391,0.0279559640456,0.0271318320898,-1.86341256997,-0.153182284589,0.0121899864647,0.360332589068,0.256201527809,-0.0785682852511,-0.0855779724749
1495802648780885894,0.0271057011128,0.0271455838097,-1.86316447731,-0.167343588592,0.0123540472996,0.364881507979,0.279886693044,-0.0796257087775,-0.086658327872
1495802648828991034,0.0467897772745,0.0388938878967,-1.85449321907,-0.123231772892,0.0324409770822,0.374096236261,0.206108484243,-0.209092270003,-0.0888467998204
1495802648879768513,0.0476443303577,0.0395619182089,-1.85431064392,-0.108999609706,0.0404149064184,0.377530990623,0.182304805104,-0.260486745007,-0.0896625442831
1495802648930339885,0.0685710108578,0.0600339826752,-1.85301928345,0.0115894892604,0.027296094089,0.379352217779,-0.0193837352865,-0.175931885801,-0.0900950805903
1495802648980306713,0.0709089684616,0.0595925284758,-1.85298350248,0.0505276671959,0.02202592279,0.380031557539,-0.0845088945303,-0.14196397918,-0.0902564218651
1495802649028209453,0.0601795288327,0.0839419495123,-1.85513436399,0.172335690148,0.0307116579236,0.373850427121,-0.288236118364,-0.197946265753,-0.0887884208436
1495802649078778174,0.0625429150713,0.0842272763213,-1.85525419761,0.211697995039,0.0341169329276,0.371542231622,-0.35407064145,-0.219894330966,-0.0882402309301
1495802649130685825,0.0327423739456,0.0894127683944,-1.89303744067,0.232149069382,0.0249982545669,0.349194336609,-0.388275618261,-0.161121589534,-0.0829326689656
1495802649180312317,0.0331407552437,0.0891075794859,-1.89349227417,0.238784670997,0.021355088685,0.340883454114,-0.399373842028,-0.137640243016,-0.0809588578395
1495802649230591335,0.00110366253116,0.0814613641588,-1.89321834169,0.136315122915,0.0372013940048,0.328128806063,-0.227990742193,-0.239774649822,-0.0574082000156
1495802649280384747,-0.000882193259501,0.0819914665835,-1.90226765012,0.103241401162,0.0435294085354,0.324376454454,-0.172674045056,-0.280560687784,-0.00179312063525
1495802649332686510,-0.00529974375725,0.0809721331332,-1.88473054813,-0.0446445676876,0.0297078847986,0.311267238731,0.0746692509558,-0.191476633203,0.186013465414
1495802649380785434,-0.00816812532056,0.0805111754407,-1.88496880771,-0.0924172542638,0.0242054818256,0.315581236624,0.154570365639,-0.156011920621,0.314958180958
1495802649428705215,0.0105024953245,0.072837294433,-1.88721027052,-0.178241148685,0.0458956532421,0.327442328817,0.29811315802,-0.295811876916,0.27793876351
1495802649479104573,0.00883666661653,0.0735623780927,-1.88698489857,-0.20598581679,0.0545511504446,0.330168750578,0.34451686832,-0.351599270541,0.3251746642
1495802649531281247,0.0388796930048,0.0429251040862,-1.85321724108,-0.212847344365,0.034762580444,0.337372875448,0.355992959387,-0.224055731669,0.330304193193
1495802649580258844,0.0387449024199,0.042270492926,-1.85305509831,-0.215092858627,0.0269493452089,0.340369265323,0.359748642926,-0.173696980537,0.407757358534
1495802649628536073,0.0607847385428,0.0366889928465,-1.70631011843,-0.126229199968,0.0421159025532,0.35950297857,0.211121762368,-0.271450198487,0.188238590017
1495802649681224478,0.0625072364882,0.0371960372865,-1.70583845125,-0.0975414979197,0.0481686192142,0.355738658192,0.163140802208,-0.310461855353,-0.0844869268632
1495802649729993879,0.0652407383534,0.0324752832623,-1.66597824913,0.0194154317261,0.0247192217831,0.343375999481,-0.0324728364293,-0.159323135744,-0.0815508303263
1495802649779043832,0.0675092661943,0.0316937777775,-1.6661861718,0.0571976128776,0.0153905547395,0.338708824787,-0.0956645596822,-0.0991969514029,-0.0804423895147
1495802649829448006,0.0508008043066,0.0525198257809,-1.61427645166,0.13203056421,0.0300124805071,0.337024020062,-0.220824701491,-0.193439848059,-0.0800422531495
1495802649879161449,0.0522533246602,0.0530038553438,-1.61427137066,0.15622255273,0.0357897562208,0.336334679397,-0.261286458777,-0.230676201648,-0.079878536688
1495802649929536710,0.0300960300965,0.0856598933848,-1.65405361315,0.186277610631,0.027432178916,0.323702261137,-0.311554358706,-0.176808995184,-0.07687837302
1495802649980505343,0.0306802746279,0.0853750594038,-1.65432396062,0.19600860817,0.0240312467069,0.319025559597,-0.327829716156,-0.154888920646,-0.0757676696092
1495802650030052008,0.00363434818723,0.0860471275813,-1.74273033658,0.12405440978,0.0541356255732,0.313959977089,-0.207484366762,-0.348921082446,-0.0745646080668
1495802650078553846,0.00224013511966,0.0870514140826,-1.74289083939,0.100834375451,0.0661237286176,0.312167699808,-0.168648229236,-0.426188165748,0.178959120142
1495802650129290675,-0.0112909849336,0.0822878313105,-1.74484113953,-0.0335230207949,0.0482065991483,0.304852908325,0.0560681619777,-0.310706647938,0.221739292317
1495802650180076111,-0.013896431135,0.0816909136066,-1.74498252361,-0.076916353358,0.0410813490064,0.304172838414,0.128644688234,-0.264782176467,0.351870084863
1495802650231481182,0.0041780910552,0.0673004235484,-1.72593839621,-0.173751932026,0.057965297723,0.310439103502,0.290604821338,-0.373604520345,0.377967308476
1495802650279204080,0.00229869587337,0.0678663831892,-1.72580478722,-0.205053529057,0.0647215203772,0.314139027272,0.342957591788,-0.41715049394,0.456156541986
1495802650329722098,0.0318591078387,0.0464094518073,-1.65140743205,-0.2244545008,0.0300541460948,0.322776949576,0.375406243503,-0.193708395837,0.326930196067
1495802650380652109,0.0314811095306,0.0452567367721,-1.65118863844,-0.230750619928,0.0162948200804,0.319561976301,0.385936673599,-0.105025225081,-0.0690545787533
1495802650430341666,0.0666533064926,0.0315213148377,-1.52841212986,-0.14784227274,0.0124950043913,0.315816929615,0.247270213083,-0.0805342214344,-0.0271222108886
1495802650479882392,0.0682595455099,0.0313970562121,-1.5283955225,-0.121091112935,0.0110121060424,0.316328311218,0.202528172376,-0.0709764765742,-0.0751270807352
1495802650530281469,0.0763268132056,0.0472367675741,-1.44493977522,0.0397704847494,-0.00539316489433,0.328158258633,-0.066517214976,0.0347606389104,-0.0779366598434
1495802650580086336,0.0794466848916,0.0466865128391,-1.44465338347,0.09173165776,-0.011961957972,0.332484901488,-0.153423686882,0.0770985701113,-0.0789642253048
1495802650631126768,0.0347535817692,0.0737246260924,-1.47402890251,0.220819833193,0.0191346552212,0.314234446362,-0.369327163298,-0.123328853067,-0.0746297937442
1495802650680020346,0.0372600999108,0.0747571816944,-1.47439927895,0.262566652702,0.0314594928954,0.307445649607,-0.439149851791,-0.202766296649,-0.0730174736835
1495802650727663137,0.00573256836318,0.0844853277415,-1.56270023567,0.224764674546,0.0312656081628,0.269427972751,-0.375925017509,-0.20151664875,-0.0639883827764
1495802650781007836,0.00500107850204,0.0844770745933,-1.56349126086,0.212582353824,0.0311668279005,0.255317255031,-0.355549755516,-0.200879978985,0.048810685776
1495802650828436842,-0.019541236272,0.0896317719894,-1.58715231359,0.0589992195141,0.0535730167387,0.250128306823,-0.098677795671,-0.345294892087,0.0910859761751
1495802650878704757,-0.022518994652,0.0903783920169,-1.58726862571,0.00940525715436,0.0624852459801,0.250267823469,-0.0157305478166,-0.402737004209,0.378353350324
1495802650929149441,-0.00795194507177,0.079513786265,-1.60169976503,-0.15467078654,0.0316256376963,0.255555776807,0.258691087716,-0.20383715199,0.412086731587
1495802650979135199,-0.0111354451412,0.0784861716164,-1.60160894635,-0.207692126662,0.0193593430072,0.259298555576,0.347370717884,-0.124777036305,0.527164166137
1495802651028222516,0.0275137370991,0.0484551195009,-1.53775242662,-0.242901107243,0.0148984079458,0.279434221048,0.406258693355,-0.0960249109922,0.543466790432
1495802651077656664,0.02682858927,0.0483117920641,-1.53732118161,-0.254312964832,0.0131883263309,0.287942461072,0.425345334851,-0.0850028987438,0.143669616089
1495802651129837181,0.0396912784088,0.0266571180588,-1.38025113466,-0.191716714491,-0.00460969872378,0.274630060175,0.320651407512,0.0297109537652,0.139990785405
1495802651180115991,0.0409047693964,0.0260672723378,-1.38039295915,-0.171506323521,-0.0116500746025,0.269131433725,0.286848980174,0.0750883839955,-0.0639179555949
1495802651229681513,0.0713362213964,0.0273127096575,-1.26592033789,-0.0505304104668,0.00652155135753,0.26552356298,0.0845134827254,-0.0420334435006,-0.06306109648
1495802651279923798,0.0736811464757,0.0279187637401,-1.26590707587,-0.0114763739176,0.013755957073,0.264043598929,0.0191945468061,-0.0886614568722,-0.0627096091967
1495802651330368548,0.0629309758233,0.0304253482155,-1.27899643782,0.10519172422,-0.00262318742353,0.27366023313,-0.175936013296,0.016907265513,-0.064993532666
1495802651384595835,0.0651946611045,0.029878410724,-1.27882181724,0.142893514331,-0.00915202251025,0.277270180192,-0.238993280351,0.0589876549322,-0.0658508849003
1495802651429248789,0.0406750516498,0.0379437620581,-1.26637217853,0.198019156953,0.0214307488945,0.288818575714,-0.331192413555,-0.138127896791,-0.0685935962289
1495802651479096748,0.041745738131,0.0389626536918,-1.26614222779,0.215851870192,0.0335929929865,0.293121381241,-0.361018110365,-0.216517373751,-0.0696155003922
1495802651529058270,0.00242166545809,0.0573870568869,-1.26202655396,0.162034675297,0.0262820551401,0.270076064725,-0.271007391493,-0.169396086797,-0.0641423027901
1495802651578888002,0.00137995856726,0.0571397535962,-1.26246460881,0.144685854464,0.0233295095174,0.261456428322,-0.241991017863,-0.150366004411,-0.0620951634827
1495802651633281159,-0.0106306838783,0.0892024461899,-1.27268771003,0.0412193076577,0.056851945634,0.244821980992,-0.0689404106062,-0.366428617011,-0.0581445292105
1495802651678497734,-0.0126370079259,0.0903150159287,-1.27301339075,0.00780429944725,0.0701317725876,0.238615328808,-0.0130529026071,-0.452021265961,-0.0566704668419
1495802651728741902,-0.00603404462821,0.089512183692,-1.39049517763,-0.117401088081,0.040057403411,0.224367809751,0.196356505673,-0.25818252602,-0.0532867212948
1495802651779124147,-0.00846309892411,0.0885089224259,-1.39085229853,-0.157857011603,0.0280815420843,0.219176431372,0.264020135597,-0.180994344428,0.404913132416
1495802651831004839,0.0306313269012,0.0874025835149,-1.3563696308,-0.188489326675,0.0350173447845,0.251381184824,0.315253513809,-0.225697767731,0.471061352366
1495802651879011014,0.0300349302298,0.0876341942363,-1.35572854151,-0.198423046166,0.0377821010709,0.267070430548,0.331867929224,-0.243517488958,0.546403155765
1495802651929492781,0.0594413564321,0.0384115177137,-1.34625213607,-0.108929139934,0.00146455784667,0.295660295328,0.182186942498,-0.0094395345718,0.155517628862
1495802651980601583,0.0611756644037,0.0372088388204,-1.3456982036,-0.0800448853149,-0.0128904342905,0.287132262898,0.133877242829,0.0830828911319,0.0549356878571
1495802652029630514,0.0505136629224,0.0175650841953,-1.14838623194,0.00538097647346,0.0147599096612,0.295121262766,-0.00899982917285,-0.0951322461182,0.141964670957
1495802652078407666,0.0521713193133,0.0184912199993,-1.14809148171,0.0329893796202,0.0258156803282,0.30232783576,-0.0551756326319,-0.16639015489,-0.0718020073454
1495802652127768762,0.043432497068,0.0209398801198,-1.0462212125,0.0755508875197,0.0163220138922,0.293463381867,-0.126360909565,-0.105200497725,-0.0696967245754
1495802652177604151,0.0442585801218,0.0206226820067,-1.04631760577,0.0893094349885,0.012535568633,0.290032824702,-0.149372453566,-0.0807956706918,-0.068881976935
1495802652228184537,0.0352222553844,0.0425827784564,-1.02335907671,0.100992910606,0.0464352638883,0.310218794226,-0.168913383584,-0.299289836739,-0.0736760877002
1495802652279511661,0.0354493959674,0.0437097881727,-1.08069397239,0.104776102606,0.0598877331151,0.317672244146,-0.175240874868,-0.385995219276,-0.0754462610108
1495802652327872769,0.01275696408,0.0523433501426,-1.06395353784,0.0500611209351,0.0386815422774,0.319471276782,-0.0837285832487,-0.249314669577,-0.0758735261822
1495802652387804413,0.0116969047696,0.0516342381037,-1.0639070738,0.0324063186847,0.0302166716425,0.320124606151,-0.0542004473949,-0.194755923956,-0.0760286900625
1495802652429178809,0.0189262532051,0.0762825330722,-1.0135400828,-0.0240269141606,0.0388507968348,0.312921897075,0.0401856659405,-0.250405568274,-0.0743180669945
1495802652478700681,0.0178311772832,0.0765660831353,-1.01364170613,-0.0422654970617,0.0422348548321,0.310171594186,0.0706901907743,-0.272216883225,-0.073664877824
1495802652527756291,0.0210938373906,0.0865513929784,-1.10212813199,-0.0471177819454,0.0272660003913,0.296176988043,0.0788057689165,-0.175737922482,-0.0703411983801
1495802652578671003,0.0209995308685,0.0860501370015,-1.10245956544,-0.0486885163344,0.0212822613712,0.2910469095,0.0814328648064,-0.137170848142,-0.0691228192112
1495802652629151025,0.0314121294944,0.0829914857684,-1.12706710301,-0.0388312104426,0.0369387145377,0.289637448681,0.0649462532093,-0.238081598286,-0.0687880762466
1495802652679926058,0.0316027504609,0.0835144124715,-1.12711176828,-0.0356566284004,0.0431809488759,0.289138771256,0.0596366785966,-0.27831475601,0.00657572962784
1495802652729524964,0.036678804303,0.086118013946,-1.12632767996,-0.00459788884152,0.0251878823905,0.291107447933,0.00769009385817,-0.162343800319,0.0745130575611
1495802652780610232,0.0372809826919,0.0855172113764,-1.126289442,0.00543126799858,0.0180160597541,0.295262733803,-0.00908394311336,-0.116119154517,0.141931071985
1495802652828206788,0.0280223154745,0.0792954119411,-1.12914301102,0.0241937047104,0.0356311246241,0.293800357969,-0.0404646276612,-0.229653771264,0.183321311967
1495802652882231462,0.028386783337,0.0798842664212,-1.12917304794,0.0302640809935,0.0426604212233,0.295309103519,-0.0506174967235,-0.274959792064,0.306091778713
1495802652929407084,0.0208285192881,0.0584328528474,-1.06399876087,0.0125436514932,0.0176118419092,0.301568280939,-0.0209795975134,-0.113513843754,0.379850613143
1495802652978567037,0.020485211818,0.0576010606,-1.0638321202,0.00682602689055,0.00768335611954,0.307595659847,-0.0114167152091,-0.0495216395057,0.0774376420958
1495802653030805526,0.014362175028,0.037450156106,-0.922939844239,-0.0426580137223,0.0163672204943,0.29549715858,0.0713466855408,-0.105491868451,0.114513443528
1495802653080139663,0.013402649323,0.0377435827231,-0.923070070279,-0.0586387545205,0.0198703847596,0.292523013787,0.0980749081875,-0.12807086065,-0.0694733898115
1495802653128966472,0.0321312205884,0.0475727591055,-0.782535148338,-0.0813853533261,0.0156779320305,0.282874060441,0.136119211954,-0.101049188158,-0.0671817906365
1495802653180063749,0.0316889357869,0.0474310782375,-0.782618754765,-0.088751951116,0.0139864285598,0.279105905772,0.148440046661,-0.0901469178746,-0.0662868645423
1495802653228751365,0.0387119095919,0.0798248742508,-0.833239874476,-0.0279611234736,0.0370383101585,0.28139169357,0.0467657377772,-0.238723523293,-0.0668297326902
1495802653278474867,0.0398907089246,0.0805880411475,-0.980156132332,-0.00832840724196,0.0461473227109,0.28213563916,0.0139294871162,-0.297433965559,-0.0670064176672
1495802653328580402,0.0395228630026,0.0905036105231,-0.976976416322,0.042019719668,0.0271168227334,0.270256878196,-0.0702791214139,-0.174776425699,0.223115263479
1495802653383391980,0.0404995157853,0.0898668536147,-0.977201451791,0.058285837136,0.019515617288,0.280177678999,-0.097484644285,-0.125784273048,0.411510296336
1495802653428383389,0.02488942465,0.0808540446721,-1.02020842078,0.0837162572448,0.0393920873254,0.290694338914,-0.14001771201,-0.253894355221,0.482809377262
1495802653480997479,0.0253835933135,0.0815188611461,-1.02003808716,0.0919469180392,0.047328214111,0.298364878848,-0.15378371554,-0.305045180933,0.74454749555
1495802653530046104,0.0255432203957,0.0817835220578,-1.01989117498,0.0946054906798,0.0504874411291,0.314410116307,-0.158230250426,-0.325407389722,0.77763517594
1495802653578589498,0.0252565029341,0.0422329552461,-0.926408160321,0.0281586106349,0.0231268889189,0.315927319145,-0.0470960404137,-0.149060051117,0.772003647552
1495802653628192943,0.00656915960856,0.0253652140345,-0.738893801157,-0.0647716709983,0.0369110832703,0.321699253361,0.108332377423,-0.237903506103,0.340867122492
1495802653678563596,0.00476759002046,0.0258282070975,-0.738648522938,-0.0947763729131,0.0424382656066,0.302153662542,0.158516055598,-0.273527929452,-0.0717606416978
1495802653728603409,0.0363059094123,0.0316518871772,-0.526680295417,-0.130324018711,0.0214854043302,0.273154816773,0.217970457835,-0.138480168213,-0.0648734977084
1495802653778749519,0.035614593135,0.0309517426739,-0.527082837034,-0.141838473591,0.013127654663,0.26207128322,0.237228696084,-0.0846118508193,-0.0622411897849
1495802653828372798,0.0343840328427,0.0350308296515,-0.635652340515,-0.103104594816,0.0251727142494,0.266916911942,0.172445232731,-0.162246036894,-0.0633920129243
1495802653880245107,0.0351354458968,0.0354319557466,-0.635637671473,-0.0905898186616,0.0299608275665,0.26885281261,0.151513930004,-0.193106928659,-0.0638517838667
1495802653929113892,0.0495758402147,0.04135339918,-0.596327186252,-0.0181930728816,0.00773863321954,0.262116882947,0.0304284080912,-0.0498779177488,-0.0622520195913
1495802653980767529,0.0509793482058,0.0406108864097,-0.596427826482,0.00518201254896,-0.00112486711927,0.259553751027,-0.00866705660994,0.00725012131491,-0.0616432829974
1495802654028910871,0.0452156619881,0.0696738871836,-0.671414046346,0.0872799617316,0.0305260125349,0.261726010125,-0.145978104471,-0.196749723009,-0.0621591883997
1495802654077754093,0.0468084887951,0.0707245640621,-0.671426390894,0.113808535905,0.0430671083372,0.262624032403,-0.190347864669,-0.27758101804,-0.0623724661551
1495802654128918349,0.0473229892673,0.0711427954986,-0.671409214482,0.122377488367,0.0480594891347,0.262959749814,-0.204679670194,-0.30975847777,-0.0624521980922
1495802654180723401,0.0144288973981,0.0851805643007,-0.778390675387,0.145305245662,0.035690529167,0.238840345933,-0.243026966449,-0.230036652171,-0.0156809779225
1495802654230855616,0.0148754947463,0.0847653085316,-0.77892916306,0.152743943545,0.0307332611405,0.231998716422,-0.255468390519,-0.19808550526,0.786665256722
1495802654279014254,0.00529498456772,0.0937279971434,-0.707463545971,0.0945626217696,0.0616996684326,0.254550662082,-0.158158551011,-0.397673710577,0.839292400276
1495802654328981362,-0.00647629602827,0.0736840432453,-0.674639330192,-0.000341559382629,0.0420218280409,0.251362204806,0.000571267336181,-0.270843858756,0.428896284088
1495802654380388037,-0.00831654435721,0.0730311834738,-0.674676746686,-0.030990588244,0.0342292128595,0.229574975768,0.0518325998149,-0.220618010335,0.328543936757
1495802654429305710,0.0204958165549,0.0347124866793,-0.457205444314,-0.129912393195,0.00470711081574,0.230877339589,0.21728200299,-0.0303388052439,0.491744548707
1495802654478427040,0.0185753483311,0.033734532526,-0.457024160568,-0.161898268299,-0.0069656471488,0.239290344672,0.270779247086,0.0448957801331,-0.0568307812036
1495802654532037073,0.0271037252037,0.0182646767232,-0.370871021653,-0.176363070898,-0.0277397942457,0.22592587698,0.294972021957,0.178791672445,-0.0536567578623
1495802654579216117,0.0268226622285,0.0175744005313,-0.371064831392,-0.18104432818,-0.0359791710692,0.220831122629,0.302801551795,0.231897039742,-0.0524467680894
1495802654628684209,0.0588672886624,0.0258584041246,-0.322575969314,-0.0831208761178,-0.00973445393821,0.233455812366,0.139021920919,0.0627416081219,-0.0554450962551
1495802654678765087,0.0607649607466,0.0267325197621,-0.322299509726,-0.0515158503714,0.000699599921296,0.238119641998,0.0861616577073,-0.00450914087043,-0.056552742624
1495802654728608296,0.0322368129852,0.0262027718668,-0.46863952681,0.0559987307611,-0.000269561668702,0.247735473933,-0.0936593968087,0.00173740948283,-0.0588364755576
1495802654780758085,0.0343239442902,0.0261705336914,-0.468560728052,0.0907603668412,-0.000654372955998,0.251497902965,-0.151799176463,0.00421763889699,-0.0597300418292
1495802654836733149,0.0427643862273,0.0450160106782,-0.383826439078,0.11908130389,0.0341045977,0.251929360115,-0.199166712209,-0.219814826556,-0.059832511684
1495802654881252220,0.0433132682102,0.0461722607484,-0.383757258883,0.128222746099,0.0479061918145,0.2519934954,-0.21445602237,-0.308770428472,-0.0598477436331
1495802654928923436,0.0434905591676,0.046632528391,-0.383755981797,0.131175508766,0.053400353995,0.252017391458,-0.219394598058,-0.344182026562,-0.0598534188794
1495802654978411152,0.00655745143846,0.0823156355899,-0.48627091271,0.120185965217,0.0285989437049,0.25190869678,-0.201014288255,-0.184329160117,-0.0598276042001
1495802655038448675,0.0017529918868,0.0918135221048,-0.383737506268,0.0276165248257,0.0298821973128,0.241382385874,-0.0461893871874,-0.192600132017,0.12052506094
1495802655078439164,-4.23608302282e-05,0.0918545947914,-0.383865225402,-0.00228490469548,0.0303722234624,0.246222459328,0.00382156510756,-0.195758504212,0.187780440246
1495802655128811563,-0.00062227513276,0.0918709366087,-0.383772693635,-0.0119433177755,0.0305672938656,0.251452190807,0.0199755230796,-0.19701579413,-0.0597191853206
1495802655179493150,0.0064395917733,0.0857140796199,-0.295099590264,-0.0709712898674,0.0147811214001,0.243876077441,0.118701408217,-0.095268962427,-0.0579198797879
1495802655229385876,0.0279305418734,0.061868395416,-0.219732725595,-0.106076019213,0.0206484078549,0.245317208832,0.177415020668,-0.133085463468,-0.0582621444242
1495802655280098468,0.0272483834751,0.0620685267411,-0.308057643299,-0.117437755091,0.0230380103831,0.245668088302,0.196417832241,-0.148487201084,-0.0583454773075
1495802655339664911,0.0235907986074,0.0706459462631,-0.245810634279,-0.0486283576322,0.0171803344429,0.240611547051,0.0813322477444,-0.110732642823,-0.0571445630379
1495802655381751271,0.0249257408884,0.070448936082,-0.245862645129,-0.0263948800713,0.0148284013558,0.238649914205,0.0441461531845,-0.0955736965674,-0.0566786807759
1495802655430778037,0.0255357296138,0.0800372295702,-0.238868021131,0.0455035247375,0.0570747858871,0.230420080756,-0.0761058799309,-0.367864892319,-0.0547241185694
1495802655480782999,0.026930350613,0.0814449894738,-0.239020484847,0.0687308660082,0.0738788912644,0.227335542681,-0.114954238516,-0.476172620838,-0.0539915494861
1495802655535983452,0.0221585635871,0.0885717940363,-0.298737303704,0.0974555456292,0.0510771556499,0.221289763378,-0.16299704467,-0.329208284729,-0.0525556939725
1495802655580911790,0.0227160219733,0.0878097242244,-0.298895936731,0.106740083786,0.0419801712524,0.219098169214,-0.178525686686,-0.270575367691,-0.0520351965464
1495802655629652276,0.00704263787344,0.0807071025836,-0.313569392349,0.0662342974971,0.0593147518929,0.21450995844,-0.110778659932,-0.382302175626,0.195312069664
1495802655679447226,0.0062578069681,0.0812867604801,-0.313667746228,0.0531632763941,0.0662342930972,0.225124473317,-0.0889170224356,-0.426900788489,0.377484336682
1495802655730396375,0.00600430497234,0.0815175194045,-0.313464688922,0.0489412267209,0.0689888359726,0.238327217262,-0.0818555297855,-0.444654681079,0.410907268835
1495802655780314245,0.0111102381826,0.0743550321327,-0.165986355608,0.0154829903419,0.0400758972128,0.234538420605,-0.0258957215014,-0.258301724372,0.411807097343
1495802655828769080,0.0104609413933,0.0733916875961,-0.165952825018,0.00466888102665,0.0285766918403,0.232952978384,-0.00780883021428,-0.184185739873,-0.0553256746042
1495802655878985100,0.00713540280001,0.0392529090903,-0.136156883834,-0.0562955216819,0.0370920964309,0.211699248097,0.0941557876777,-0.239070192685,-0.0502779736727
1495802655929940113,0.00595302810606,0.0395432808224,-0.136542189452,-0.0759878571324,0.0405591725753,0.20371990722,0.1270917531,-0.261416585626,-0.0483829027447
1495802655979286472,0.0346075435244,0.0318654157829,-0.00375173491526,-0.112867071724,0.0168056617081,0.211610954302,0.188773240279,-0.108317759559,-0.0502570041458
1495802656028843613,0.0338905605887,0.0310743061757,-0.0035052498038,-0.124808947756,0.00736243059074,0.214408571449,0.208746352002,-0.0474531738381,-0.0509214303189
1495802656080643777,0.0371588104707,0.0690005269212,-0.107157640576,-0.0541093645493,0.0292921152296,0.23677699439,0.0904993805488,-0.188796867956,-0.0562338676082
1495802656130825785,0.0152490840454,0.0743628013082,-0.156067760117,0.0432593818737,0.0269790150446,0.224831407189,-0.072352490093,-0.173888211931,-0.0533968243775
1495802656180211673,0.0171390375841,0.0742846429293,-0.156331526727,0.0747369022892,0.0260458972468,0.220421926127,-0.124999497178,-0.167873975121,0.310196295277
1495802656230392287,0.0177495189103,0.0742535244974,-0.156416099803,0.0849044060065,0.0256744400853,0.236901147926,-0.142004923056,-0.165479817235,0.395432365284
1495802656277754734,0.00138891820361,0.0866530112443,-0.0372004480165,0.0866195314195,0.0594490486711,0.238006659291,-0.144873516852,-0.383167760474,0.381265342196
1495802656329442733,0.00142310973996,0.0877776011404,0.0909258739008,0.0871893073911,0.0728728909076,0.23773490364,-0.145826482626,-0.469688633081,-0.0564613683504
1495802656387377263,0.00364140626821,0.053554916404,0.135264966233,0.00143177992943,0.0486341483245,0.202782498882,-0.00239469078551,-0.313462336448,-0.0481602709114
1495802656428973966,0.0019777923356,0.0527524862444,0.134627968042,-0.0262756820122,0.0390565014399,0.189665575002,0.043946791196,-0.251731398958,-0.0450450385265
1495802656478075111,0.0175451938134,0.0416681687546,0.179634980587,-0.114940885342,0.0154682131402,0.204648533425,0.192241749831,-0.0996974841471,-0.0486034488463
1495802656530223361,0.0158244255041,0.0408831964825,0.1799540665,-0.143600509957,0.00609833513723,0.210197935257,0.240175749722,-0.0393056822504,-0.0499214161124
1495802656579939181,0.0265794350621,0.072449787206,0.154960337164,-0.1171233926,-0.00487645683902,0.212243275109,0.195892052446,0.0314302934668,-0.050407178552
1495802656627730035,0.0270924209246,0.0720778316681,0.154981508106,-0.108579843644,-0.00931732558415,0.213036531646,0.181602734974,0.0600530850785,-0.0505955747396
1495802656678469730,0.0291802537572,0.0809372355041,0.154271342451,-0.0100377473384,0.0162458634347,0.207435695649,0.016788404813,-0.104709684148,-0.0492653920048
1495802656730183847,0.0310916147082,0.0817885069333,0.154163649677,0.0217958470622,0.0264072114993,0.205342776898,-0.036454145675,-0.170202758778,-0.048768329711
1495802656779200135,0.021506441085,0.0893407125278,0.107835007994,0.0885014931226,0.0199827499836,0.194322510899,-0.14802114887,-0.128795089753,-0.0461510476528
1495802656830516157,0.0228009098083,0.0891249800199,0.107590805153,0.110061000306,0.0174073570512,0.190255978257,-0.184080009685,-0.112195874723,0.228434274709
1495802656884631980,0.00409271275135,0.0896820514788,0.145624851248,0.0735170006011,0.0368668572605,0.184771245947,-0.122959178501,-0.237618455602,0.318663231157
1495802656927956621,0.00338490200836,0.0903312007687,0.1455472372,0.0617288058839,0.0446157070566,0.18712362392,-0.103243102946,-0.28756222239,0.412525583682
1495802656980013802,0.00846250178772,0.0804052672494,0.344599029716,0.0284154189574,0.0230490917112,0.19295248304,-0.047525559302,-0.148558623718,0.282517768905
1495802657030930470,0.00781601632507,0.0796875340923,0.344853692646,0.017648132717,0.0144818125965,0.188472055134,-0.0295169808782,-0.093339823332,-0.0447615809279
1495802657079668232,0.0184768397082,0.0416963740724,0.33986622579,-0.0406990817692,0.00830544060687,0.179486869431,0.0680703186907,-0.0535311690972,-0.042627624694
1495802657130192953,0.0173444437336,0.0414972724218,0.33969069198,-0.059559295123,0.00592979985142,0.176133700101,0.0996145373255,-0.0382194194847,-0.0418312564459
1495802657181017783,0.0125723943655,0.0261491776497,0.25989376727,-0.0739392534298,-0.00651062573591,0.178541239875,0.123665407816,0.0419630244432,-0.0424030403445
1495802657231958131,0.012293726909,0.0257369274229,0.259882466375,-0.0785803554235,-0.0114312228502,0.179532731807,0.131427776844,0.0736778158252,0.094171249292
1495802657279388884,0.0357637543666,0.0773327193786,0.28401318957,-0.00860973276168,0.0206196531159,0.183555263065,0.0144000116821,-0.132900130158,0.154780304253
1495802657329612797,0.0371196924296,0.0783926088789,0.215568863345,0.0139729023743,0.0332701108054,0.188030896966,-0.0233700583969,-0.214436296846,0.119514912296
1495802657385919189,0.00380366151417,0.0804171839574,0.19323714731,0.0730082447697,0.0263609908459,0.179469942736,-0.122108270567,-0.169904852173,0.588292812262
1495802657430247729,0.00495068258096,0.0801862950629,0.193057261523,0.0921124779186,0.0236048261681,0.199632483132,-0.154060618931,-0.152140506558,0.694199402792
1495802657479359491,0.00561783367676,0.0722219371308,0.451416373464,0.0397797566721,0.0393157647793,0.210856521418,-0.0665327225184,-0.253402432478,0.82858484732
1495802657530211630,0.00460266768584,0.0727475815014,0.451816924577,0.022872197562,0.0455905723213,0.221608676501,-0.0382543710943,-0.293845534715,-0.0526314349387
1495802657579032085,-0.00275170333247,0.0487607592369,0.487562300525,-0.0545607154242,0.0151152603119,0.183879473525,0.0912542771351,-0.0974225924917,-0.0436708557633
1495802657630108481,-0.00425330024142,0.0477483732116,0.486865984423,-0.0795696050552,0.00303110350234,0.169734366147,0.133082323697,-0.0195364125536,-0.0403114327009
1495802657678106065,0.026819010117,0.037845742991,0.542454763496,-0.136802089002,0.00527118211824,0.179520779922,0.228805206189,-0.0339744216677,-0.0426356783397
1495802657730897553,0.0257070866277,0.0379222978501,0.54268201232,-0.15532172997,0.00618528143814,0.183115450205,0.259779808266,-0.039866078424,-0.043489402382
1495802657780095430,0.0231875924306,0.0224154488304,0.432373886765,-0.12351128502,-0.0161631953844,0.196125349039,0.206575975863,0.104176862641,-0.0465792166207
1495802657828965612,0.023804780249,0.0216726531063,0.432543543885,-0.11323199942,-0.0250294944182,0.201115252161,0.189383591753,0.161322940171,0.0822049733394
1495802657883595952,0.0448277779461,0.0332090782458,0.436919490971,-0.0255012621178,0.00463064189911,0.208947741602,0.0426515529076,-0.0298459390975,0.114547220755
1495802657930389892,0.0465283572728,0.0341965501971,0.437072526164,0.0028214060012,0.0164177369299,0.213580827382,-0.00471887810016,-0.10581746272,0.202373223976
1495802657981083209,0.0359098763431,0.0613437287607,0.328791682902,0.109810710378,0.0114153041411,0.221242725337,-0.183661392988,-0.0735752147536,0.173191591611
1495802658028761618,0.0379858089809,0.0611718470641,0.328860453916,0.144385485686,0.00936282691895,0.222862989466,-0.24148864293,-0.0603463554495,0.268573619775
1495802658079383070,0.0190195997394,0.0727074419171,0.391042181701,0.166407005804,0.0380771819151,0.227256166028,-0.278320232914,-0.245419377529,0.84577476602
1495802658130313501,0.0194478331614,0.0736633587442,0.391170961428,0.173539583079,0.0494876049193,0.257739375289,-0.29024966196,-0.318963131825,0.606602422012
1495802658180749873,0.00228840737,0.0666602874285,0.529045451385,0.100755603322,0.0313355934247,0.244830388785,-0.168516480713,-0.201967725709,0.525329117901
1495802658229268193,0.000877541246726,0.0660559438297,0.610635437349,0.0772580212648,0.0241217612233,0.23572343078,-0.129216137079,-0.155472315087,-0.0559836492257
1495802658279335382,0.0126470754334,0.0394676183036,0.634227888103,-0.022476668187,0.0309456278285,0.215944014387,0.0375928374815,-0.199454275158,-0.0512860936811
1495802658329653862,0.010711799917,0.0397001682537,0.476780939657,-0.0547088274846,0.0337222840698,0.20834268201,0.0915019985754,-0.217350695325,-0.0494807987046
1495802658382446541,0.0163973492638,0.0273644349904,0.571777492872,-0.129830671348,0.0079767177724,0.213295597267,0.217145320983,-0.0514124473495,0.638242481791
1495802658430461306,0.0149398464539,0.0265077163079,0.571940577891,-0.15410542862,-0.00224955998301,0.249483179764,0.257745511253,0.0144991194983,0.729800776075
1495802658479436460,0.024099388413,0.0228384457392,0.593025212404,-0.157795289438,1.22373111122e-05,0.270722083004,0.263916903601,-7.88733074441e-05,0.0519925709378
1495802658529387573,0.024027297703,0.0229145819063,0.593446817128,-0.158996134825,0.000921170321604,0.244999341481,0.265925350098,-0.00593723157955,-0.0581866518258
1495802658579059041,0.049094641427,0.033235049447,0.580144920574,-0.0791113499769,-0.00454656613036,0.237058602182,0.132315879643,0.0293040444037,0.094189994124
1495802658630947134,0.0506428002484,0.0330507295924,0.579983396115,-0.0533273173186,-0.00674706247228,0.241629943377,0.0891913853333,0.04348693335,0.291478474445
1495802658680012033,0.038035147665,0.0370204290547,0.522738432545,0.0254002773038,0.00360296196222,0.2644489215,-0.0424826530658,-0.0232222196485,0.327101961423
1495802658730845524,0.0395629835286,0.0373650216512,0.52313395633,0.0508465628662,0.0077162404937,0.275097010144,-0.0850422561927,-0.0497335896089,0.602480032745
1495802658780134195,0.0336808624221,0.0339566088085,0.581932914449,0.0652726157032,0.00593192176609,0.28499895366,-0.109170221036,-0.0382330958901,0.610670743113
1495802658830846996,0.0339610245761,0.0338977015364,0.582164682244,0.0699388185121,0.00522884048464,0.289160250847,-0.116974571858,-0.0337015165619,0.307552113861
1495802658880881431,0.0279282552454,0.0420141019558,0.601732749285,0.076617506198,0.0198417677576,0.28260003869,-0.128144858249,-0.127886415098,0.37751502881
1495802658930822209,0.0280581457212,0.0425001624872,0.601621277041,0.0787809435532,0.025643630413,0.2835454747,-0.131763265934,-0.165281239236,0.415981651363
1495802658979036720,0.0222886457984,0.0273029017434,0.686208654069,0.0390910039,0.00524120652541,0.285930623149,-0.0653807648167,-0.0337812195723,0.404872791347
1495802659028539664,0.0215190820657,0.0266249778152,0.686315116067,0.026274064769,-0.00285072926524,0.286198146001,-0.0439440863129,0.0183738440345,-0.0200878334115
1495802659079815181,0.0261738541298,0.037004990969,0.684510702833,-0.0104783996027,0.00663175368918,0.268803431607,0.0175254076829,-0.0427437320849,0.0524482452269
1495802659129389780,0.0254606827065,0.0373194629257,0.684176526015,-0.0223563294631,0.0103853103648,0.265723164018,0.0373915677002,-0.0669365818841,0.210511031178
1495802659180571845,0.0292187455004,0.0406826841658,0.755191516381,-0.0251537123535,-0.00323191222836,0.277344603115,0.0420702664956,0.0208306877616,0.289836831909
1495802659229012293,0.0291642711876,0.0402277389802,0.752228307191,-0.0260610526111,-0.00866266258491,0.285708143825,0.0435878176985,0.0558335767619,0.349414909382
1495802659280171662,0.0187687145861,0.0330640734854,0.7793689817,-0.0222222107408,-0.00279301170117,0.29194722246,0.0371672504975,0.0180018362352,-0.0693366409971
1495802659330616138,0.0188437648427,0.0332612238915,0.793871292163,-0.0209720502523,-0.0004394429496,0.273401418984,0.0350763231554,0.00283234760889,-0.0649320650372
1495802659388410845,0.0286472858241,0.0431440224922,0.815402100279,-0.0205588675389,0.00246998668612,0.257364195899,0.0343852638549,-0.0159198387203,-0.061123269837
1495802659428972988,0.0286547479468,0.0432392807084,0.815110679416,-0.0204347763936,0.00360681258092,0.251344392882,0.0341777180471,-0.0232470380935,0.00187081115905
1495802659479536399,0.0228039630192,0.0617629703234,0.853405434696,-0.00383284416798,0.0404337903292,0.255968996894,0.006410535881,-0.260608457734,0.0623368755408
1495802659530695698,0.0231263302112,0.0629882769041,0.853521468608,0.00153628113492,0.0550597174868,0.260732101824,-0.00256947188749,-0.354877144603,-0.0619231379845
1495802659579607016,0.00989753299008,0.0889523100915,1.00718598436,0.0011868461303,0.0521599313349,0.230802055083,-0.0019850323598,-0.33618711355,-0.0548148363934
1495802659628621210,0.00989150050164,0.0888507986172,1.00672370248,0.00108663193203,0.0509474921446,0.219437264826,-0.00181742139374,-0.328372562777,-0.0521157307969
1495802659677742193,0.0245119046639,0.0964437315218,1.24413269582,0.012458399962,0.0634057441338,0.205813153816,-0.0208370120141,-0.408669903455,-0.0488800429008
1495802659728791562,0.024731665344,0.0968579989605,1.24404266944,0.0161182210559,0.0683506301261,0.200447912089,-0.0269581621084,-0.440541244272,-0.04760581314
1495802659778404783,0.0261719669754,0.0999697899916,1.32671773634,0.0343868764981,0.0293590417162,0.198537332607,-0.0575129840833,-0.189228230149,-0.0471520559077
1495802659828375103,0.0265262535737,0.0986682944501,1.32674061684,0.0402874767009,0.0138230659725,0.197728316895,-0.0673818980443,-0.0890939947731,-0.0469599169603
1495802659880027412,0.0301113365958,0.0868477286691,1.37042743596,0.0525514078168,0.0224882023991,0.199620191225,-0.0878936556362,-0.14494351622,-0.0474092317718
1495802659927950335,0.0303490251453,0.0871390024964,1.37049505099,0.0565100308931,0.0259654438588,0.200277331096,-0.0945145601545,-0.167355427807,-0.0475653006356
1495802659979329428,0.0180895640755,0.0742920347816,1.29959295569,0.0924649970512,0.0263455489179,0.194008980595,-0.154650216747,-0.169805324105,-0.0460765850909
1495802660029669766,0.0187876946357,0.0743070730822,1.29942202121,0.104092569511,0.0265254074881,0.191747008491,-0.174097647218,-0.170964568989,-0.0455393731031
1495802660079993203,-0.0223648035749,0.077955312942,1.27679630027,0.0565531497134,0.0695224527655,0.17157802008,-0.0945866775515,-0.448094008639,-0.0407492953044
1495802660128786908,-0.0232846337244,0.0793892075933,1.27639406228,0.0412342162664,0.0866386878881,0.164064288301,-0.0689653456588,-0.558413511243,-0.0389648052223
1495802660180783954,-0.0136661903035,0.0865697695333,1.4306553006,-0.0770879710742,0.0663997874436,0.139455162942,0.128931723521,-0.427967451446,-0.0331202074355
1495802660230591477,-0.0159618971244,0.0858931969133,1.46452838002,-0.115323056604,0.0583233775911,0.13011806147,0.192880941636,-0.37591245738,-0.0309026721999
1495802660279329309,0.0121987021479,0.0928887583339,1.48145202114,-0.151461333538,0.0695114834617,0.148586305701,0.253323190477,-0.448023308036,-0.0352888280582
1495802660330410174,0.0114961194551,0.09326075788,1.5070276242,-0.163163364558,0.073951835728,0.155499720468,0.27289515491,-0.47664277078,-0.0369307445449
1495802660380962901,0.0315745262312,0.0888453127328,1.52207604408,-0.111526324815,0.0369373963867,0.165576551919,0.186530804689,-0.238073102389,-0.0393239635617
1495802660428811932,0.0325750282554,0.087611163912,1.52227970228,-0.0948633959074,0.0222055386696,0.16932627018,0.158661603918,-0.143121659847,-0.040214511061
1495802660478832539,0.0456733135387,0.0835900310272,1.49749605399,0.0337515778676,0.02901336617,0.176059723496,-0.056450429884,-0.187000242858,-0.0418136872111
1495802660528952740,0.0481673950137,0.083817906583,1.49760709154,0.0752901440723,0.0317336147049,0.178605273587,-0.125924809074,-0.20453309767,-0.0424182481702
1495802660578584053,0.0148096919157,0.0854294730173,1.50786594429,0.153909075936,0.0286744380862,0.168847517127,-0.257417106061,-0.184815745078,-0.0401008085627
1495802660629014768,0.0163365896635,0.0853271103167,1.50768658795,0.179340139771,0.0274524957572,0.165188060415,-0.299951250436,-0.176939943596,-0.0392316979264
1495802660678970001,0.000989399957762,0.0894056832429,1.58430685189,0.138872501786,0.0403868725504,0.14997103972,-0.232268027753,-0.260306057937,-0.0356176984779
1495802660728974474,0.000205290649787,0.0898364808265,1.5840707361,0.125813492528,0.0455291730577,0.144194684737,-0.210426480393,-0.293449797208,-0.0342458304794
1495802660778641614,-0.000779956821533,0.0883905921503,1.67021239486,0.0423814681525,0.0300155354891,0.137310149851,-0.0708841555708,-0.193459538375,-0.032610772883
1495802660830399385,-0.00239828102786,0.0878732566014,1.67014258215,0.0154283668142,0.0238401641947,0.134637770114,-0.025804362169,-0.153657333935,-0.0319760902413
1495802660878857852,-0.00273546701146,0.0854275445806,1.69852357875,-0.0538523004205,0.0345447285694,0.143856363163,0.0900694338174,-0.222651608024,-0.0341654800609
1495802660930343658,-0.00407932560274,0.0857851428445,1.69872039905,-0.0762342012495,0.0388134284669,0.147269963578,0.127503770321,-0.250164717425,-0.0349762005208
1495802660979142739,0.00171030635269,0.0892076394958,1.70283104514,-0.0932947070373,0.020524394898,0.151766758373,0.156037929214,-0.132286161073,-0.0360441765876
1495802661029127866,0.00137904738843,0.0885968120076,1.702920055,-0.0988119232403,0.0132328831518,0.153443059918,0.165265623031,-0.0852900814267,-0.0364422934714
1495802661078751844,0.0132630260225,0.085341452934,1.72930115181,-0.0617525628605,0.0256860590204,0.15249168945,0.103282837134,-0.165554704916,-0.0362163456714
1495802661130510524,0.0139812181986,0.0857575407993,1.72930191346,-0.0497913334295,0.0306529684406,0.152105795393,0.0832773563245,-0.197567993632,-0.0361246969226
1495802661179539245,0.00949948307549,0.0883478404262,1.74136859571,-0.0076200266045,0.0172731088597,0.147150966252,0.0127447012771,-0.111330603031,-0.034947938992
1495802661230405697,0.0103177571992,0.0879009564464,1.75254601123,0.00600838087997,0.0119386056222,0.145297815264,-0.0100491800683,-0.0769480568938,-0.0345078208649
1495802661280709230,0.0114470391381,0.0848094234668,1.75615763508,0.0290496902628,0.0307795689487,0.148348752341,-0.0485863952722,-0.198383973605,-0.0352324098059
1495802661327889601,0.0118939212268,0.0854386049676,1.75621861704,0.036492470432,0.0382901627478,0.149485128164,-0.0610346470763,-0.246792105782,-0.0355022958553
1495802661377923548,0.00848738269984,0.0925713314425,1.7529178213,0.0321626180881,0.0208119532589,0.146689771303,-0.053792851534,-0.13413956488,-0.0348384064938
1495802661427941850,0.00840358604943,0.0919868759566,1.75286195382,0.0307670545457,0.0138351426398,0.145648581389,-0.0514587336386,-0.0891718326805,-0.034591126829
1495802661478114922,0.00735762064601,0.0932948715334,1.80559952691,0.0101237104992,0.0317883579661,0.149608330397,-0.0169321805322,-0.204885935155,-0.0355315560379
1495802661530143395,0.00695724859606,0.0938936270363,1.80571322192,0.00345555142006,0.0389356391872,0.151028116333,-0.00577950352171,-0.250952403839,-0.0358687511887
1495802661579490381,0.0025344017743,0.0779621308394,1.81989109772,-0.0152698919213,0.0222371096248,0.14943078707,0.0255393086101,-0.143325144554,-0.035489389999
1495802661627967635,0.00217142272001,0.0774079192097,1.81987072374,-0.0213152067451,0.015621941616,0.148817409319,0.0356502617018,-0.100688312379,-0.0353437145151
1495802661678290165,0.00475585642426,0.0817361398441,1.73846362134,-0.0346554332189,0.0383589130937,0.152247075368,0.0579621524866,-0.247235223319,-0.0361582505177
1495802661729345682,0.0044969425693,0.0824939477754,1.73847072298,-0.0389676825394,0.0474047141504,0.153622509933,0.0651745064946,-0.305538247675,-0.0364849123433
1495802661779195738,0.00160306609839,0.0850537238716,1.81070955757,-0.031044072579,0.0290643004055,0.144034628718,0.0519220538166,-0.187328529978,-0.0342078176269
1495802661828455074,0.00175692811998,0.0844413403625,1.81057801537,-0.0284814510478,0.0217542378178,0.140367610934,0.047635999765,-0.14021288434,-0.0333369112572
1495802661880684059,0.0024487160868,0.0893806008722,1.84573301163,-0.016262960381,0.0261711835356,0.141181552067,0.0272002425574,-0.168681484539,-0.033530219978
1495802661930208444,0.00268568629619,0.0895270629602,1.84577386412,-0.0123162450978,0.0279193612197,0.14144551584,0.0205992541461,-0.1799490379,-0.033592910629
1495802661980872010,0.0132620594426,0.0893088297032,1.884876017,-0.00585403131697,0.00910676704035,0.139980860487,0.00979102623569,-0.0586959692377,-0.0332450591183
1495802662029235633,0.013386814591,0.0886812017929,1.88487610239,-0.00377644483662,0.00161480779635,0.139388502018,0.00631620646883,-0.0104079426123,-0.0331043756544
1495802662080724095,0.0141140319884,0.0863277036861,1.90947596276,0.0119095502897,0.0298403694957,0.154204620023,-0.0199190460433,-0.19233053862,-0.036623161846
1495802662130448433,0.0144182614115,0.087269859825,1.90977718325,0.0169764642132,0.0410869070371,0.159715051053,-0.0283935970788,-0.264817999718,-0.0379318736565
1495802662180029807,-0.00537409425102,0.0887785755318,1.92301904648,0.0232536582885,0.037275603956,0.149460636084,-0.0388923745109,-0.240252956227,-0.0354964790556
1495802662229079131,-0.00525121615435,0.0886511375669,1.89756066773,0.0253005717058,0.0357543421442,0.14558309901,-0.0423158927475,-0.230447946819,-0.034575574949
1495802662278331553,-0.00588100923807,0.0869272431453,1.90316352201,0.0130177739125,0.062456106861,0.135592546295,-0.0217725801258,-0.402549193449,-0.0322028468882
1495802662330591344,-0.00611923034504,0.0878184434719,1.89372584534,0.00905022378109,0.0730943702341,0.13184078891,-0.0151367448655,-0.471116136791,-0.0313118151027
1495802662383268781,-0.00430061609146,0.0860260025892,1.90421458447,-0.019669362853,0.0412348973715,0.117060060927,0.0328975431298,-0.265771843829,-0.0278014339415
1495802662430958295,-0.00485780921582,0.0849633642058,1.90393926973,-0.0289494257933,0.0285502808957,0.111522627862,0.0484187002261,-0.184015513053,-0.026486309224
1495802662481096724,0.000621971010009,0.0959319649667,1.89848497833,-0.0516153975378,0.0225506173586,0.111590962622,0.0863281530444,-0.145345800206,-0.0265025385364
1495802662536003639,0.0001819970124,0.095729778888,1.89848236443,-0.0589432519612,0.0201368352221,0.111622761624,0.0985841884201,-0.129788217432,-0.0265100907096
1495802662580939519,0.0117513833067,0.0816756208663,1.95170744726,-0.0328236717627,-0.00402064308377,0.119200380487,0.0548984817434,0.0259143054516,-0.0283097537936
1495802662630691867,0.0122573879056,0.0808722027278,1.9518907273,-0.0243964112525,-0.0136106283017,0.121972057973,0.0408036598536,0.0877247673696,-0.0289680193705
1495802662680268912,0.00435405460096,0.0802427665463,1.90695409758,0.0212897787914,0.00915059921326,0.126708676238,-0.0356077327592,-0.0589784813368,-0.0300929528341
1495802662730851389,0.00524070184431,0.0810022930925,1.90701243219,0.0360570040385,0.0182170492329,0.128530866196,-0.0603063177161,-0.117414594734,-0.0305257178041
1495802662780583830,-0.00426248130504,0.0836314229138,1.93022352797,0.0434062277893,0.0145159315762,0.122269959882,-0.0725980938717,-0.0935597308548,-0.0290387702327
1495802662830014837,-0.00411938842224,0.0835074556964,1.9301204028,0.0457896179952,0.0130360696452,0.119902862765,-0.076584378668,-0.0840215566604,-0.0284765913511
1495802662885541313,-0.00913830908985,0.0816320629993,1.96107386485,0.0123842377926,0.0370716374109,0.119589715515,-0.0207129737733,-0.238938327885,-0.0284022197633
1495802662929121156,-0.00978600985953,0.0824343354743,1.96109012757,0.00159690653822,0.0466483772524,0.119437162749,-0.00267086951967,-0.300663419198,-0.0283659889121
1495802662980634831,-0.00158794835831,0.0894716512329,1.95558540868,-0.0308724883837,0.0236522309989,0.119373803273,0.0516350745938,-0.152446045558,-0.0283509412155
1495802663030043627,-0.00221823831498,0.0887031114715,1.95558023832,-0.0413700997016,0.0144780175325,0.119356429485,0.0691926143915,-0.0933153629544,-0.0283468149899
1495802663080049705,0.00792520786109,0.0857149993755,2.00266936507,-0.0406091376204,0.0174039021097,0.123156302812,0.0679198846609,-0.112173606541,-0.029249274176
1495802663130351632,0.00793939690186,0.0858131673734,2.00277593936,-0.0403730165361,0.0185758096574,0.124522799575,0.0675249657399,-0.119726918168,-0.0295738132988
1495802663178477235,0.00581828226012,0.0800804291005,2.00819884335,-0.0138943975391,0.00122857715713,0.123431560101,0.0232387569298,-0.00791856502989,-0.0293146470049
1495802663228001061,0.00633202307726,0.0795027033388,1.97865649712,-0.00533802504898,-0.00566755348205,0.122983532241,0.00892799174986,0.0365291594,-0.0292082416531
1495802663280068021,0.0113392235586,0.0773878629838,1.97979829254,0.027458910711,0.0198694984504,0.123923358475,-0.0459257733036,-0.128065148108,-0.02943144773
1495802663330485393,0.0119751226364,0.0782402752587,1.97959768855,0.03804968552,0.030044761218,0.124273128194,-0.0636391315683,-0.193647907363,-0.0295145170506
1495802663386783686,0.00336411843829,0.0880872116318,2.00797798734,0.0632069346591,0.0177785528212,0.129261092111,-0.105715313434,-0.114588347858,-0.0306991443969
1495802663430220980,0.00385259370666,0.0876761527711,2.00809384637,0.0713426364188,0.0128714963147,0.131093178018,-0.119322495401,-0.0829608299389,-0.0311342596269
1495802663479467327,-0.0148772796028,0.0867633286091,2.06269271205,0.0340869950439,0.0401782723086,0.134520760356,-0.0570114242135,-0.258961563966,-0.0319483007541
1495802663529979967,-0.0155988932533,0.0876745659121,2.06279756134,0.0220689139122,0.0510556942239,0.135739474928,-0.0369108573918,-0.329069959108,-0.0322377420238
1495802663580424860,-0.0152702587039,0.0863140471147,2.02506340412,-0.0361744591788,0.0263639809484,0.122750444875,0.0605027646256,-0.169924124322,-0.0291528840619
1495802663627949549,-0.0164000579814,0.0854904763714,2.02478770479,-0.0549912242076,0.0165330920921,0.117938084617,0.0919743147579,-0.106560962913,-0.0280099620885
1495802663677722986,-0.0042074702249,0.0825510802443,2.01133002579,-0.0786600882453,0.0340724962897,0.115588037551,0.131561132152,-0.219607922901,-0.0274518325459
1495802663730080760,-0.00466727631114,0.0831368083069,2.01127537738,-0.0863183754853,0.0410643843106,0.114724961239,0.14436982538,-0.264672833683,-0.0272468543588
1495802663780011970,0.0135958287441,0.0825636198385,2.03036144923,-0.0582281757046,0.021411856043,0.118712681114,0.0973882039763,-0.138006126439,-0.0281939265695
1495802663829238762,0.0141396812784,0.08190803327,2.03045148427,-0.0491706893081,0.0135861651873,0.120181507233,0.0822393121894,-0.0875670949261,-0.0285427686254
1495802663880699148,0.0135474091808,0.0826575274126,2.08326662314,0.00500979034088,0.0319318256006,0.128831761389,-0.00837901029342,-0.205810629046,-0.0305971795628
1495802663930823956,0.0145984130006,0.0832694789883,2.08347013526,0.0225142255056,0.039236642816,0.132004886889,-0.0376556531159,-0.252892466614,-0.0313507879095
1495802663978340194,0.00997538850494,0.0810750949081,2.11254571506,0.0633693987976,0.0145842506797,0.128399713773,-0.105987039114,-0.0940000689004,-0.030494569474
1495802664028574235,0.0107681407817,0.080252989032,2.1124976287,0.0765727437532,0.00477087040151,0.127018672282,-0.128069991845,-0.0307497557677,-0.0301665760192
1495802664080260417,0.0006982964754,0.0857949458553,2.12659108755,0.0740971105349,0.0391615997625,0.135631459693,-0.123929428108,-0.252408790603,-0.0322120887105
1495802664129187170,0.000650842807387,0.0869413499581,2.126766042,0.0733069670785,0.0528460224329,0.138834976496,-0.122607891735,-0.340609185819,-0.0329729149059
1495802664178507340,-0.0149619736774,0.0855574292345,2.14737312487,0.0269585572616,0.0368307739674,0.134695437602,-0.0450889185815,-0.237385887462,-0.0319897861068
1495802664227894975,-0.0158601407807,0.0850233464524,2.14730872365,0.0119999254538,0.0304554900546,0.133124346544,-0.0200702009577,-0.196295183509,-0.0316166564165
1495802664278723154,-0.0151401854659,0.0831400793142,2.1007063398,-0.0373559132024,0.0552249628841,0.13141157664,0.0624787785406,-0.355942203005,-0.0312098784005
1495802664328893500,-0.0160976101017,0.0839668394193,2.09507277703,-0.0533017935372,0.0650940106401,0.130818345514,0.0891486961163,-0.419551310488,-0.0310689876833
1495802664396455516,-0.00063858438376,0.0941080393551,2.08532100783,-0.0750047956348,0.0371002580103,0.122015111754,0.125447556069,-0.239122796623,-0.0289782445218
1495802664430713574,-0.00106044162579,0.0931721889341,2.08514553049,-0.0820311098662,0.0259287811363,0.118735423254,0.13719925729,-0.167119125064,-0.0281993277637
1495802664481768319,0.00619151916788,0.0889481199807,2.14802134655,-0.0713502609347,0.0183030513458,0.12347832912,0.119335247611,-0.117968905319,-0.0293257545148
1495802664530425134,0.00639829304515,0.0886944680654,2.14815731803,-0.067906591539,0.0152753343629,0.125179254481,0.113575617098,-0.0984543199455,-0.0297297194852
1495802664580147727,0.0110833281445,0.0804543607562,2.14485600183,-0.0409031824464,-0.000822753352394,0.117770416192,0.0684116826118,0.0053029033518,-0.027970141311
1495802664628776188,0.0116068649596,0.0799187716631,2.14471184663,-0.0321837900689,-0.00721583279998,0.115004591773,0.0538282622464,0.0465083051071,-0.0273132658212
1495802664678610318,0.0183036649529,0.0818679757795,2.13683253032,0.0301782039788,0.0175550477586,0.123074641658,-0.0504738650862,-0.113147787644,-0.0292298798825
1495802664730347137,0.0195129595052,0.0826940799028,2.1369813002,0.0503188231157,0.0274161615504,0.126100462994,-0.084159597139,-0.17670575824,-0.029948503906
1495802664779435922,0.000952851265771,0.0881572047013,2.21392948278,0.080621975007,0.0145275073275,0.124639410466,-0.134842440999,-0.0936343402019,-0.0296015080559
1495802664830389536,0.00154170544818,0.0877261824838,2.2139568482,0.0904296763002,0.00938226759519,0.124005005509,-0.151246087559,-0.060471656704,-0.02945083867
1495802664883169361,-0.00649881586125,0.0805252285967,2.21825854078,0.0599371116573,0.0278017563143,0.116268108477,-0.100246445732,-0.179191037406,-0.0276133474707
1495802664931548209,-0.00708984471745,0.0811411016645,2.2181135741,0.0500937073175,0.0351535989893,0.11337093005,-0.0837830848576,-0.226575968808,-0.0269252757747
1495802664981474182,-0.00239423336142,0.0927176476634,2.18844801053,0.0163726360365,0.0185974465203,0.109573850087,-0.0273836780675,-0.119866374534,-0.0260234800048
1495802665029018077,-0.00304860538313,0.0921631408279,2.18835401713,0.00547400690279,0.0119780114911,0.108188420131,-0.00915542509044,-0.0772020400756,-0.0256944443022
1495802665079082197,-0.0180401332619,0.0840332494096,2.24111414189,-0.0291244863015,0.017860113021,0.116843985928,0.0487114936765,-0.115114028921,-0.0277501167392
1495802665130659144,-0.0187104153866,0.0842309924467,2.2413177161,-0.0402877155884,0.0202207820848,0.12001916013,0.0673822975901,-0.130329281286,-0.028504211647
1495802665180633864,-0.000587649745369,0.0731432930909,2.17302819958,-0.0728690109299,0.0118695249323,0.109334423937,0.121875398192,-0.0765028101858,-0.0259666169703
1495802665228275468,-0.00122066975493,0.0728666934287,2.17277462797,-0.0834122837012,0.00856806719088,0.105418500546,0.13950930801,-0.0552238797845,-0.0250365962218
1495802665278467814,0.0113605673456,0.0865003379599,2.16952851845,-0.0381386921016,0.0267921744546,0.116816413227,0.0637879974914,-0.17268396574,-0.0277435683006
1495802665330809249,0.0122380564616,0.0871058708034,2.2470071657,-0.0235243924745,0.0340200234816,0.121169612255,0.0393451847839,-0.219269719198,-0.0287774407782
1495802665378348604,-0.00368009799459,0.0774073991985,2.25583652362,-0.0058760489741,0.0137096402861,0.123790176948,0.00982785136473,-0.0883629306567,-0.0293998174934
1495802665428504005,-0.00333686545435,0.0767315375535,2.25589302114,-0.000159216881616,0.00564217331645,0.124759686254,0.000266294555095,-0.036365576274,-0.0296300732159
1495802665477983271,0.01723214295,0.0805292302875,2.20000328854,0.00429563616932,0.0360907969901,0.126666039359,-0.00718456806182,-0.232616503805,-0.0300828266958
1495802665528684549,0.0173173968647,0.0815444289555,2.19999958567,0.00571513743369,0.0482090736173,0.12744276375,-0.00955872244681,-0.310722596667,-0.0302672965454
1495802665578564984,0.00177520199307,0.0939184899087,2.2850067771,0.0341163143441,0.0262363065221,0.129974834193,-0.0570604615386,-0.169101222608,-0.0308686561261
1495802665628464277,0.00232699233541,0.0931831155541,2.28511635256,0.0433066604184,0.0174578427934,0.130823918523,-0.0724315647419,-0.112521271162,-0.0310703112571
1495802665678838423,-0.0195020877934,0.0742407842375,2.29378322935,0.00121135664725,0.0309913777353,0.123110421983,-0.00202602686453,-0.199749147653,-0.0292383776085
1495802665735580132,-0.0203174045022,0.0746957947595,2.29364184902,-0.0123672847882,0.0364233288992,0.120216986235,0.0206846194134,-0.234759776233,-0.0285511947883
1495802665787669930,0.0191599041982,0.0827943389304,2.18990418299,-0.0208570855974,0.0215338251556,0.116872357583,0.0348840416504,-0.138792255616,-0.0277568549271
1495802665827931751,0.0189929972357,0.0822960764989,2.18976559065,-0.0236376797815,0.0155858709199,0.115740994503,0.0395346608791,-0.100455825432,-0.0274881593901
