%time,field.header.seq,field.header.stamp,field.header.frame_id,field.x,field.y,field.phi,field.theta,field.psi,field.u,field.v,field.p,field.q,field.r
1495802636065609252,337,0,,-32.5017623901,-17.9536647797,0.00723780225962,0.000189638871234,1.07785010338,-0.298593103886,0.0517880879343,-0.017999920994,-0.000273533165455,0.736331939697
1495802636148825631,338,0,,-32.5177879333,-17.9788303375,-0.0126397078857,-9.74284193944e-05,1.11518871784,-0.2941827178,0.0497040115297,-0.198775097728,-0.00287067284808,0.932736635208
1495802636249598918,339,0,,-32.3967056274,-17.9995441437,-0.0209534633905,-1.9350736693e-05,1.14982688427,-0.259090900421,0.0571592152119,-0.0831375494599,0.000780776783358,1.13670051098
1495802636259454152,340,0,,-32.4083404541,-18.0227451324,-0.0170978233218,3.06386355078e-05,1.18764436245,-0.255471795797,0.0457918047905,0.0385564006865,0.00049989373656,1.33494949341
1495802636300511748,341,0,,-32.4180488586,-18.0463466644,-0.0159088075161,-6.5378160798e-05,1.2227653265,-0.251966327429,0.0405240319669,0.0118901450187,-0.000960167963058,1.52428424358
1495802636354477829,342,0,,-32.4260101318,-18.0701656342,-0.0182554721832,-0.000118079595268,1.25800549984,-0.248480945826,0.0363959558308,-0.0234666336328,-0.000527014373802,1.70955526829
1495802636453413384,343,0,,-32.2996444702,-18.0748901367,-0.0209594815969,-0.000103949882032,1.29036271572,-0.211004063487,0.0508328415453,-0.0270400978625,0.000141297176015,1.89231681824
1495802636553269519,344,0,,-32.3053436279,-18.095369339,-0.0187705960125,-7.67079909565e-05,1.32278323174,-0.208419069648,0.0417979843915,0.0218888465315,0.000272418896202,2.07060861588
1495802636654381678,345,0,,-32.1436576843,-18.0941200256,-0.0194619931281,-0.000120625365525,1.36002969742,-0.17658649385,0.0521758086979,-0.00691397255287,-0.00043917374569,2.24292397499
1495802636759174196,346,0,,-32.1474533081,-18.1117172241,-0.018694896251,-0.000130233296659,1.40580964088,-0.174744099379,0.0432709753513,0.00767097808421,-9.60793186096e-05,2.4112663269
1495802636858885756,347,0,,-32.0105857849,-18.1061611176,-0.0205305144191,-0.000154081601067,1.45116388798,-0.147788882256,0.0524508394301,-0.018356192857,-0.000238483029534,2.57533526421
1495802636955737178,348,0,,-32.0125732422,-18.121301651,-0.0200160183012,-0.000143537006807,1.49029588699,-0.146573096514,0.0428361706436,0.0051449611783,0.000105445855297,2.73606300354
1495802637058737988,349,0,,-31.8957939148,-18.112613678,-0.0217250138521,-0.000165628327522,1.52424931526,-0.117991872132,0.0448689162731,-0.0170899499208,-0.000220913105295,2.89260601997
1495802637158574215,350,0,,-31.8963680267,-18.1249103546,-0.0225711800158,-0.000169230057509,1.5589247942,-0.117429159582,0.0369314774871,-0.0084616644308,-3.6017405364e-05,3.04633998871
1495802637248396461,351,0,,-31.7962779999,-18.1135616302,-0.0244859475642,-0.000179845592356,1.60289859772,-0.0916579738259,0.0347104258835,-0.0191476773471,-0.000106155297544,3.19685935974
1495802637260360273,352,0,,-31.7155513763,-18.1030349731,-0.0258765611798,-0.000185000462807,1.63932323456,-0.0737636834383,0.0325452126563,-0.0139061333612,-5.15486899531e-05,3.34477329254
1495802637300440652,353,0,,-31.7150020599,-18.1109046936,-0.0267049372196,-0.000194402120542,1.6859074831,-0.0741700977087,0.0268883574754,-0.00828374829143,-9.40166210057e-05,3.4895131588
1495802637359463172,354,0,,-31.7135791779,-18.1185665131,-0.0282004103065,-0.000205327931326,1.72861254215,-0.0745668560266,0.0226319562644,-0.0149547336623,-0.000109258071461,3.63118267059
1495802637461933322,355,0,,-31.6376571655,-18.1041851044,-0.0298342648894,-0.000204268624657,1.77914762497,-0.0549250468612,0.0334985814989,-0.0163385421038,1.05929966594e-05,3.77034401894
1495802637554112364,356,0,,-31.6366939545,-18.1102771759,-0.0281084235758,-0.000191321698367,1.82079946995,-0.0557366423309,0.0263967979699,0.0172584000975,0.000129469393869,3.90592026711
1495802637658035566,357,0,,-31.5723323822,-18.1028957367,-0.0287904068828,-0.000223942755838,1.85663449764,-0.0401841327548,0.0333780124784,-0.00681982096285,-0.00032621063292,4.03704404831
1495802637758264861,358,0,,-31.5716915131,-18.1077651978,-0.0284826643765,-0.000224738410907,1.88552677631,-0.0413105487823,0.0265665408224,0.00307742180303,-7.95654614194e-06,4.16532373428
1495802637857892124,359,0,,-31.5344791412,-18.078742981,-0.00873463600874,0.0285797081888,1.91119265556,0.209118410945,0.0178038440645,0.197480276227,0.288044452667,4.11759996414
1495802637960345798,360,0,,-31.5698833466,-18.0426769257,-0.00973730161786,0.0407036244869,1.94363892078,0.505165338516,0.0152356382459,-0.0100266644731,0.121239177883,4.05572652817
1495802638058656551,361,0,,-31.5654335022,-17.9906482697,-0.0156005006284,0.0414539314806,1.97928750515,0.608530282974,0.0203975476325,-0.0586319826543,0.00750304013491,4.00209236145
1495802638160579708,362,0,,-31.6095657349,-17.952337265,-0.036071036011,0.0110964020714,2.0134510994,0.584072589874,0.0203043818474,-0.20470534265,-0.303575277328,4.12652921677
1495802638249920679,363,0,,-31.5899448395,-17.9366950989,-0.035231679678,-0.0019547145348,2.03537917137,0.441698282957,0.0196520518512,0.00839355029166,-0.130511164665,4.26298189163
1495802638264217188,364,0,,-31.6249275208,-17.9110240936,-0.030100857839,-0.00294356117956,2.06237053871,0.433656126261,0.0148374279961,0.0513082109392,-0.00988846737891,4.38946294785
1495802638302567246,365,0,,-31.6599464417,-17.8872661591,-0.0312971398234,-0.00139993964694,2.0714571476,0.422959774733,0.0136247118935,-0.0119627984241,0.0154362153262,4.50930309296
1495802638358031354,366,0,,-31.7155513763,-17.8477458954,-0.0163300745189,0.0241365749389,2.07153868675,0.682185292244,0.00287443865091,0.149670645595,0.255365133286,4.48013544083
1495802638459933557,367,0,,-31.6978416443,-17.8283119202,-0.0197511762381,0.03257201612,2.08696174622,0.674066126347,0.0283909216523,-0.0342110097408,0.0843544155359,4.45206308365
1495802638559133744,368,0,,-31.7774677277,-17.7739105225,-0.0141918156296,0.0386233888566,2.10085892677,0.964241981506,0.0154255339876,0.055593598634,0.0605137161911,4.39262914658
1495802638660534974,369,0,,-31.7787361145,-17.7487277985,-0.0137782981619,0.0397037789226,2.10980153084,0.941088378429,0.0283036381006,0.0041351779364,0.010803909041,4.33091449738
1495802638760779007,370,0,,-31.8805656433,-17.6804790497,-0.0118591822684,0.0392840020359,2.12455368042,1.22572100163,0.0173880532384,0.0191911514848,-0.00419775769114,4.27137613297
1495802638861201695,371,0,,-31.8770523071,-17.6658878326,-0.024776738137,0.0229512862861,2.12479734421,1.03540468216,0.0521512851119,-0.129175558686,-0.163327157497,4.30798482895
1495802638959139357,372,0,,-31.9639663696,-17.6143188477,-0.0288933999836,0.00323364627548,2.13573718071,1.00987505913,0.0386911667883,-0.0411666221917,-0.197176396847,4.42993879318
1495802639061450134,373,0,,-31.9284496307,-17.6277694702,-0.0271631479263,-0.00279198377393,2.13320922852,0.783264458179,0.0618402138352,0.0173025168478,-0.0602563023567,4.55010318756
1495802639160089704,374,0,,-32.0221633911,-17.5735092163,-0.000707422848791,0.0265690498054,2.12465786934,1.08225226402,0.0374282635748,0.264557272196,0.293610334396,4.48995399475
1495802639236155589,375,0,,-31.9539699554,-17.565738678,-0.00374901946634,0.0397635623813,2.13675808907,1.07423663139,0.0755413472652,-0.0304159671068,0.131945133209,4.41265916824
1495802639261228121,376,0,,-31.90716362,-17.5572910309,-0.00403577461839,0.0411382876337,2.12907505035,1.09794521332,0.0935194268823,-0.00286755152047,0.0137472543865,4.34424257278
1495802639303103002,377,0,,-32.0258026123,-17.4867248535,0.00234107184224,0.0396820120513,2.13434910774,1.37877058983,0.0666394755244,0.0637684613466,-0.0145627688617,4.27635622025
1495802639370964980,378,0,,-32.1663589478,-17.3993148804,1.34467563839e-05,0.0386069454253,2.12538170815,1.6544380188,0.0497657619417,-0.0232762508094,-0.01075067278,4.20809316635
1495802639463605532,379,0,,-32.1176757812,-17.3852119446,-0.00626372499391,0.0382812060416,2.12535333633,1.47161400318,0.0634109452367,-0.0627717152238,-0.00325740082189,4.14595651627
1495802639568082368,380,0,,-32.2634544373,-17.2891464233,-0.00504345260561,0.0384648703039,2.12084293365,1.74529826641,0.0432914607227,0.0122027201578,0.00183664355427,4.08780288696
1495802639662427396,381,0,,-32.1922416687,-17.2965869904,-0.0231575984508,0.0161735638976,2.11364364624,1.38370168209,0.0854868292809,-0.181141451001,-0.222913056612,4.16327810287
1495802639770133620,382,0,,-32.3132133484,-17.2204933167,-0.0164027120918,0.00710846157745,2.09757113457,1.42788147926,0.0595861487091,0.0675488635898,-0.0906510129571,4.24740171432
1495802639873102717,383,0,,-32.2309684753,-17.2438468933,0.00153546000365,0.0284608304501,2.07694935799,1.34302949905,0.0892788246274,0.179381713271,0.213523685932,4.18930196762
1495802639970644311,384,0,,-32.3635139465,-17.1511230469,0.00652191927657,0.0390238836408,2.05912613869,1.61615169048,0.0686019957066,0.049864590168,0.105630531907,4.11785316467
1495802640067928121,385,0,,-32.23254776,-17.168422699,-0.000861469190568,0.0401708781719,2.04466748238,1.48008060455,0.113868147135,-0.0738338828087,0.011469937861,4.05147981644
1495802640168998587,386,0,,-32.3720474243,-17.0619869232,0.00562326936051,0.0392514429986,2.03239798546,1.75281727314,0.0809306427836,0.0648473799229,-0.00919434241951,3.99031209946
1495802640240005174,387,0,,-32.2464141846,-17.0853729248,0.00409931736067,0.0384009815753,2.01877164841,1.57856345177,0.120422840118,-0.0152395199984,-0.0085046235472,3.9269361496
1495802640275948152,388,0,,-32.3893890381,-16.9676399231,0.0100865438581,0.0383559502661,2.00549340248,1.8500084877,0.087802298367,0.0598722696304,-0.000450288353022,3.86520791054
1495802640303771100,389,0,,-32.5479164124,-16.8274345398,0.00609545875341,0.038232062012,1.9877294302,2.11528468132,0.0670025795698,-0.0399108529091,-0.00123888382223,3.80294966698
1495802640368888321,390,0,,-32.7203674316,-16.6640834808,-0.0016055603046,0.0381147228181,1.97247827053,2.37481403351,0.0493106208742,-0.077010191977,-0.00117341929581,3.7478852272
1495802640468314374,391,0,,-32.5378379822,-16.720867157,-0.00703580491245,0.0380050241947,1.95115160942,1.94501721859,0.113990209997,-0.0543024465442,-0.00109695992433,3.69927787781
1495802640568821775,392,0,,-32.69348526,-16.563999176,0.00708068860695,0.0382696464658,1.92958688736,2.20836019516,0.0800753235817,0.141164928675,0.0026462203823,3.64882707596
1495802640670931341,393,0,,-32.4542350769,-16.6471405029,0.00729282712564,0.0380573160946,1.90844511986,1.86215758324,0.141236156225,0.00212138774805,-0.00212329626083,3.5913746357
1495802640769079715,394,0,,-32.5882225037,-16.4986972809,0.0215405412018,0.0264409873635,1.88880610466,1.99717342854,0.100764259696,0.142477139831,-0.116163291037,3.46208786964
1495802640874153132,395,0,,-32.3247337341,-16.6350975037,0.0357371382415,-0.00950759742409,1.87066590786,1.37102794647,0.138656124473,0.141965970397,-0.359485864639,3.14150047302
1495802640970862777,396,0,,-32.3979034424,-16.5414218903,0.0535927154124,-0.0241157710552,1.85673868656,1.18470788002,0.0967497900128,0.17855578661,-0.146081730723,2.81753396988
1495802641070140834,397,0,,-32.0921020508,-16.6991233826,0.0269602946937,0.018681101501,1.84249663353,1.1340225935,0.144968748093,-0.266324222088,0.427968740463,2.76556539536
1495802641170886674,398,0,,-32.1742897034,-16.5842323303,0.00847841706127,0.0399328656495,1.82412838936,1.40849387646,0.107945017517,-0.184818789363,0.212517619133,2.72765898705
1495802641241955977,399,0,,-31.9076137543,-16.7291603088,0.00255450210534,0.0423674099147,1.82384622097,1.2808945179,0.145054340363,-0.0592391528189,0.024345446378,2.69822692871
1495802641273449509,400,0,,-31.6943893433,-16.8472061157,0.0163583904505,0.0401881374419,1.77456605434,1.22063922882,0.167948126793,0.138038873672,-0.0217926967889,2.66685533524
1495802641299181760,401,0,,-31.748216629,-16.7599582672,0.0493978895247,-0.00486750761047,1.74429416656,1.01856267452,0.116089887917,0.330395013094,-0.450556457043,2.35531640053
1495802641369750861,402,0,,-31.7873439789,-16.6849842072,0.0589381270111,-0.0242681913078,1.71574699879,0.841195821762,0.0871466547251,0.0954023823142,-0.194006845355,2.04272723198
1495802641497264423,403,0,,-31.5193767548,-16.9060592651,0.0454955250025,-0.0255356617272,1.68834710121,0.488800376654,0.146202772856,-0.134426027536,-0.0126747060567,1.74210524559
1495802641568886100,404,0,,-31.5373687744,-16.8781204224,0.0480433963239,-0.0226348694414,1.66115748882,0.316569745541,0.101077727973,0.0254787020385,0.0290079247206,1.45504045486
1495802641679111362,405,0,,-31.2910556793,-17.1335105896,0.0436405465007,-0.0212512873113,1.63513123989,-0.143755868077,0.0857952684164,-0.0440285019577,0.0138358268887,1.17254424095
1495802641768713884,406,0,,-31.292224884,-17.164434433,0.0387331843376,-0.0208408478647,1.6087192297,-0.303745627403,0.0591316744685,-0.0490736365318,0.00410438608378,0.901730954647
1495802641880927177,407,0,,-31.0710391998,-17.4585857391,0.0333639495075,-0.0208008512855,1.58183610439,-0.581276535988,0.0492474399507,-0.0536923371255,0.00039997024578,0.641526162624
1495802641972878324,408,0,,-31.0704193115,-17.531791687,0.0314528793097,-0.0206935964525,1.55414116383,-0.731437087059,0.0304693747312,-0.0191107075661,0.00107255228795,0.390647888184
1495802642092770456,409,0,,-30.8314571381,-17.8394603729,0.029083263129,-0.0206095036119,1.52519452572,-0.906173169613,0.0252158343792,-0.0236961562186,0.000840917229652,0.147091805935
1495802642180931249,410,0,,-30.8384647369,-17.9441604614,0.0283066146076,-0.0204950124025,1.49693381786,-1.04927492142,0.0129478937015,-0.00776649033651,0.00114492466673,-0.0890130028129
1495802642219485316,411,0,,-30.6408958435,-18.2500629425,0.0267919655889,-0.0204066243023,1.46751403809,-1.15388643742,0.0477093607187,-0.0151464818045,0.000883872271515,-0.318523555994
1495802642291210498,412,0,,-30.6640510559,-18.3771629333,0.0344337522984,-0.0202801991254,1.43846869469,-1.29159581661,0.0290968921036,0.076417863369,0.00126425712369,-0.543939709663
1495802642303287592,413,0,,-30.6955318451,-18.5162944794,0.0346439257264,-0.0202842950821,1.41051208973,-1.42635858059,0.0191525239497,0.00210173567757,-4.09597123507e-05,-0.767771303654
1495802642384347549,414,0,,-30.7364253998,-18.6666488647,0.0308765564114,-0.0202117655426,1.38132941723,-1.55812752247,0.0108006037772,-0.0376737043262,0.000725294637959,-0.983362972736
1495802642487014794,415,0,,-30.5640144348,-18.9529571533,0.0281250271946,-0.0200824383646,1.35071825981,-1.51946222782,0.0448439903557,-0.0275152754039,0.0012932640966,-1.19051790237
1495802642580646326,416,0,,-30.6246166229,-19.1063671112,0.0359699688852,-0.0200022403151,1.31788301468,-1.64924263954,0.0275992173702,0.0784494131804,0.000801980728284,-1.39411973953
1495802642681032273,417,0,,-30.4927883148,-19.3644294739,0.0368949584663,-0.020044054836,1.28478384018,-1.09113836288,-0.0651842951775,0.00924989115447,-0.000418130279286,-1.5972366333
1495802642793450830,418,0,,-30.543548584,-19.4766101837,0.0157024469227,-0.0204067584127,1.25195717812,-1.23031902313,-0.0490285269916,-0.211925119162,-0.00362703390419,-1.78733479977
1495802642892419981,419,0,,-30.4190559387,-19.6747379303,0.0109746074304,-0.0202349312603,1.21816718578,-1.31762850285,-0.0324959941208,-0.04727839306,0.00171827152371,-1.95987868309
1495802643000502790,420,0,,-30.4941806793,-19.7990112305,0.0196245536208,-0.0201042704284,1.18236768246,-1.45179843903,-0.0321036949754,0.0864994674921,0.00130659143906,-2.13203668594
1495802643095289425,421,0,,-30.4022140503,-19.9880599976,0.0251337680966,-0.0201280377805,1.14576566219,-1.46714866161,-0.0399338342249,0.0550921447575,-0.000237657615799,-2.30677247047
1495802643198726388,422,0,,-30.4992809296,-20.1150493622,0.0234795566648,-0.0201705880463,1.10966920853,-1.59805822372,-0.0322405844927,-0.0165421124548,-0.000425512116635,-2.47777438164
1495802643248393598,423,0,,-30.480424881,-20.296087265,0.0232113990933,-0.0200646258891,1.07292449474,-1.47989654541,-0.108850874007,-0.00268157944083,0.00105961621739,-2.64246225357
1495802643299527478,424,0,,-30.4677562714,-20.4416675568,0.00781479664147,-0.0201602503657,1.03506207466,-1.40620720387,-0.158986404538,-0.153966024518,-0.000956243427936,-2.79804372787
1495802643313895993,425,0,,-30.5727272034,-20.5548305511,-0.00841550901532,-0.020142711699,0.996291995049,-1.53840351105,-0.125676348805,-0.162303060293,0.000175388981006,-2.93643450737
1495802643398951221,426,0,,-30.6946926117,-20.6690559387,-0.00264981249347,-0.0199240837246,0.957482814789,-1.66769742966,-0.105360865593,0.0576569698751,0.00218628486618,-3.06743764877
1495802643480510967,427,0,,-30.6726016998,-20.78764534,0.00937442295253,-0.0198962055147,0.916735768318,-1.61578035355,-0.106790848076,0.120242349803,0.0002787761332,-3.20472621918
1495802643580395523,428,0,,-30.8136882782,-20.890411377,0.0124791152775,-0.0200407709926,0.873999595642,-1.74350130558,-0.0824540704489,0.0310469269753,-0.00144565699156,-3.34463596344
1495802643679311174,429,0,,-30.7934093475,-20.9948692322,0.0155429951847,-0.0199858862907,0.831001281738,-1.14671909809,-0.110174238682,0.0306387972087,0.000548850221094,-3.48142576218
1495802643805230331,430,0,,-30.9041290283,-21.0605792999,0.0102317696437,-0.0202631969005,0.830256462097,-1.28469383717,-0.0849438980222,-0.0531122498214,-0.00277310772799,-3.6140422821
1495802643894119496,431,0,,-30.8434772491,-21.1434364319,0.0129439029843,-0.0202212836593,0.744025111198,-1.07550060749,0.0443397052586,0.0271213296801,0.000419135729317,-3.74079823494
1495802643999135784,432,0,,-30.9582500458,-21.1833667755,0.0433696843684,-0.0201606340706,0.697215855122,-1.21492159367,0.0261960402131,0.304257810116,0.000606504094321,-3.87653923035
1495802644082442677,433,0,,-30.8961639404,-21.2567653656,0.0512319542468,-0.0204108711332,0.652656853199,-0.735395789146,0.058262526989,0.0786227211356,-0.00250237528235,-4.02645969391
1495802644198836880,434,0,,-30.9830245972,-21.2728748322,0.0520838387311,-0.0206314586103,0.607335865498,-0.882213652134,0.0460235923529,0.00851882342249,-0.00220588291995,-4.17158842087
1495802644247717049,435,0,,-30.9443740845,-21.3424301147,0.0477990396321,-0.0205984339118,0.559655249119,-0.960058808327,0.115930199623,-0.0428479760885,0.00033024820732,-4.31063604355
1495802644302481551,436,0,,-30.9266490936,-21.3910331726,0.0609776116908,-0.0203777123243,0.512171149254,-1.03486585617,0.154709726572,0.131785720587,0.00220722099766,-4.4480676651
1495802644309976500,437,0,,-31.0446376801,-21.3853302002,0.0761488750577,-0.02037069574,0.462014019489,-1.17523992062,0.119131855667,0.15171264112,7.01723402017e-05,-4.59440755844
1495802644395489538,438,0,,-31.1757640839,-21.3740177155,0.0709981620312,-0.0204695872962,0.412158161402,-1.31252717972,0.0972973108292,-0.0515071190894,-0.000988922431134,-4.74077701569
1495802644495268567,439,0,,-31.1463794708,-21.4298191071,0.0599954016507,-0.0203348845243,0.362813770771,-0.85527664423,-0.00576416496187,-0.110027633607,0.00134703633375,-4.87451648712
1495802644606147753,440,0,,-31.2454242706,-21.4163398743,0.0356726460159,-0.0205006878823,0.311920285225,-0.999583661556,-0.00114646472502,-0.243227526546,-0.00165803893469,-4.99216508865
1495802644696303698,441,0,,-31.1800746918,-21.4910182953,0.0307644885033,-0.0203140936792,0.261492222548,-0.600465118885,0.0526829250157,-0.0490815974772,0.00186593597755,-5.09452342987
1495802644803113720,442,0,,-31.2516975403,-21.468378067,0.0480209179223,-0.0204056017101,0.207734376192,-0.750310540199,0.0356730744243,0.172564297915,-0.000915084499866,-5.20156764984
1495802644903743066,443,0,,-31.2126483917,-21.5550136566,0.0532213710248,-0.0206366535276,0.155469283462,-0.986239731312,0.0511654652655,0.0520045161247,-0.00231051072478,-5.31716966629
1495802645006012847,444,0,,-31.2022800446,-21.6366729736,0.0535531006753,-0.0205557979643,0.102293409407,-1.14391005039,-0.0102353142574,0.00331730395555,0.000808550510556,-5.42956256866
1495802645098300002,445,0,,-31.2098655701,-21.6943130493,0.0393198989332,-0.0204575583339,0.10145150125,-1.26520323753,-0.0506841652095,-0.142332017422,0.000982394558378,-5.53372192383
1495802645207906329,446,0,,-31.3370132446,-21.6354789734,0.0252372119576,-0.0202607139945,0.0479456409812,-1.40047216415,-0.0385207459331,-0.14082685113,0.00196845806204,-5.62324666977
1495802645253721302,447,0,,-31.3885192871,-21.7055587769,0.0268658660352,-0.0200360417366,6.14013385773,-1.36155927181,0.0594513937831,0.0162865463644,0.00224671768956,-5.70621490479
1495802645314450604,448,0,,-31.4978866577,-21.6035766602,0.0528887584805,-0.0199642889202,6.16713953018,-1.49480652809,0.0411897301674,0.260228931904,0.000717525894288,-5.79877996445
1495802645325570872,449,0,,-31.6190223694,-21.4951629639,0.0592062138021,-0.0201999433339,6.1122918129,-1.62519991398,0.038321711123,0.0631745532155,-0.00235654157586,-5.90404891968
1495802645405242244,450,0,,-31.7423095703,-21.370552063,0.0533348247409,-0.0201819781214,6.05807495117,-1.7525895834,0.0341912694275,-0.0587139092386,0.000179640948772,-6.00341796875
1495802645499820054,451,0,,-31.7164669037,-21.469083786,0.0483758933842,-0.0199836436659,6.00485181808,-1.02244436741,0.0406036190689,-0.0495893247426,0.00198335153982,-6.09453487396
1495802645601901822,452,0,,-31.7866230011,-21.3762531281,0.0497508123517,-0.0202080048621,5.94993400574,-1.16315031052,0.031495898962,0.0137492129579,-0.00224361335859,-6.18227672577
1495802645700470153,453,0,,-31.7116260529,-21.5286121368,0.0496686585248,-0.0190113224089,5.89711618423,-1.12926864624,0.1285559237,-0.000821537163574,0.0119668236002,-6.26130151749
1495802645797780850,454,0,,-31.7692298889,-21.4161567688,0.069911301136,-0.0189118012786,5.84347629547,-1.25980973244,0.0965798124671,0.202426433563,0.000995221547782,-6.34824848175
1495802645900257288,455,0,,-31.7381534576,-21.5710163116,0.0720031410456,-0.0199990253896,5.78938770294,-0.792381167412,0.00216693035327,0.0209184288979,-0.0108722504228,-6.44840526581
1495802645999008256,456,0,,-31.7757358551,-21.4850826263,0.0470221042633,-0.020724453032,5.73602104187,-0.937859892845,0.0105056986213,-0.249810412526,-0.00725427828729,-6.53524637222
1495802646103594807,457,0,,-31.7270183563,-21.6719017029,0.0384090021253,-0.0205079410225,5.68513298035,-1.03444766998,0.0896923243999,-0.0861310064793,0.00216512591578,-6.6038441658
1495802646205684118,458,0,,-31.7561588287,-21.5579166412,0.0596117451787,-0.0202036835253,5.68436145782,-1.17474150658,0.0643228217959,0.212027415633,0.00304257962853,-6.67754411697
1495802646252337119,459,0,,-31.7558860779,-21.7442741394,0.0627873912454,-0.0141696454957,5.63549089432,-0.662611722946,-0.00283488980494,0.0317564755678,0.0603403709829,-6.72550916672
1495802646308462620,460,0,,-31.773103714,-21.6729793549,0.0413340590894,-0.0107190692797,5.58882236481,-0.733392119408,0.00759711349383,-0.214533343911,0.0345057621598,-6.75765514374
1495802646321927532,461,0,,-31.7883911133,-21.5941829681,0.034067325294,-0.00986742787063,5.49971628189,-0.802635014057,0.00585680454969,-0.0726673156023,0.00851641315967,-6.77505731583
1495802646404129464,462,0,,-31.7967967987,-21.5125789642,0.0358115285635,-0.00554963247851,5.45536565781,-0.820328950882,0.00669493060559,0.0174420233816,0.0431779585779,-6.76521587372
1495802646505416577,463,0,,-31.7633743286,-21.8211460114,0.0277863834053,0.0185961984098,5.41256380081,-0.750194370747,0.0718083307147,-0.080251455307,0.241458296776,-6.62053251266
1495802646598762876,464,0,,-31.760181427,-21.765953064,0.0327802337706,0.0270131174475,5.37038850784,-0.549581348896,0.0601109862328,0.0499385148287,0.0841692015529,-6.49007606506
1495802646699811058,465,0,,-31.7813987732,-22.0482406616,0.0464526638389,0.00330287939869,5.32893228531,-0.782632291317,0.0320983044803,0.136724278331,-0.237102374434,-6.51133012772
1495802646803530606,466,0,,-31.7749137878,-21.9600086212,0.0539858862758,-0.013736160472,5.28964138031,-0.884224355221,0.0293076802045,0.0753322467208,-0.17039039731,-6.56776618958
1495802646911610970,467,0,,-31.78865242,-22.2137336731,0.0490072928369,-0.00840514618903,5.25436830521,-0.998712480068,0.0276279486716,-0.0497859269381,0.0533101409674,-6.56782627106
1495802647002327740,468,0,,-31.7780952454,-22.1415729523,0.0293335523456,0.0213985871524,5.22028493881,-0.728514611721,0.0335776843131,-0.196737423539,0.298037320375,-6.41168498993
1495802647099553651,469,0,,-31.8453426361,-22.432964325,0.015058029443,0.0383969210088,5.18863677979,-0.331675767899,0.157134830952,-0.142755225301,0.169983327389,-6.22161245346
1495802647200209401,470,0,,-31.8323249817,-22.4252967834,0.0435836389661,0.0358887910843,5.15695810318,-0.0930367484689,0.119025804102,0.28525608778,-0.0250813085586,-6.07338476181
1495802647252946621,471,0,,-31.89112854,-22.7583961487,0.0542673319578,0.0310569722205,5.12554931641,0.431792616844,0.0559013932943,0.106836952269,-0.0483181811869,-5.95053005219
1495802647320138967,472,0,,-31.8930606842,-22.7964515686,0.0480839163065,0.0039945715107,5.09510469437,0.377627551556,0.0509420409799,-0.0618341714144,-0.270624011755,-5.97996759415
1495802647332566315,473,0,,-31.8962459564,-22.8301620483,0.0472482219338,-0.00681884400547,5.06670999527,0.336044967175,0.0415140911937,-0.00835692696273,-0.108134150505,-5.99862909317
1495802647397809735,474,0,,-31.8995437622,-22.8574848175,0.04656515643,-0.0091817509383,5.04008293152,0.272944837809,0.0352696962655,-0.00683065829799,-0.0236290693283,-6.02941036224
1495802647507415433,475,0,,-31.9688491821,-23.2128486633,0.0343173593283,0.0135855767876,5.01742458344,0.704013645649,0.031644705683,-0.122477978468,0.227673277259,-5.92283678055
1495802647601964048,476,0,,-31.9900932312,-23.3000431061,0.0212495345622,0.0267204791307,4.99277496338,0.89690130949,0.0318571701646,-0.130678251386,0.131349012256,-5.79529190063
1495802647709303187,477,0,,-32.116230011,-23.662027359,0.0198943372816,0.028102921322,4.97225666046,1.14599597454,0.0631333291531,-0.0135519774631,0.0138244275004,-5.67053461075
1495802647802742025,478,0,,-32.1513824463,-23.7986812592,0.0276661366224,0.034384932369,4.95227813721,1.40997135639,0.0547478348017,0.0777179896832,0.0628201067448,-5.50450801849
1495802647912763208,479,0,,-32.2659835815,-24.1707439423,0.0268339551985,0.0383454523981,4.93932723999,0.962672293186,-0.0197862181813,-0.00832180771977,0.0396051853895,-5.33765697479
1495802648002517780,480,0,,-32.3018722534,-24.290102005,0.00776175921783,0.0392510034144,4.92215633392,1.24637317657,-0.00288020283915,-0.190721958876,0.0090555427596,-5.16720104218
1495802648108412320,481,0,,-32.4463996887,-24.6018562317,0.0050948029384,0.0363080985844,4.9221405983,1.07359588146,-0.123179085553,-0.0266695600003,-0.0294290781021,-5.00732326508
1495802648211380511,482,0,,-32.4903030396,-24.7261734009,-0.0146291702986,0.0338197946548,4.89699077606,1.31572234631,-0.0843876749277,-0.197239726782,-0.0248830169439,-4.85199213028
1495802648231215509,483,0,,-32.6135215759,-25.0148887634,-0.0137271769345,0.0333305895329,4.8968706131,1.31080067158,0.059499476105,0.00901993736625,-0.00489207264036,-4.69117975235
1495802648294331354,484,0,,-32.7042922974,-25.2547664642,0.0250850096345,0.0281302127987,4.87699651718,1.28050243855,0.153291359544,0.388121843338,-0.0520037524402,-4.58390522003
1495802648309577076,485,0,,-32.7330093384,-25.3955669403,0.0623043887317,0.0230419654399,4.86878299713,1.43158626556,0.124591425061,0.372193783522,-0.0508824661374,-4.52610778809
1495802648408054683,486,0,,-32.8077812195,-25.6313285828,0.0582639612257,0.0235946513712,4.86592006683,1.03321385384,0.199834138155,-0.040404278785,0.00552684720606,-4.46700620651
1495802648509701619,487,0,,-32.8581390381,-25.8074436188,0.0574431829154,0.0305690206587,4.85962724686,0.816727519035,0.241142347455,-0.00820774864405,0.0697437003255,-4.36869573593
1495802648599769845,488,0,,-32.8699798584,-25.9189300537,0.0633659809828,0.0377525389194,4.85538673401,1.10456752777,0.191996559501,0.0592279694974,0.0718351826072,-4.25160264969
1495802648704645192,489,0,,-32.9144439697,-26.1019496918,0.0544679053128,0.0395149737597,4.85083246231,0.798061549664,0.0842276141047,-0.0889807641506,0.0176243577152,-4.13845252991
1495802648813318649,490,0,,-32.9352798462,-26.2087726593,0.0265159551054,0.039303638041,4.84835290909,1.08566606045,0.0763851776719,-0.279519498348,-0.00211336044595,-4.01307010651
1495802648909009867,491,0,,-33.0254745483,-26.3853473663,0.0163926817477,0.0390489920974,4.84944868088,1.25433826447,0.144189655781,-0.101232744753,-0.00254647433758,-3.87460112572
1495802649006696941,492,0,,-33.0507774353,-26.5369110107,0.0351060144603,0.0389296226203,4.85570430756,1.53263950348,0.110626354814,0.187133327127,-0.00119368883315,-3.74537944794
1495802649106071731,493,0,,-33.1285209656,-26.7437515259,0.0382762365043,0.0384885556996,4.8616938591,1.06439387798,0.0430154800415,0.0317022390664,-0.00441066036001,-3.63187241554
1495802649213595250,494,0,,-33.1511039734,-26.8759841919,0.0194152798504,0.0379569679499,4.86563587189,1.34073126316,0.044552154839,-0.188609585166,-0.00531589332968,-3.51687431335
1495802649264110963,495,0,,-33.2128105164,-27.0613040924,0.0116075119004,0.0363916493952,4.86723566055,1.2453867197,-0.107180587947,-0.0780776888132,-0.0156531780958,-3.40108513832
1495802649310777721,496,0,,-33.2454299927,-27.2023925781,-0.0154505735263,0.0305898617953,4.87120342255,1.44620168209,-0.0740649923682,-0.270580857992,-0.0580178871751,-3.30889058113
1495802649323851940,497,0,,-33.27784729,-27.363779068,-0.0158855821937,0.0285186395049,4.87567186356,1.64500761032,-0.0600669942796,-0.0043500806205,-0.0207122061402,-3.20545721054
1495802649411452322,498,0,,-33.3093757629,-27.5420722961,-0.00403445400298,0.0256842002273,4.87991571426,1.81001150608,-0.0459880307317,0.118511274457,-0.0283443946391,-3.12900471687
1495802649510369230,499,0,,-33.3563117981,-27.7027645111,0.00468537164852,0.0230898465961,4.88721466064,1.73630392551,0.0710037499666,0.0871982574463,-0.0259435400367,-3.07223320007
1495802649611349952,500,0,,-33.3855895996,-27.8846683502,0.0276164542884,0.0262911338359,4.88740110397,1.11433947086,0.0343854464591,0.229310825467,0.0320128723979,-3.00410246849
1495802649705052298,501,0,,-33.3977661133,-28.0239372253,0.021593766287,0.0356077216566,4.91395235062,1.39745426178,0.0390835814178,-0.0602268688381,0.0931658744812,-2.90179991722
1495802649809601067,502,0,,-33.4134597778,-28.1830043793,0.0108506530523,0.0392029881477,4.93066501617,1.62829232216,0.0571295805275,-0.107431136072,0.0359526500106,-2.79312372208
1495802649910784537,503,0,,-33.4229125977,-28.3426113129,0.0123876789585,0.0393078587949,4.94767856598,1.80989408493,0.0631168335676,0.0153702590615,0.00104872765951,-2.68295311928
1495802650012470720,504,0,,-33.4223594666,-28.5502605438,0.0178076140583,0.0386409014463,4.96417284012,2.07583785057,0.0525837354362,0.0541993565857,-0.00666958605871,-2.57964801788
1495802650114092443,505,0,,-33.4228286743,-28.7329540253,0.0207972135395,0.0300999265164,4.96445560455,1.42067885399,-0.0355249047279,0.0298959817737,-0.0854097381234,-2.53088355064
1495802650217815757,506,0,,-33.4298057556,-28.8581218719,0.0124778151512,0.0070525300689,4.99230766296,0.919867992401,-0.137124374509,-0.0831939727068,-0.230473965406,-2.59808731079
1495802650229547416,507,0,,-33.4405937195,-28.9270172119,-0.00864813476801,-0.00137207738589,5.01168060303,0.559131324291,-0.20735013485,-0.211259499192,-0.0842460766435,-2.64831614494
1495802650300171062,508,0,,-33.4552001953,-28.9801273346,-0.0291404034942,-0.00397498812526,5.03069543839,0.526581704617,-0.16159966588,-0.204922676086,-0.0260291062295,-2.69899439812
1495802650308524361,509,0,,-33.4639625549,-29.0515995026,-0.0302946642041,0.0158502105623,5.04967355728,0.70871424675,-0.127425506711,-0.0115426182747,0.198251992464,-2.62420678139
1495802650408820213,510,0,,-33.4649085999,-29.1504974365,-0.0269740242511,0.0344203263521,5.07422733307,0.98439013958,-0.0955579429865,0.0332063995302,0.185701161623,-2.50086164474
1495802650508787047,511,0,,-33.4560241699,-29.248500824,-0.0212275143713,0.0405509285629,5.10267210007,0.539273619652,-0.0454214774072,0.0574650987983,0.0613060072064,-2.37800645828
1495802650611324177,512,0,,-33.3988189697,-29.3303012848,-0.00852450728416,0.0405381508172,5.13238382339,0.580090165138,-0.161153763533,0.127030074596,-0.000127764185891,-2.2639439106
1495802650708765618,513,0,,-33.3920707703,-29.4180297852,-0.0292019788176,0.0393162146211,5.15928459167,0.872665286064,-0.112450130284,-0.206774711609,-0.0122193545103,-2.15093421936
1495802650814546808,514,0,,-33.3358421326,-29.5421104431,-0.0293094459921,0.0348847806454,5.18658161163,0.65959829092,-0.194135174155,-0.00107466930058,-0.0443143546581,-2.05264639854
1495802650909859209,515,0,,-33.3338508606,-29.6077384949,-0.0284486636519,0.00871673040092,5.2123041153,0.638816654682,-0.151719048619,0.00860781222582,-0.261680483818,-2.10655403137
1495802651011543996,516,0,,-33.3297462463,-29.6664886475,-0.010928504169,-0.00673211691901,5.24218130112,0.575841903687,-0.123433679342,0.17520159483,-0.154488474131,-2.18994688988
1495802651110055966,517,0,,-33.2800216675,-29.7673854828,-0.0104891359806,0.0182261038572,5.27424383163,0.945100724697,-0.169270977378,0.00439368747175,0.249582216144,-2.11312317848
1495802651214871737,518,0,,-33.2478256226,-29.8865261078,-0.0366350002587,0.0369015112519,5.30804777145,1.22821307182,-0.120688661933,-0.26145863533,0.186754077673,-1.99979257584
1495802651239961101,519,0,,-33.1291007996,-30.0453891754,-0.0383134111762,0.0413154140115,5.30865907669,0.833076775074,0.00108552479651,-0.0167841333896,0.0441390201449,-1.87624061108
1495802651297431258,520,0,,-33.0345726013,-30.14868927,-0.00373425893486,0.0405261702836,5.38446187973,0.613916456699,0.085391908884,0.345791548491,-0.00789245590568,-1.76950645447
1495802651312530386,521,0,,-32.984752655,-30.2246875763,0.029028320685,0.0393136404455,5.42583703995,0.905988037586,0.0704109892249,0.3276258111,-0.0121252909303,-1.69356358051
1495802651418890209,522,0,,-32.8882446289,-30.3344974518,0.0280758906156,0.0385881103575,5.46671819687,1.09928953648,0.162276268005,-0.00952430162579,-0.0072552957572,-1.6300368309
1495802651520010543,523,0,,-32.7871894836,-30.4382247925,0.0366925857961,0.0386672914028,5.50692939758,1.26491773129,0.21162699163,0.0861669555306,0.000791798229329,-1.56489408016
1495802651625001127,524,0,,-32.6828079224,-30.5658397675,0.0505781695247,0.0386956073344,5.54741477966,1.18366956711,0.0221314858645,0.138855814934,0.00028315288364,-1.51064884663
1495802651722880196,525,0,,-32.5990753174,-30.6762657166,0.0131528936327,0.038404751569,5.59204959869,1.12016820908,-0.0974897518754,-0.374252736568,-0.00290852435865,-1.45124447346
1495802651824150683,526,0,,-32.5344161987,-30.7612400055,-0.0177296586335,0.00813634973019,5.59251594543,1.06481051445,-0.0796109810472,-0.308825522661,-0.302684038877,-1.54556274414
1495802651919839038,527,0,,-32.4367179871,-30.8701705933,-0.0179754886776,0.0195983480662,5.63872432709,1.3373234272,-0.0894450172782,-0.00245828577317,0.114619977772,-1.47538626194
1495802652015264721,528,0,,-32.3318748474,-30.9846591949,-0.0179750714451,0.0293290074915,5.69283533096,1.55094075203,-0.067258246243,4.17228739025e-06,0.0973065942526,-1.41556060314
1495802652120930185,529,0,,-32.2123146057,-31.1126747131,-0.0167752895504,0.0374854281545,5.79128789902,1.64609336853,-0.146397143602,0.0119978133589,0.0815642103553,-1.32337665558
1495802652222896640,530,0,,-32.0620803833,-31.2317333221,-0.0339387282729,0.0393509715796,5.79271602631,1.91396248341,-0.106016978621,-0.171634405851,0.0186554193497,-1.22910583019
1495802652251752129,531,0,,-31.8932094574,-31.3604335785,-0.0322088226676,0.0390058122575,5.89731359482,1.32893323898,-0.125468194485,0.017299072817,-0.00345158786513,-1.12830281258
1495802652303590282,532,0,,-31.755941391,-31.4442558289,-0.0301452279091,0.0387018620968,5.95326662064,1.60558378696,-0.0946811214089,0.0206359513104,-0.00303949345835,-1.03428733349
1495802652320974477,533,0,,-31.5879325867,-31.5280838013,-0.0235955156386,0.0385170951486,6.01020526886,1.87623751163,-0.071960054338,0.0654971078038,-0.00184767262544,-0.945597529411
1495802652419446778,534,0,,-31.4111042023,-31.6013393402,-0.017071640119,0.0383239500225,6.06890487671,1.52181792259,0.0868406072259,0.0652387663722,-0.00193143088836,-0.864347755909
1495802652522563658,535,0,,-31.2769393921,-31.6358528137,0.0169397480786,0.0385836586356,6.13324737549,1.3449151516,0.188543945551,0.34011387825,0.00259705912322,-0.798481166363
1495802652618944141,536,0,,-31.11561203,-31.6576709747,0.0497853122652,0.0385925844312,6.19936466217,1.62113058567,0.148999646306,0.328455656767,8.9283726993e-05,-0.761409461498
1495802652719096335,537,0,,-31.0098361969,-31.6857185364,0.045587759465,0.0342774130404,6.26656770706,1.07139182091,0.0698533579707,-0.0419755391777,-0.0431517139077,-0.758637428284
1495802652820309133,538,0,,-30.8819007874,-31.6914691925,0.0192916858941,0.0297993272543,0.136158883572,1.27921056747,0.0606459267437,-0.262960731983,-0.0447808764875,-0.756785988808
1495802652930434380,539,0,,-30.7953357697,-31.7160758972,0.0110683040693,0.023260012269,0.122358813882,1.3659954071,0.159385815263,-0.0822338163853,-0.0653931424022,-0.771872639656
1495802653022059021,540,0,,-30.6558017731,-31.7487983704,0.0346242524683,0.0284490510821,0.186872214079,0.879851162434,0.110432639718,0.235559478402,0.0518903918564,-0.74975502491
1495802653120960703,541,0,,-30.5701141357,-31.772277832,0.031730029732,0.0366301909089,0.251152217388,0.583546280861,0.0901000350714,-0.0289422068745,0.0818113982677,-0.712006211281
1495802653222622167,542,0,,-30.4854850769,-31.7488746643,0.0175208300352,0.0396354086697,0.318433582783,0.874865949154,0.0747784972191,-0.142092004418,0.0300521850586,-0.666103363037
1495802653255563923,543,0,,-30.4247207642,-31.781627655,0.00977574195713,0.039649669081,0.390186309814,1.25507700443,0.093111179769,-0.0774508789182,0.000142595657962,-0.611760437489
1495802653308098121,544,0,,-30.2900829315,-31.7283401489,0.0188389476389,0.0311799328774,0.460472851992,1.44638156891,0.0686234608293,0.0906320512295,-0.0846973732114,-0.607295036316
1495802653323981422,545,0,,-30.1414070129,-31.6595172882,0.0217647328973,0.0272553246468,0.531578242779,1.63738560677,0.0554978996515,0.0292578618973,-0.0392460785806,-0.608217358589
1495802653424161830,546,0,,-30.0025806427,-31.5870132446,0.0277014486492,0.00339087867178,0.603580951691,1.56570518017,0.039058804512,0.059367146343,-0.238644450903,-0.75219899416
1495802653548445863,547,0,,-29.9554290771,-31.6439533234,0.0362352468073,-0.0170247945935,0.604261934757,0.999052941799,0.181885585189,0.0853379741311,-0.204156726599,-0.957846939564
1495802653623826256,548,0,,-29.8816585541,-31.7058544159,0.0563917979598,0.0087300715968,0.673493206501,0.734423398972,-0.00202469527721,0.201565518975,0.25754866004,-0.982895553112
1495802653735313548,549,0,,-29.825586319,-31.7632656097,0.00849432032555,0.0341940671206,0.73765784502,0.634837210178,-0.105415582657,-0.478974789381,0.254639983177,-0.939056038857
1495802653821033598,550,0,,-29.7363910675,-31.8280563354,-0.0415990017354,0.0417638681829,0.803486824036,0.998726963997,-0.132700055838,-0.500933229923,0.0756980106235,-0.854118943214
1495802653946960853,551,0,,-29.6334762573,-31.751121521,-0.0508985742927,0.0411669239402,0.928555130959,1.28012812138,-0.111142724752,-0.0929957181215,-0.00596944289282,-0.749486744404
1495802654031045918,552,0,,-29.540473938,-31.7781124115,-0.0334282591939,0.0394562594593,0.990602552891,0.944724082947,-0.170191153884,0.174703150988,-0.0171066597104,-0.656084060669
1495802654142819139,553,0,,-29.4795970917,-31.8148403168,-0.0359299108386,0.0386531837285,1.05604851246,0.712407410145,-0.192670673132,-0.025016495958,-0.00803076196462,-0.574536919594
1495802654252139047,554,0,,-29.419008255,-31.8994312286,-0.0275964234024,-0.00483549945056,1.1219291687,0.352109909058,-0.271556347609,0.0833348557353,-0.434886842966,-0.756404399872
1495802654260419080,555,0,,-29.3910045624,-31.8942279816,-0.0290946196765,-0.0235525928438,1.18506705761,0.188982784748,-0.213091313839,-0.0149819636717,-0.187170922756,-0.929342269897
1495802654304108088,556,0,,-29.3673191071,-31.8854484558,-0.0276660807431,-0.010089003481,1.24785268307,0.188377201557,-0.168311625719,0.0142853967845,0.134635895491,-1.00930666924
1495802654344036696,557,0,,-29.347776413,-31.8749904633,-0.0228848010302,-0.00132623233367,1.30885457993,0.176846280694,-0.133600264788,0.0478127971292,0.0876277089119,-1.09447896481
1495802654444027135,558,0,,-29.2745380402,-32.0021057129,-0.0131270205602,-0.00168113596737,1.36735928059,0.0584615021944,0.0376531518996,0.0975778028369,-0.00354903633706,-1.19544494152
1495802654540214507,559,0,,-29.2192802429,-32.0820350647,0.0130455903709,0.0280513875186,1.42260098457,0.264319390059,0.155819043517,0.261726111174,0.297325223684,-1.1182090044
1495802654643063619,560,0,,-29.1337852478,-32.1346740723,0.0379121936858,0.0407810509205,1.47673642635,0.748123884201,0.128049388528,0.248666033149,0.127296626568,-1.06869220734
1495802654730838887,561,0,,-29.0546283722,-32.1360855103,0.0347099862993,0.0412842184305,1.5261824131,1.11867260933,0.107482902706,-0.0320220626891,0.0050316657871,-1.02687323093
1495802654830724706,562,0,,-28.9849472046,-32.1074790955,0.022819345817,0.0394971705973,1.57853901386,1.00083363056,0.194899126887,-0.1189064309,-0.01787048392,-0.975068986416
1495802654942712688,563,0,,-28.9887084961,-31.9782009125,0.0379546098411,0.0389144010842,1.62746608257,1.28496861458,0.146740570664,0.151352643967,-0.00582769140601,-0.923580825329
1495802655046609980,564,0,,-28.895898819,-31.962726593,0.0394808650017,0.0336555093527,1.67809009552,0.850159227848,0.131769269705,0.0152625329792,-0.0525888949633,-0.913136839867
1495802655144897967,565,0,,-28.9089317322,-31.8490066528,0.0311672985554,0.0365860238671,1.72486650944,1.13964271545,0.107011683285,-0.0831356421113,0.0293051339686,-0.868140041828
1495802655242016881,566,0,,-28.787689209,-31.8687038422,0.0205048453063,0.0386048741639,1.76992893219,1.11125957966,-0.0661706849933,-0.106624543667,0.0201884992421,-0.817489027977
1495802655262324143,567,0,,-28.6807250977,-31.8818531036,-0.0180558320135,0.0389022678137,1.81092131138,1.09694254398,-0.178734824061,-0.385606765747,0.00297395326197,-0.751594185829
1495802655301786562,568,0,,-28.6911125183,-31.7437038422,-0.0539561919868,0.0389513634145,1.85167431831,1.37855541706,-0.137376174331,-0.359003603458,0.000490948441438,-0.657587468624
1495802655327056884,569,0,,-28.7168273926,-31.5798969269,-0.0477194860578,0.0390242785215,1.85234808922,1.65412092209,-0.115220226347,0.0623670481145,0.00072915921919,-0.556215822697
1495802655441098761,570,0,,-28.5784034729,-31.5944652557,-0.0295813158154,0.0386828705668,1.93006169796,1.34177231789,0.0579081363976,0.181381717324,-0.0034140907228,-0.472723126411
1495802655529802918,571,0,,-28.4816360474,-31.6294841766,0.01227558963,0.0387079082429,1.9670330286,1.17548179626,0.173631951213,0.41856905818,0.000250364799285,-0.413179457188
1495802655636397131,572,0,,-28.3639278412,-31.6772346497,0.0507059693336,0.0318898409605,2.00151991844,1.24864137173,0.261063784361,0.38430377841,-0.0681806579232,-0.426707684994
1495802655747700249,573,0,,-28.267375946,-31.7304611206,0.0829772204161,0.00729086669162,2.03597354889,1.13445782661,0.317019611597,0.322712540627,-0.245989754796,-0.591354012489
1495802655843430369,574,0,,-28.1582508087,-31.7538299561,0.0973232463002,0.0259946510196,2.06905961037,1.4675617218,0.21239849925,0.14346024394,0.187037840486,-0.680532634258
1495802655952697965,575,0,,-28.074552536,-31.7460384369,0.053965266794,0.0376022346318,2.10613632202,1.71715188026,0.14492765069,-0.433579802513,0.116075843573,-0.673038721085
1495802656044303123,576,0,,-28.0126781464,-31.7122097015,0.0175958704203,0.0400724299252,2.13884830475,1.79860532284,0.208663925529,-0.363693982363,0.0247019547969,-0.629399001598
1495802656134803944,577,0,,-28.1266536713,-31.5394535065,0.0310584977269,0.0395356304944,2.16859006882,2.06413149834,0.15109539032,0.134626269341,-0.00536798499525,-0.579218089581
1495802656252023040,578,0,,-28.0266609192,-31.5213413239,0.0414344929159,0.0264068432152,2.19776201248,2.06769132614,0.0975906029344,0.10375995189,-0.131287887692,-0.618644356728
1495802656257920230,579,0,,-28.1506958008,-31.3392448425,0.033287178725,0.0207061450928,2.22510266304,2.20180749893,0.0803728476167,-0.0814731419086,-0.0570069812238,-0.65490937233
1495802656310333668,580,0,,-28.2940425873,-31.1386508942,0.017299765721,0.0323196537793,2.2510163784,2.46458005905,0.0662830024958,-0.159874126315,0.116135075688,-0.60725158453
1495802656352477086,581,0,,-28.457069397,-30.9215087891,0.00665999529883,0.0382197871804,2.27545022964,2.71480727196,0.0519328936934,-0.106397710741,0.0590013563633,-0.553478181362
1495802656446922475,582,0,,-28.2764511108,-30.9576873779,0.00441481731832,0.0388640165329,2.30325031281,2.01987195015,-0.104276202619,-0.0224517807364,0.00644228840247,-0.497502118349
1495802656553195207,583,0,,-28.4159355164,-30.7770462036,-0.0256629697978,0.0383306406438,2.32898187637,2.28112673759,-0.0720761343837,-0.300777882338,-0.00533375283703,-0.43325895071
1495802656648428966,584,0,,-28.1706390381,-30.8575019836,-0.021198419854,0.0382772497833,2.35006427765,1.50121033192,-0.113979771733,0.0446455068886,-0.00053392664995,-0.445450603962
1495802656754912130,585,0,,-28.2843341827,-30.7210483551,-0.0277821924537,0.0383912995458,2.36989450455,1.77414929867,-0.0837762057781,-0.065837725997,0.00114047923125,-0.374094337225
1495802656847391840,586,0,,-27.9773387909,-30.84075737,-0.0211607757956,0.0285327266902,2.38786315918,1.61783206463,-0.20381899178,0.0662141665816,-0.09858571738,-0.362435847521
1495802656947452606,587,0,,-27.7217617035,-30.9364280701,-0.0398844443262,0.0250088945031,2.40577816963,1.53631126881,-0.276677817106,-0.187236666679,-0.03523831442,-0.341901868582
1495802657055623484,588,0,,-27.5144443512,-30.9895935059,-0.0695639848709,0.0341897942126,2.42272520065,1.68525648117,-0.287226915359,-0.296795397997,0.0918089970946,-0.247766435146
1495802657150713440,589,0,,-27.6444339752,-30.8421230316,-0.0808315500617,0.0388470590115,2.44384026527,1.95279574394,-0.225947380066,-0.11267567426,0.0465726368129,-0.142574489117
1495802657248911890,590,0,,-27.4224357605,-30.8877258301,-0.06073050946,0.0339166745543,2.4846599102,1.51073086262,-0.298709005117,0.201010391116,-0.0493038333952,-0.0785527452826
1495802657259827454,591,0,,-27.5449962616,-30.7641658783,-0.0628396645188,0.0308992490172,2.48526978493,1.72568631172,-0.225445657969,-0.0210915114731,-0.0301742535084,-0.0262133255601
1495802657302308836,592,0,,-27.6888504028,-30.6318531036,-0.0550170727074,0.0314124301076,2.49545001984,1.94649267197,-0.17673265934,0.0782258734107,0.00513179507107,0.0323944427073
1495802657360578745,593,0,,-27.8253059387,-30.5082855225,-0.0281897205859,0.00238932482898,2.50775361061,1.83508944511,-0.146196395159,0.268273532391,-0.290231049061,-0.102305613458
1495802657454710686,594,0,,-27.4449825287,-30.6447067261,-0.00185724429321,-0.0192026589066,2.51878380775,1.63300132751,-0.06271225214,0.263324767351,-0.215919837356,-0.301798075438
1495802657551934991,595,0,,-27.5957317352,-30.5256175995,0.000195534012164,0.0188774224371,2.53031945229,1.92069768906,-0.0406299866736,0.0205277819186,0.380800813437,-0.246427044272
1495802657657985069,596,0,,-27.2463626862,-30.6179828644,-0.0151583161205,0.0387176126242,2.54459619522,1.84989905357,-0.118770539761,-0.153538510203,0.198401883245,-0.193926766515
1495802657764550925,597,0,,-27.4142742157,-30.4898738861,-0.0380911454558,0.041505087167,2.55656790733,2.1101398468,-0.0888412222266,-0.229328304529,0.0278747770935,-0.126693144441
1495802657849084300,598,0,,-27.1062850952,-30.5663070679,-0.032136335969,0.0352173484862,2.57189464569,1.36156201363,-0.0447180569172,0.0595480874181,-0.0628773868084,-0.079412356019
1495802657961251079,599,0,,-27.2360744476,-30.4775943756,-0.0105899870396,0.0305894315243,2.58232665062,1.57164812088,-0.0381835512817,0.215463504195,-0.0462791770697,-0.0559129007161
1495802658053395757,600,0,,-26.8382644653,-30.5827274323,0.0147369671613,-0.00816033035517,2.59041261673,1.40317726135,0.0182357821614,0.253269553185,-0.387497633696,-0.2767187953
1495802658155989881,601,0,,-26.9499874115,-30.508644104,0.0344378687441,-0.0129869841039,2.59661364555,1.34049725533,0.0119711263105,0.197008997202,-0.0482665374875,-0.432792723179
1495802658244996867,602,0,,-26.5643692017,-30.5726070404,0.0144341234118,0.0232689417899,2.60321998596,1.18175029755,-0.131320342422,-0.200037434697,0.362559258938,-0.392337024212
1495802658263140658,603,0,,-26.6818695068,-30.4861755371,-0.0397917404771,0.0399324260652,2.60800123215,1.45576632023,-0.0917117297649,-0.542258620262,0.166634857655,-0.329258233309
1495802658301170982,604,0,,-26.8239269257,-30.387928009,-0.0459548681974,0.0419103428721,2.61568665504,1.72528636456,-0.0818639025092,-0.06163129583,0.0197791457176,-0.240629523993
1495802658350715340,605,0,,-26.9543476105,-30.2960453033,-0.0112763391808,0.00371513701975,2.62201213837,1.59343504906,-0.0782213583589,0.346785306931,-0.381952047348,-0.387926191092
1495802658454869578,606,0,,-26.5272121429,-30.3729667664,0.000401808647439,0.0194812361151,2.62982082367,1.06543779373,0.0590687245131,0.11678148061,0.157660990953,-0.347816109657
1495802658552529273,607,0,,-26.6410369873,-30.3094711304,0.014321741648,0.0317650660872,2.63663768768,1.30254173279,0.0463573411107,0.139199331403,0.122838310897,-0.326332867146
1495802658651452395,608,0,,-26.1977863312,-30.3751602173,0.0156699456275,0.0278670676053,2.64058184624,1.15163040161,-0.097373880446,0.0134820379317,-0.0389799810946,-0.351113349199
1495802658747793277,609,0,,-26.2824687958,-30.3141880035,-0.00441049039364,-0.000844869937282,2.64508676529,1.04083228111,-0.0744749605656,-0.200804367661,-0.28711938858,-0.516027271748
1495802658851959809,610,0,,-25.8247509003,-30.3575248718,-0.0117859020829,0.011227240786,2.64963650703,0.864266693592,0.0715145543218,-0.0737541094422,0.120721101761,-0.516436815262
1495802658952721642,611,0,,-25.4430904388,-30.4111938477,0.0228532962501,0.00485193450004,2.65271472931,0.619117796421,0.161704525352,0.34639197588,-0.0637530609965,-0.631481528282
1495802659051582188,612,0,,-25.1419963837,-30.4319381714,0.0502620302141,0.0252914745361,2.65818190575,0.703589200974,0.232306048274,0.27408733964,0.204395398498,-0.616600096226
1495802659160248800,613,0,,-24.8967838287,-30.4519348145,0.0623294860125,0.028507379815,2.6608133316,0.712570250034,0.282362580299,0.120674557984,0.0321590676904,-0.658373892307
1495802659243818715,614,0,,-24.6499633789,-30.4469470978,0.0721664652228,0.0251125749201,2.66265130043,0.78160738945,0.314842581749,0.0983698144555,-0.0339480601251,-0.712272942066
1495802659253798406,615,0,,-24.7545204163,-30.4120731354,0.0754422172904,0.0345267355442,2.6638212204,1.07394790649,0.247961416841,0.0327574685216,0.0941416025162,-0.698999464512
1495802659303162993,616,0,,-24.8806705475,-30.3588123322,0.0566509701312,0.0389299057424,2.66556477547,1.35464441776,0.199874728918,-0.18791243434,0.0440316982567,-0.682180941105
1495802659358883906,617,0,,-25.0284328461,-30.2883396149,0.03811057657,0.0394074544311,2.66644048691,1.62955796719,0.15682695806,-0.185403943062,0.00477550411597,-0.649383842945
1495802659452009718,618,0,,-24.775718689,-30.2313232422,0.0293981023133,0.0354822985828,2.66610646248,1.10025811195,0.194054499269,-0.0871247500181,-0.0392515622079,-0.628215789795
1495802659553360312,619,0,,-24.9023208618,-30.1735858917,0.0390870086849,0.0373622626066,2.66444706917,1.3835927248,0.147829547524,0.0968890786171,0.0187996309251,-0.588297963142
1495802659660136041,620,0,,-24.6020069122,-30.1139011383,0.0347563736141,0.0384462736547,2.65946912766,0.899081945419,0.166738450527,-0.0433063656092,0.0108401207253,-0.555275261402
1495802659752155358,621,0,,-24.7106304169,-30.0648059845,0.0339306108654,0.0389691442251,2.65392541885,1.1849064827,0.130296930671,-0.00825763773173,0.00522869639099,-0.518941938877
1495802659857657879,622,0,,-24.8418827057,-29.9990100861,0.0271453317255,0.0388363674283,2.64728403091,1.46448409557,0.104381538928,-0.0678527802229,-0.00132775085513,-0.481647908688
1495802659952169966,623,0,,-24.5293922424,-29.921289444,0.019183922559,0.0386060215533,2.64252209663,1.54778909683,0.192406311631,-0.0796140953898,-0.0023034857586,-0.43931722641
1495802660053735327,624,0,,-24.2486286163,-29.8204288483,0.0366851277649,0.0386410616338,2.64250993729,1.52870798111,0.267696499825,0.175012081861,0.000350405811332,-0.400839805603
1495802660154958672,625,0,,-24.0287818909,-29.7389450073,0.0619873143733,0.0385557599366,2.63875079155,1.53685867786,0.323126137257,0.253021866083,-0.000853005447425,-0.381966233253
1495802660248403446,626,0,,-24.1969795227,-29.6676597595,0.0783383399248,0.0383943766356,2.63324666023,1.80894947052,0.254673033953,0.163510262966,-0.0016138338251,-0.378874897957
1495802660260289664,627,0,,-24.3851013184,-29.5776576996,0.0624475330114,0.0380900092423,2.62883210182,2.07510018349,0.207311868668,-0.158908069134,-0.00304366112687,-0.374740153551
1495802660301825046,628,0,,-24.15376091,-29.4644775391,0.0409495010972,0.0380649678409,2.62109613419,1.72989034653,-0.00739668495953,-0.214980348945,-0.000250426004641,-0.352744162083
1495802660351133552,629,0,,-24.3240947723,-29.3600749969,-0.00822512246668,0.0381557866931,2.61527848244,1.99783837795,0.00264489138499,-0.491746217012,0.000908185611479,-0.306987434626
1495802660451733911,630,0,,-24.0881710052,-29.2249984741,-0.0192074086517,0.0385035201907,2.60788607597,1.96462917328,-0.120553016663,-0.109822869301,0.00347734778188,-0.23733407259
1495802660549709150,631,0,,-24.2732467651,-29.1007480621,-0.0345384292305,0.0383623838425,2.60364413261,2.22728991508,-0.0909332707524,-0.153310209513,-0.00141138175968,-0.167297750711
1495802660660148962,632,0,,-24.0081691742,-28.9441375732,-0.0310841184109,0.0382662191987,2.5999314785,1.71262693405,0.0676736980677,0.0345431342721,-0.000961648125667,-0.0941638424993
1495802660760736406,633,0,,-24.1798324585,-28.8451576233,0.00853650923818,0.0385504700243,2.59995365143,1.98102807999,0.0448669493198,0.396206259727,0.00284251547419,-0.0401952527463
1495802660860033389,634,0,,-23.9155082703,-28.7016181946,0.0182280819863,0.0381243824959,2.5914375782,1.97988545895,0.156945899129,0.0969157293439,-0.00426088832319,-0.0105798896402
1495802660956085198,635,0,,-24.1131896973,-28.5950450897,0.0334822162986,0.0381367690861,2.58756184578,2.24248886108,0.121632307768,0.152541354299,0.000123883975903,0.0151995578781
1495802661062749461,636,0,,-23.828540802,-28.4347305298,0.0289146527648,0.037931099534,2.58753728867,2.31171441078,0.0723230987787,-0.0456756539643,-0.00205670855939,0.0355718545616
1495802661153024139,637,0,,-24.0508651733,-28.3062648773,0.0118482094258,0.0378816351295,2.57919836044,2.56701374054,0.0603356212378,-0.170664429665,-0.00049462239258,0.0659609436989
1495802661244225471,638,0,,-24.2931251526,-28.1624889374,0.00379248824902,0.0379197150469,2.57503414154,2.81673741341,0.0455488786101,-0.0805572122335,0.000380784447771,0.106130264699
1495802661259346039,639,0,,-23.9932842255,-27.986530304,0.00264453934506,0.0378051176667,2.57088279724,2.50186347961,-0.0980411320925,-0.0114794876426,-0.00114595761988,0.146826118231
1495802661288867672,640,0,,-23.7430763245,-27.8412628174,-0.0257621333003,0.0376947149634,2.56696271896,2.33271670341,-0.186411932111,-0.284066736698,-0.0011040258687,0.194988623261
1495802661359577782,641,0,,-23.9564723969,-27.6942062378,-0.0556021928787,0.0379405133426,2.56318926811,2.5876185894,-0.14340749383,-0.298400580883,0.00245797075331,0.26601344347
1495802661459350243,642,0,,-23.7143669128,-27.5335884094,-0.0498167872429,0.0381656736135,2.55892920494,2.04829359055,-0.262704759836,0.0578540489078,0.00225159386173,0.343688070774
1495802661560479445,643,0,,-23.9021034241,-27.3976840973,-0.0636120140553,0.0381090641022,2.55491328239,2.30919528008,-0.197933271527,-0.137952268124,-0.000566076138057,0.415809303522
1495802661659310241,644,0,,-23.5950431824,-27.2457408905,-0.0574005916715,0.0381846316159,2.55258965492,2.18392491341,-0.015668971464,0.0621142238379,0.000755653716624,0.492117017508
1495802661759933369,645,0,,-23.8041191101,-27.1195468903,-0.0122118005529,0.0383555702865,2.55050969124,2.4419863224,-0.0211548656225,0.451887905598,0.00170940114185,0.546165823936
1495802661858207598,646,0,,-23.5257148743,-26.9694004059,0.00256510614417,0.0378334186971,2.5488448143,1.97467815876,-0.159706309438,0.147769063711,-0.00522153032944,0.571859836578
1495802661961957594,647,0,,-23.7129669189,-26.8464488983,-0.0349307544529,0.0377177521586,2.54614019394,2.23738598824,-0.110163919628,-0.374958604574,-0.0011566466419,0.609392702579
1495802662060032844,648,0,,-23.4277858734,-26.6880130768,-0.0442468039691,0.0381716638803,2.54367446899,1.89440977573,0.0731058269739,-0.0931605026126,0.00453910464421,0.670676827431
1495802662159704667,649,0,,-23.6165828705,-26.5832462311,0.0023293455597,0.0386584885418,2.54318594933,2.15875220299,0.043105840683,0.465761512518,0.00486825872213,0.713485896587
1495802662233913756,650,0,,-23.3438663483,-26.4323940277,0.01734665595,0.0380836836994,2.54260802269,1.67087161541,0.188591063023,0.15017311275,-0.00574805773795,0.724774479866
1495802662264569119,651,0,,-23.5189304352,-26.347486496,0.0397751703858,0.0382455289364,2.54178237915,1.9402872324,0.144831269979,0.224285140634,0.00161844515242,0.728896796703
1495802662296750379,652,0,,-23.7153778076,-26.2469539642,0.0346215628088,0.038065765053,2.54131364822,2.20352101326,0.119662880898,-0.0515360794961,-0.00179761718027,0.725548744202
1495802662360593830,653,0,,-23.9329032898,-26.1314277649,0.0202519111335,0.0379883050919,2.5409309864,2.46115875244,0.0953504443169,-0.143696531653,-0.000774596584961,0.73347723484
1495802662460810486,654,0,,-23.5821285248,-25.9794464111,0.0109217362478,0.0379626005888,2.54071259499,2.40994620323,0.0238915160298,-0.093301743269,-0.000257053616224,0.750709176064
1495802662561779332,655,0,,-23.8137779236,-25.84806633,-0.00349089154042,0.0379264354706,2.54074120522,2.66305851936,0.0200076531619,-0.144126281142,-0.000361640908523,0.774524688721
1495802662662437591,656,0,,-23.4534168243,-25.6808738708,-0.00723329745233,0.0378984473646,2.53957033157,1.84969222546,-0.104098834097,-0.0374240577221,-0.000279906496871,0.804729819298
1495802662771216927,657,0,,-23.633441925,-25.5695934296,-0.0305271949619,0.0380852855742,2.54124736786,2.1150624752,-0.0756397247314,-0.232938975096,0.00186840316746,0.841253101826
1495802662859896643,658,0,,-23.2677173615,-25.4097747803,-0.0328173674643,0.0383129641414,2.5433409214,1.96981477737,-0.197674900293,-0.0229017399251,0.00227678986266,0.888823330402
1495802662970070009,659,0,,-23.4559669495,-25.288860321,-0.0524290129542,0.0382041819394,2.54546380043,2.23240804672,-0.148833215237,-0.196116447449,-0.00108784681652,0.938742518425
1495802663058327878,660,0,,-23.130865097,-25.118976593,-0.0493117645383,0.0382571667433,2.54629826546,1.88862359524,-0.269207865,0.0311724916101,0.000529844895937,0.996045947075
1495802663171929129,661,0,,-23.3112621307,-24.999704361,-0.0675756782293,0.0381737686694,2.54836773872,2.15304279327,-0.203367784619,-0.182639107108,-0.000833961472381,1.05287516117
1495802663231521275,662,0,,-23.0057811737,-24.8227939606,-0.0620650574565,0.0382985062897,2.55092835426,1.61878407001,-0.0163446106017,0.0551061891019,0.00124736165162,1.11633610725
1495802663261263182,663,0,,-22.7376308441,-24.7046375275,-0.0147001799196,0.0386739298701,2.55315852165,1.28881895542,0.107678070664,0.473648756742,0.00375425745733,1.15676760674
1495802663300965927,664,0,,-22.880941391,-24.6408882141,0.0286331884563,0.0386308394372,2.55583715439,1.56620514393,0.0846861153841,0.433333694935,-0.000430936051998,1.15864813328
1495802663371162143,665,0,,-23.0481872559,-24.5643749237,0.026290377602,0.0381834134459,2.55933690071,1.83756041527,0.0771752595901,-0.0234281141311,-0.00447425851598,1.14714848995
1495802663468939243,666,0,,-22.7656135559,-24.4294185638,0.0102874832228,0.038121599704,2.56372475624,1.97480034828,-0.00242802337743,-0.16002894938,-0.000618131074589,1.14982187748
1495802663570085066,667,0,,-22.9659614563,-24.3298130035,-0.0123089337721,0.0381679683924,2.56843352318,2.23741674423,-0.000578942825086,-0.225964173675,0.000463693751954,1.16754972935
1495802663672829696,668,0,,-22.7271289825,-24.1669712067,-0.0160284899175,0.0382365696132,2.57216930389,1.47394704819,-0.0433863289654,-0.0371955670416,0.000686024897732,1.19485294819
1495802663769538573,669,0,,-22.8832111359,-24.0883140564,-0.0195328686386,0.0384806059301,2.57597374916,1.74748146534,-0.033973980695,-0.0350437872112,0.00244034104981,1.22067773342
1495802663868547184,670,0,,-22.6211299896,-23.927904129,-0.01791520603,0.0384772010148,2.58042860031,1.91880702972,-0.0713230296969,0.0161766316742,-3.40260739904e-05,1.24641370773
1495802663969748947,671,0,,-22.8168983459,-23.8312683105,-0.0241272132844,0.038277361542,2.58590936661,2.18255162239,-0.0536516532302,-0.0621200762689,-0.00199838913977,1.27210116386
1495802664068474700,672,0,,-22.5998897552,-23.649892807,-0.0234181955457,0.0381656214595,2.59204053879,1.79989171028,0.118140205741,0.00709017878398,-0.00111740268767,1.30037653446
1495802664169027782,673,0,,-22.7920475006,-23.5734539032,0.0151479663327,0.0384864620864,2.59915590286,2.06640958786,0.0818001702428,0.385661631823,0.00320838787593,1.31394279003
1495802664246544341,674,0,,-22.5751667023,-23.3919448853,0.0314652323723,0.03810826689,2.60615873337,1.8718405962,0.209112420678,0.163172647357,-0.00378194008954,1.21359479427
1495802664268004053,675,0,,-22.7772312164,-23.3205757141,0.0443454794586,0.0381207615137,2.61288094521,2.13678073883,0.162835642695,0.128802463412,0.000124947328004,1.19848895073
1495802664301068595,676,0,,-23.0021705627,-23.2370681763,0.0345479734242,0.0379560366273,2.62007164955,2.39578771591,0.131730571389,-0.0979750454426,-0.00164727785159,1.18309104443
1495802664400464054,677,0,,-23.2498607635,-23.1425151825,0.0200660619885,0.0379022993147,2.62016296387,2.64924430847,0.102965980768,-0.144819110632,-0.000537345535122,1.18005049229
1495802664470603700,678,0,,-22.9650440216,-22.9462108612,0.0112317111343,0.0378575474024,2.63220262527,2.53506398201,0.0167802460492,-0.0883435085416,-0.000447542959591,1.18569862843
1495802664570133116,679,0,,-23.2232894897,-22.8418064117,-0.00602215901017,0.037815541029,2.63910698891,2.78545808792,0.0147833963856,-0.17253869772,-0.000420065305661,1.19889307022
1495802664671198904,680,0,,-22.9678936005,-22.6418571472,-0.0106290364638,0.0378251932561,2.64634084702,2.38020300865,-0.138141363859,-0.0460687763989,9.6555937489e-05,1.22057378292
1495802664772075206,681,0,,-23.2097759247,-22.537109375,-0.0394951477647,0.037800129503,2.65553212166,2.63395571709,-0.101390294731,-0.28866109252,-0.000250641227467,1.25053882599
1495802664873545164,682,0,,-22.9549427032,-22.3334884644,-0.0419115535915,0.0380014069378,2.65571188927,1.84255802631,0.0331806391478,-0.024164089933,0.00201275828294,1.29451620579
1495802664968119969,683,0,,-23.1532459259,-22.2619380951,-0.00544333457947,0.0384875424206,2.6743080616,2.10810351372,0.0156596694142,0.364682197571,0.00486134784296,1.32178127766
1495802665096896191,684,0,,-22.8774986267,-22.0829200745,0.00601500412449,0.0381131581962,2.68399429321,1.89085364342,0.168190225959,0.114583387971,-0.00374381849542,1.32541692257
1495802665170854059,685,0,,-23.0857696533,-22.0259857178,0.0316361263394,0.0382287427783,2.6939496994,2.15540933609,0.12655338645,0.256211221218,0.00115582498256,1.32108998299
1495802665253740717,686,0,,-22.8844604492,-21.8401165009,0.0293900631368,0.037948846817,2.70360994339,2.16150069237,0.184009030461,-0.0224606283009,-0.00279895914719,1.30635237694
1495802665284043317,687,0,,-23.1193332672,-21.7800922394,0.0327506102622,0.0380377806723,2.71381664276,2.42013144493,0.14084866643,0.0336054712534,0.000889326562174,1.29648756981
1495802665312212328,688,0,,-23.3780479431,-21.7119884491,0.0256068017334,0.0379004329443,2.72280073166,2.6729581356,0.111453481019,-0.0714380890131,-0.00137345376424,1.28703963757
1495802665369364640,689,0,,-23.6603488922,-21.6367168427,0.0155231477693,0.0377711877227,2.73422241211,2.92035317421,0.0867049470544,-0.100836530328,-0.00129247154109,1.28538131714
1495802665490659323,690,0,,-23.3922557831,-21.4377231598,0.0084864096716,0.0376636013389,2.74457120895,2.56456255913,-0.0752017647028,-0.0703673809767,-0.00107584916987,1.29000651836
1495802665571319653,691,0,,-23.6624031067,-21.3586444855,-0.0254431460053,0.0376332812011,2.7559299469,2.81433677673,-0.0520492978394,-0.339295566082,-0.000303221604554,1.30748701096
1495802665693968418,692,0,,-23.4029159546,-21.150894165,-0.0319847092032,0.0378784015775,2.76835227013,2.27626419067,-0.200014919043,-0.0654156133533,0.00245122169144,1.34281659126
1495802665779489348,693,0,,-23.6456546783,-21.0772132874,-0.0554295666516,0.0379515103996,2.78001785278,2.53223776817,-0.151356607676,-0.234448581934,0.000731075531803,1.38242018223
