%time,field.DevID,field.MsgID,field.Data,field.Time
1495802636185927415,10,5,-177,1495802636.18
1495802636186436348,10,3,136,1495802636.18
1495802636236362947,10,5,-177,1495802636.23
1495802636236584065,10,3,136,1495802636.23
1495802636285561941,10,5,-177,1495802636.28
1495802636285991535,10,3,136,1495802636.28
1495802636335572281,10,5,-177,1495802636.33
1495802636339256133,10,3,136,1495802636.33
1495802636391194648,10,5,-177,1495802636.38
1495802636391572489,10,3,136,1495802636.38
1495802636436039809,10,5,-177,1495802636.43
1495802636437053554,10,3,136,1495802636.43
1495802636484232739,10,5,-177,1495802636.48
1495802636484876256,10,3,136,1495802636.48
1495802636533653547,10,5,-177,1495802636.53
1495802636534298252,10,3,136,1495802636.53
1495802636585820515,10,5,-177,1495802636.58
1495802636586549727,10,3,136,1495802636.58
1495802636637017250,10,5,-177,1495802636.63
1495802636637690869,10,3,136,1495802636.63
1495802636684981729,10,5,-177,1495802636.68
1495802636685227431,10,3,136,1495802636.68
1495802636733547263,10,5,-177,1495802636.73
1495802636735950712,10,3,136,1495802636.73
1495802636783762589,10,5,-177,1495802636.78
1495802636784087211,10,3,136,1495802636.78
1495802636834905332,10,5,-177,1495802636.83
1495802636834965326,10,3,136,1495802636.83
1495802636883678433,10,5,-177,1495802636.88
1495802636887040872,10,3,136,1495802636.88
1495802636938389094,10,5,-177,1495802636.93
1495802636939207425,10,3,136,1495802636.93
1495802636988209606,10,5,-177,1495802636.98
1495802636990876284,10,3,136,1495802636.98
1495802637034689190,10,5,-177,1495802637.03
1495802637037103323,10,3,136,1495802637.03
1495802637084629269,10,5,-177,1495802637.08
1495802637085437542,10,3,136,1495802637.08
1495802637138786084,10,5,-177,1495802637.13
1495802637141554594,10,3,136,1495802637.13
1495802637187407630,10,5,-177,1495802637.18
1495802637187466855,10,3,136,1495802637.18
1495802637238819408,10,5,-177,1495802637.23
1495802637238913135,10,3,136,1495802637.23
1495802637285594629,10,5,-177,1495802637.28
1495802637288222059,10,3,136,1495802637.28
1495802637338027972,10,5,-177,1495802637.33
1495802637339803825,10,3,136,1495802637.33
1495802637390342095,10,5,-177,1495802637.38
1495802637390958584,10,3,136,1495802637.38
1495802637439053038,10,5,-177,1495802637.43
1495802637439315222,10,3,136,1495802637.43
1495802637489846231,10,5,-177,1495802637.48
1495802637490495406,10,3,136,1495802637.48
1495802637537663345,10,5,-177,1495802637.53
1495802637537731650,10,3,136,1495802637.53
1495802637583171435,10,5,-177,1495802637.58
1495802637583535308,10,3,136,1495802637.58
1495802637633932082,10,5,-177,1495802637.63
1495802637634571619,10,3,136,1495802637.63
1495802637684453661,10,5,-177,1495802637.68
1495802637687123690,10,3,136,1495802637.68
1495802637736140957,10,5,-177,1495802637.73
1495802637736349643,10,3,136,1495802637.73
1495802637789148467,10,5,136,1495802637.78
1495802637793655675,10,3,136,1495802637.78
1495802637837056095,10,5,136,1495802637.83
1495802637840396256,10,3,136,1495802637.83
1495802637886785396,10,5,136,1495802637.88
1495802637886987866,10,3,136,1495802637.88
1495802637937822192,10,5,136,1495802637.93
1495802637940965188,10,3,136,1495802637.93
1495802637983730406,10,5,136,1495802637.98
1495802637984353040,10,3,136,1495802637.98
1495802638033319671,10,5,136,1495802638.03
1495802638035719276,10,3,136,1495802638.03
1495802638086992416,10,5,-177,1495802638.08
1495802638087775756,10,3,136,1495802638.08
1495802638137038377,10,5,-177,1495802638.13
1495802638137390866,10,3,136,1495802638.13
1495802638188931848,10,5,-177,1495802638.18
1495802638189611543,10,3,136,1495802638.18
1495802638237473984,10,5,-177,1495802638.23
1495802638238859355,10,3,136,1495802638.23
1495802638285042115,10,5,-177,1495802638.28
1495802638287413643,10,3,136,1495802638.28
1495802638336239335,10,5,114,1495802638.33
1495802638336841996,10,3,136,1495802638.33
1495802638386731091,10,5,131,1495802638.38
1495802638387467987,10,3,136,1495802638.38
1495802638434031170,10,5,103,1495802638.43
1495802638434085507,10,3,136,1495802638.43
1495802638485586052,10,5,136,1495802638.48
1495802638486707215,10,3,136,1495802638.48
1495802638535681530,10,5,136,1495802638.53
1495802638535885257,10,3,136,1495802638.53
1495802638585712821,10,5,136,1495802638.58
1495802638586241729,10,3,136,1495802638.58
1495802638635559451,10,5,136,1495802638.63
1495802638635839724,10,3,136,1495802638.63
1495802638685225614,10,5,136,1495802638.68
1495802638685839379,10,3,136,1495802638.68
1495802638736089764,10,5,136,1495802638.73
1495802638736167707,10,3,136,1495802638.73
1495802638783578973,10,5,-105,1495802638.78
1495802638784232757,10,3,136,1495802638.78
1495802638837002668,10,5,-108,1495802638.83
1495802638837601766,10,3,136,1495802638.83
1495802638884133592,10,5,-177,1495802638.88
1495802638884190443,10,3,136,1495802638.88
1495802638934877054,10,5,-177,1495802638.93
1495802638935101035,10,3,136,1495802638.93
1495802638983089190,10,5,-177,1495802638.98
1495802638983782574,10,3,136,1495802638.98
1495802639036312090,10,5,-177,1495802639.03
1495802639036907347,10,3,136,1495802639.03
1495802639083145838,10,5,136,1495802639.08
1495802639083914162,10,3,136,1495802639.08
1495802639135312740,10,5,136,1495802639.13
1495802639136333191,10,3,136,1495802639.13
1495802639183580261,10,5,136,1495802639.18
1495802639183868705,10,3,136,1495802639.18
1495802639234131450,10,5,136,1495802639.23
1495802639234339716,10,3,136,1495802639.23
1495802639291678295,10,5,136,1495802639.28
1495802639292499349,10,3,136,1495802639.28
1495802639335733545,10,5,136,1495802639.33
1495802639336425603,10,3,136,1495802639.33
1495802639385941049,10,5,136,1495802639.38
1495802639386323011,10,3,136,1495802639.38
1495802639436917504,10,5,136,1495802639.43
1495802639437238354,10,3,136,1495802639.43
1495802639490485766,10,5,136,1495802639.48
1495802639491140248,10,3,136,1495802639.48
1495802639539194683,10,5,136,1495802639.53
1495802639541815340,10,3,136,1495802639.53
1495802639585410407,10,5,-139,1495802639.58
1495802639586014324,10,3,136,1495802639.58
1495802639636428138,10,5,-142,1495802639.63
1495802639636809053,10,3,136,1495802639.63
1495802639686445394,10,5,-155,1495802639.68
1495802639686632359,10,3,136,1495802639.68
1495802639735559811,10,5,-141,1495802639.73
1495802639735983398,10,3,136,1495802639.73
1495802639785765216,10,5,136,1495802639.78
1495802639786544225,10,3,136,1495802639.78
1495802639836068748,10,5,136,1495802639.83
1495802639838237739,10,3,136,1495802639.83
1495802639883555862,10,5,136,1495802639.88
1495802639883609989,10,3,136,1495802639.88
1495802639936923334,10,5,136,1495802639.93
1495802639939361216,10,3,136,1495802639.93
1495802639983229221,10,5,136,1495802639.98
1495802639983282999,10,3,136,1495802639.98
1495802640037285539,10,5,136,1495802640.03
1495802640040044337,10,3,136,1495802640.03
1495802640087688036,10,5,136,1495802640.08
1495802640088098144,10,3,136,1495802640.08
1495802640135407233,10,5,136,1495802640.13
1495802640135608864,10,3,136,1495802640.13
1495802640186553820,10,5,136,1495802640.18
1495802640186621776,10,3,136,1495802640.18
1495802640237253914,10,5,136,1495802640.23
1495802640237312441,10,3,136,1495802640.23
1495802640285857093,10,5,136,1495802640.28
1495802640289424027,10,3,136,1495802640.28
1495802640335244729,10,5,136,1495802640.33
1495802640336002158,10,3,136,1495802640.33
1495802640385749963,10,5,136,1495802640.38
1495802640386127245,10,3,136,1495802640.38
1495802640437898701,10,5,136,1495802640.43
1495802640437944098,10,3,136,1495802640.43
1495802640483971320,10,5,136,1495802640.48
1495802640484715549,10,3,136,1495802640.48
1495802640533919431,10,5,136,1495802640.53
1495802640534549679,10,3,136,1495802640.53
1495802640583121708,10,5,136,1495802640.58
1495802640584329404,10,3,136,1495802640.58
1495802640636371359,10,5,136,1495802640.63
1495802640636639829,10,3,136,1495802640.63
1495802640686083266,10,5,136,1495802640.68
1495802640690151100,10,3,-96,1495802640.68
1495802640736142005,10,5,136,1495802640.73
1495802640736713935,10,3,73,1495802640.73
1495802640785207811,10,5,136,1495802640.78
1495802640785849303,10,3,-177,1495802640.78
1495802640834206710,10,5,136,1495802640.83
1495802640834260627,10,3,-171,1495802640.83
1495802640885756842,10,5,136,1495802640.88
1495802640886971523,10,3,-177,1495802640.88
1495802640935707539,10,5,136,1495802640.93
1495802640936039495,10,3,-177,1495802640.93
1495802640985337033,10,5,136,1495802640.98
1495802640986020570,10,3,-177,1495802640.98
1495802641033887690,10,5,136,1495802641.03
1495802641034513118,10,3,136,1495802641.03
1495802641085308892,10,5,136,1495802641.08
1495802641085498302,10,3,136,1495802641.08
1495802641135354991,10,5,136,1495802641.13
1495802641136048585,10,3,136,1495802641.13
1495802641185828520,10,5,136,1495802641.18
1495802641186739112,10,3,136,1495802641.18
1495802641235416951,10,5,136,1495802641.23
1495802641236848347,10,3,136,1495802641.23
1495802641283215417,10,5,136,1495802641.28
1495802641283896509,10,3,-177,1495802641.28
1495802641333121972,10,5,136,1495802641.33
1495802641333270594,10,3,-177,1495802641.33
1495802641383157174,10,5,136,1495802641.38
1495802641383993732,10,3,-177,1495802641.38
1495802641438108437,10,5,136,1495802641.43
1495802641438694546,10,3,-177,1495802641.43
1495802641485850751,10,5,136,1495802641.48
1495802641486398447,10,3,-177,1495802641.48
1495802641536923517,10,5,136,1495802641.53
1495802641537501453,10,3,-177,1495802641.53
1495802641586100719,10,5,136,1495802641.58
1495802641586158827,10,3,-177,1495802641.58
1495802641636530106,10,5,136,1495802641.63
1495802641636588563,10,3,-177,1495802641.63
1495802641683385925,10,5,136,1495802641.68
1495802641684043271,10,3,-177,1495802641.68
1495802641735591725,10,5,136,1495802641.73
1495802641738280198,10,3,-177,1495802641.73
1495802641783356179,10,5,136,1495802641.78
1495802641783416243,10,3,-177,1495802641.78
1495802641833182000,10,5,136,1495802641.83
1495802641833421556,10,3,-177,1495802641.83
1495802641887072721,10,5,136,1495802641.88
1495802641887775254,10,3,-177,1495802641.88
1495802641935689866,10,5,136,1495802641.93
1495802641936469015,10,3,-177,1495802641.93
1495802641985408689,10,5,136,1495802641.98
1495802641985616047,10,3,-177,1495802641.98
1495802642036267601,10,5,136,1495802642.03
1495802642036625677,10,3,-177,1495802642.03
1495802642083071038,10,5,136,1495802642.08
1495802642083542048,10,3,-177,1495802642.08
1495802642135514163,10,5,136,1495802642.13
1495802642136365528,10,3,-177,1495802642.13
1495802642184769727,10,5,136,1495802642.18
1495802642185458082,10,3,-177,1495802642.18
1495802642235586522,10,5,136,1495802642.23
1495802642238502815,10,3,-177,1495802642.23
1495802642285799541,10,5,136,1495802642.28
1495802642286037770,10,3,-177,1495802642.28
1495802642334984078,10,5,136,1495802642.33
1495802642335606504,10,3,-177,1495802642.33
1495802642388290999,10,5,136,1495802642.38
1495802642388921386,10,3,-177,1495802642.38
1495802642438517566,10,5,136,1495802642.43
1495802642439120016,10,3,-177,1495802642.43
1495802642488244280,10,5,136,1495802642.48
1495802642488299454,10,3,-177,1495802642.48
1495802642533151459,10,5,136,1495802642.53
1495802642534590467,10,3,-177,1495802642.53
1495802642583064159,10,5,136,1495802642.58
1495802642585194038,10,3,-177,1495802642.58
1495802642638600972,10,5,136,1495802642.63
1495802642639260205,10,3,-177,1495802642.63
1495802642683959880,10,5,136,1495802642.68
1495802642684020712,10,3,-177,1495802642.68
1495802642736729652,10,5,136,1495802642.73
1495802642740269345,10,3,-177,1495802642.73
1495802642785903222,10,5,136,1495802642.78
1495802642785961330,10,3,-177,1495802642.78
1495802642833087855,10,5,136,1495802642.83
1495802642835932697,10,3,-177,1495802642.83
1495802642887107361,10,5,136,1495802642.88
1495802642887776022,10,3,-177,1495802642.88
1495802642933527859,10,5,136,1495802642.93
1495802642934137574,10,3,-177,1495802642.93
1495802642985218931,10,5,136,1495802642.98
1495802642985911059,10,3,-177,1495802642.98
1495802643034082338,10,5,136,1495802643.03
1495802643034484206,10,3,-177,1495802643.03
1495802643084156933,10,5,136,1495802643.08
1495802643084533308,10,3,-177,1495802643.08
1495802643134525976,10,5,136,1495802643.13
1495802643135126611,10,3,-177,1495802643.13
1495802643186938646,10,5,136,1495802643.18
1495802643186993262,10,3,-177,1495802643.18
1495802643236606974,10,5,136,1495802643.23
1495802643237233660,10,3,-177,1495802643.23
1495802643288112059,10,5,136,1495802643.28
1495802643288741538,10,3,-177,1495802643.28
1495802643339109394,10,5,136,1495802643.33
1495802643339604638,10,3,-177,1495802643.33
1495802643385983721,10,5,136,1495802643.38
1495802643386045042,10,3,-177,1495802643.38
1495802643433462664,10,5,136,1495802643.43
1495802643434234480,10,3,-177,1495802643.43
1495802643484244330,10,5,136,1495802643.48
1495802643484298946,10,3,-177,1495802643.48
1495802643535749762,10,5,136,1495802643.53
1495802643536570747,10,3,-177,1495802643.53
1495802643585735171,10,5,136,1495802643.58
1495802643586117831,10,3,-177,1495802643.58
1495802643635936807,10,5,136,1495802643.63
1495802643636451607,10,3,-177,1495802643.63
1495802643684174226,10,5,136,1495802643.68
1495802643684490467,10,3,-177,1495802643.68
1495802643739294012,10,5,136,1495802643.73
1495802643741687404,10,3,-177,1495802643.73
1495802643785666249,10,5,136,1495802643.78
1495802643788574790,10,3,-177,1495802643.78
1495802643837010489,10,5,136,1495802643.83
1495802643838087443,10,3,-177,1495802643.83
1495802643883554954,10,5,136,1495802643.88
1495802643884014021,10,3,-177,1495802643.88
1495802643933408782,10,5,136,1495802643.93
1495802643933465423,10,3,-177,1495802643.93
1495802643983358082,10,5,136,1495802643.98
1495802643983414933,10,3,-177,1495802643.98
1495802644033622154,10,5,136,1495802644.03
1495802644034387055,10,3,-177,1495802644.03
1495802644084095191,10,5,136,1495802644.08
1495802644084158257,10,3,-177,1495802644.08
1495802644134146527,10,5,136,1495802644.13
1495802644135974065,10,3,-177,1495802644.13
1495802644185146939,10,5,136,1495802644.18
1495802644185207142,10,3,-177,1495802644.18
1495802644233936244,10,5,136,1495802644.23
1495802644234232651,10,3,-177,1495802644.23
1495802644283421100,10,5,136,1495802644.28
1495802644283618402,10,3,-177,1495802644.28
1495802644335155958,10,5,136,1495802644.33
1495802644335188783,10,3,-177,1495802644.33
1495802644384963339,10,5,136,1495802644.38
1495802644385021796,10,3,-177,1495802644.38
1495802644433277653,10,5,136,1495802644.43
1495802644435940282,10,3,-177,1495802644.43
1495802644483273815,10,5,136,1495802644.48
1495802644487221318,10,3,-177,1495802644.48
1495802644541167071,10,5,136,1495802644.53
1495802644541756113,10,3,-177,1495802644.53
1495802644585729164,10,5,136,1495802644.58
1495802644586328192,10,3,-177,1495802644.58
1495802644635423471,10,5,136,1495802644.63
1495802644635503439,10,3,-177,1495802644.63
1495802644688272650,10,5,136,1495802644.68
1495802644688329710,10,3,-177,1495802644.68
1495802644734385706,10,5,136,1495802644.73
1495802644734992278,10,3,-177,1495802644.73
1495802644787417174,10,5,136,1495802644.78
1495802644787755485,10,3,-177,1495802644.78
1495802644838006007,10,5,136,1495802644.83
1495802644840485232,10,3,-177,1495802644.83
1495802644886659540,10,5,136,1495802644.88
1495802644887009235,10,3,-177,1495802644.88
1495802644938132565,10,5,136,1495802644.93
1495802644939003975,10,3,-177,1495802644.93
1495802644988580462,10,5,136,1495802644.98
1495802644988949433,10,3,-177,1495802644.98
1495802645036969437,10,5,136,1495802645.03
1495802645037016579,10,3,-177,1495802645.03
1495802645086004723,10,5,136,1495802645.08
1495802645086051796,10,3,-177,1495802645.08
1495802645135837319,10,5,136,1495802645.13
1495802645136077223,10,3,-177,1495802645.13
1495802645187099910,10,5,136,1495802645.18
1495802645190670545,10,3,-177,1495802645.18
1495802645237564288,10,5,136,1495802645.23
1495802645240321971,10,3,-177,1495802645.23
1495802645290103233,10,5,136,1495802645.28
1495802645290326446,10,3,-177,1495802645.28
1495802645335164129,10,5,136,1495802645.33
1495802645336173476,10,3,-177,1495802645.33
1495802645390770223,10,5,136,1495802645.38
1495802645391105601,10,3,-177,1495802645.38
1495802645435804584,10,5,136,1495802645.43
1495802645438186868,10,3,-177,1495802645.43
1495802645487006413,10,5,136,1495802645.48
1495802645488009543,10,3,-177,1495802645.48
1495802645538586366,10,5,136,1495802645.53
1495802645538640004,10,3,-177,1495802645.53
1495802645586898515,10,5,136,1495802645.58
1495802645587514096,10,3,-177,1495802645.58
1495802645634629515,10,5,136,1495802645.63
1495802645634919147,10,3,-173,1495802645.63
1495802645688610055,10,5,136,1495802645.68
1495802645689213623,10,3,-170,1495802645.68
1495802645737655397,10,5,136,1495802645.73
1495802645737967937,10,3,-169,1495802645.73
1495802645785994575,10,5,136,1495802645.78
1495802645787218612,10,3,-173,1495802645.78
1495802645836705840,10,5,136,1495802645.83
1495802645836882609,10,3,-177,1495802645.83
1495802645886531730,10,5,136,1495802645.88
1495802645886905660,10,3,-177,1495802645.88
1495802645936109333,10,5,136,1495802645.93
1495802645936530128,10,3,-177,1495802645.93
1495802645983459558,10,5,136,1495802645.98
1495802645986130780,10,3,-177,1495802645.98
1495802646035452765,10,5,136,1495802646.03
1495802646036248048,10,3,-177,1495802646.03
1495802646083784819,10,5,136,1495802646.08
1495802646084447333,10,3,-177,1495802646.08
1495802646134251919,10,5,136,1495802646.13
1495802646134461513,10,3,-177,1495802646.13
1495802646184753382,10,5,136,1495802646.18
1495802646185149941,10,3,-177,1495802646.18
1495802646236957717,10,5,136,1495802646.23
1495802646237372086,10,3,-144,1495802646.23
1495802646285862680,10,5,136,1495802646.28
1495802646286659360,10,3,-138,1495802646.28
1495802646336053561,10,5,136,1495802646.33
1495802646336435243,10,3,-109,1495802646.33
1495802646389150254,10,5,136,1495802646.38
1495802646389357962,10,3,-114,1495802646.38
1495802646436787247,10,5,136,1495802646.43
1495802646437518625,10,3,87,1495802646.43
1495802646486139822,10,5,136,1495802646.48
1495802646487018705,10,3,86,1495802646.48
1495802646537064805,10,5,136,1495802646.53
1495802646537596786,10,3,79,1495802646.53
1495802646586398873,10,5,136,1495802646.58
1495802646587153439,10,3,78,1495802646.58
1495802646638359739,10,5,136,1495802646.63
1495802646638448717,10,3,-129,1495802646.63
1495802646683077858,10,5,136,1495802646.68
1495802646683243032,10,3,-127,1495802646.68
1495802646733122070,10,5,136,1495802646.73
1495802646733465130,10,3,-156,1495802646.73
1495802646785978510,10,5,136,1495802646.78
1495802646786326808,10,3,-156,1495802646.78
1495802646835786310,10,5,136,1495802646.83
1495802646835855104,10,3,-108,1495802646.83
1495802646883489723,10,5,136,1495802646.88
1495802646887457619,10,3,-108,1495802646.88
1495802646934382370,10,5,136,1495802646.93
1495802646934985660,10,3,-110,1495802646.93
1495802646984847586,10,5,136,1495802646.98
1495802646985101948,10,3,104,1495802646.98
1495802647037299715,10,5,136,1495802647.03
1495802647037610439,10,3,136,1495802647.03
1495802647086296798,10,5,136,1495802647.08
1495802647086495566,10,3,130,1495802647.08
1495802647133245156,10,5,136,1495802647.13
1495802647133419619,10,3,112,1495802647.13
1495802647183518867,10,5,136,1495802647.18
1495802647185572692,10,3,102,1495802647.18
1495802647235330487,10,5,136,1495802647.23
1495802647236257560,10,3,99,1495802647.23
1495802647290054063,10,5,136,1495802647.28
1495802647291018082,10,3,-115,1495802647.28
1495802647336391101,10,5,136,1495802647.33
1495802647336555437,10,3,-131,1495802647.33
1495802647384916685,10,5,136,1495802647.38
1495802647384984221,10,3,-125,1495802647.38
1495802647438335561,10,5,136,1495802647.43
1495802647438589854,10,3,77,1495802647.43
1495802647488702651,10,5,136,1495802647.48
1495802647491337690,10,3,73,1495802647.48
1495802647535748439,10,5,136,1495802647.53
1495802647538672062,10,3,96,1495802647.53
1495802647586631164,10,5,136,1495802647.58
1495802647589237639,10,3,89,1495802647.58
1495802647633094545,10,5,136,1495802647.63
1495802647633277669,10,3,86,1495802647.63
1495802647688892631,10,5,136,1495802647.68
1495802647689127857,10,3,85,1495802647.68
1495802647736537517,10,5,136,1495802647.73
1495802647737239632,10,3,124,1495802647.73
1495802647786315077,10,5,136,1495802647.78
1495802647787779720,10,3,127,1495802647.78
1495802647836361316,10,5,136,1495802647.83
1495802647836904192,10,3,136,1495802647.83
1495802647886733921,10,5,136,1495802647.88
1495802647887095838,10,3,136,1495802647.88
1495802647935324038,10,5,136,1495802647.93
1495802647935952260,10,3,124,1495802647.93
1495802647985918879,10,5,136,1495802647.98
1495802647986118625,10,3,136,1495802647.98
1495802648034069486,10,5,136,1495802648.03
1495802648036331226,10,3,135,1495802648.03
1495802648086837442,10,5,136,1495802648.08
1495802648087179804,10,3,121,1495802648.08
1495802648136023236,10,5,136,1495802648.13
1495802648136432785,10,3,128,1495802648.13
1495802648187801116,10,5,136,1495802648.18
1495802648190514310,10,3,116,1495802648.18
1495802648234129914,10,5,136,1495802648.23
1495802648234181806,10,3,87,1495802648.23
1495802648283432271,10,5,136,1495802648.28
1495802648284010068,10,3,73,1495802648.28
1495802648334482618,10,5,136,1495802648.33
1495802648337588392,10,3,79,1495802648.33
1495802648389694738,10,5,136,1495802648.38
1495802648389906357,10,3,85,1495802648.38
1495802648436462698,10,5,136,1495802648.43
1495802648436510958,10,3,113,1495802648.43
1495802648487101258,10,5,136,1495802648.48
1495802648487158737,10,3,114,1495802648.48
1495802648536628366,10,5,136,1495802648.53
1495802648536979388,10,3,135,1495802648.53
1495802648586697093,10,5,136,1495802648.58
1495802648587105315,10,3,136,1495802648.58
1495802648638317696,10,5,136,1495802648.63
1495802648640548287,10,3,136,1495802648.63
1495802648687023681,10,5,136,1495802648.68
1495802648687878748,10,3,136,1495802648.68
1495802648737781880,10,5,136,1495802648.73
1495802648737990216,10,3,136,1495802648.73
1495802648783506900,10,5,136,1495802648.78
1495802648785038169,10,3,136,1495802648.78
1495802648837133688,10,5,136,1495802648.83
1495802648837836850,10,3,136,1495802648.83
1495802648886126371,10,5,136,1495802648.88
1495802648886344765,10,3,136,1495802648.88
1495802648935116120,10,5,136,1495802648.93
1495802648935329485,10,3,136,1495802648.93
1495802648987221981,10,5,136,1495802648.98
1495802648987282394,10,3,136,1495802648.98
1495802649039622985,10,5,136,1495802649.03
1495802649040256027,10,3,136,1495802649.03
1495802649084086813,10,5,136,1495802649.08
1495802649084698971,10,3,136,1495802649.08
1495802649133952161,10,5,136,1495802649.13
1495802649134544973,10,3,136,1495802649.13
1495802649184936226,10,5,136,1495802649.18
1495802649185001877,10,3,133,1495802649.18
1495802649234301512,10,5,136,1495802649.23
1495802649234890274,10,3,125,1495802649.23
1495802649286614662,10,5,136,1495802649.28
1495802649286843113,10,3,98,1495802649.28
1495802649335314082,10,5,136,1495802649.33
1495802649335573333,10,3,79,1495802649.33
1495802649385508103,10,5,136,1495802649.38
1495802649385751918,10,3,84,1495802649.38
1495802649436887190,10,5,136,1495802649.43
1495802649439755572,10,3,77,1495802649.43
1495802649486394883,10,5,136,1495802649.48
1495802649486726768,10,3,76,1495802649.48
1495802649533066460,10,5,136,1495802649.53
1495802649533529787,10,3,-99,1495802649.53
1495802649583080502,10,5,136,1495802649.58
1495802649583449054,10,3,96,1495802649.58
1495802649634866769,10,5,136,1495802649.63
1495802649635544719,10,3,136,1495802649.63
1495802649686445393,10,5,136,1495802649.68
1495802649687170205,10,3,136,1495802649.68
1495802649735475719,10,5,136,1495802649.73
1495802649735764792,10,3,136,1495802649.73
1495802649785680218,10,5,136,1495802649.78
1495802649785885481,10,3,136,1495802649.78
1495802649836905029,10,5,136,1495802649.83
1495802649839054047,10,3,136,1495802649.83
1495802649883365405,10,5,136,1495802649.88
1495802649883422745,10,3,136,1495802649.88
1495802649936502333,10,5,136,1495802649.93
1495802649936580415,10,3,136,1495802649.93
1495802649985267611,10,5,136,1495802649.98
1495802649985864824,10,3,136,1495802649.98
1495802650036514070,10,5,136,1495802650.03
1495802650039956687,10,3,99,1495802650.03
1495802650083418219,10,5,136,1495802650.08
1495802650086576023,10,3,93,1495802650.08
1495802650135472115,10,5,136,1495802650.13
1495802650137634892,10,3,74,1495802650.13
1495802650185327479,10,5,136,1495802650.18
1495802650185711955,10,3,-92,1495802650.18
1495802650234664201,10,5,136,1495802650.23
1495802650234725661,10,3,-107,1495802650.23
1495802650283105487,10,5,136,1495802650.28
1495802650287350088,10,3,77,1495802650.28
1495802650333084048,10,5,136,1495802650.33
1495802650333257185,10,3,135,1495802650.33
1495802650383091104,10,5,136,1495802650.38
1495802650383366488,10,3,129,1495802650.38
1495802650433131196,10,5,136,1495802650.43
1495802650433360206,10,3,136,1495802650.43
1495802650485633824,10,5,136,1495802650.48
1495802650485688440,10,3,136,1495802650.48
1495802650535792788,10,5,136,1495802650.53
1495802650536082280,10,3,136,1495802650.53
1495802650584906923,10,5,136,1495802650.58
1495802650584933114,10,3,136,1495802650.58
1495802650635831344,10,5,136,1495802650.63
1495802650635868499,10,3,136,1495802650.63
1495802650685086141,10,5,136,1495802650.68
1495802650685155423,10,3,136,1495802650.68
1495802650733827255,10,5,136,1495802650.73
1495802650735070989,10,3,120,1495802650.73
1495802650784599285,10,5,136,1495802650.78
1495802650785162067,10,3,114,1495802650.78
1495802650833575556,10,5,136,1495802650.83
1495802650833899201,10,3,72,1495802650.83
1495802650886633559,10,5,136,1495802650.88
1495802650889737864,10,3,-96,1495802650.88
1495802650935832901,10,5,136,1495802650.93
1495802650936435771,10,3,-118,1495802650.93
1495802650986154384,10,5,136,1495802650.98
1495802650986429000,10,3,-122,1495802650.98
1495802651034884883,10,5,136,1495802651.03
1495802651034941035,10,3,105,1495802651.03
1495802651085234932,10,5,136,1495802651.08
1495802651085265173,10,3,106,1495802651.08
1495802651133116021,10,5,136,1495802651.13
1495802651135746525,10,3,136,1495802651.13
1495802651185261479,10,5,136,1495802651.18
1495802651185949066,10,3,136,1495802651.18
1495802651235215735,10,5,136,1495802651.23
1495802651235441183,10,3,136,1495802651.23
1495802651284946011,10,5,136,1495802651.28
1495802651291041971,10,3,136,1495802651.28
1495802651335143456,10,5,136,1495802651.33
1495802651335209386,10,3,136,1495802651.33
1495802651386269024,10,5,136,1495802651.38
1495802651389447570,10,3,136,1495802651.38
1495802651434866825,10,5,136,1495802651.43
1495802651434931428,10,3,136,1495802651.43
1495802651484958040,10,5,136,1495802651.48
1495802651484988980,10,3,136,1495802651.48
1495802651536406689,10,5,136,1495802651.53
1495802651537835642,10,3,136,1495802651.53
1495802651585426331,10,5,136,1495802651.58
1495802651585448471,10,3,136,1495802651.58
1495802651636680964,10,5,136,1495802651.63
1495802651636740329,10,3,136,1495802651.63
1495802651685290707,10,5,136,1495802651.68
1495802651685760460,10,3,136,1495802651.68
1495802651734288070,10,5,136,1495802651.73
1495802651734556610,10,3,-93,1495802651.73
1495802651783716145,10,5,136,1495802651.78
1495802651786180003,10,3,-107,1495802651.78
1495802651833763708,10,5,136,1495802651.83
1495802651834143924,10,3,-122,1495802651.83
1495802651883425679,10,5,136,1495802651.88
1495802651884137780,10,3,103,1495802651.88
1495802651934629536,10,5,136,1495802651.93
1495802651934953390,10,3,118,1495802651.93
1495802651983786346,10,5,136,1495802651.98
1495802651984060613,10,3,105,1495802651.98
1495802652036629940,10,5,136,1495802652.03
1495802652036689025,10,3,136,1495802652.03
1495802652085086520,10,5,136,1495802652.08
1495802652085699307,10,3,136,1495802652.08
1495802652135085335,10,5,136,1495802652.13
1495802652135115366,10,3,136,1495802652.13
1495802652185439433,10,5,136,1495802652.18
1495802652185502500,10,3,136,1495802652.18
1495802652233246979,10,5,136,1495802652.23
1495802652236227177,10,3,136,1495802652.23
1495802652285117752,10,5,136,1495802652.28
1495802652285153371,10,3,136,1495802652.28
1495802652333972220,10,5,136,1495802652.33
1495802652334243623,10,3,136,1495802652.33
1495802652385339227,10,5,136,1495802652.38
1495802652385400128,10,3,136,1495802652.38
1495802652435410327,10,5,136,1495802652.43
1495802652435475070,10,3,136,1495802652.43
1495802652485069365,10,5,136,1495802652.48
1495802652485132362,10,3,136,1495802652.48
1495802652535031096,10,5,136,1495802652.53
1495802652535091927,10,3,136,1495802652.53
1495802652585095494,10,5,136,1495802652.58
1495802652585163031,10,3,136,1495802652.58
1495802652633866711,10,5,136,1495802652.63
1495802652634451562,10,3,125,1495802652.63
1495802652683723122,10,5,136,1495802652.68
1495802652684367198,10,3,115,1495802652.68
1495802652739336336,10,5,136,1495802652.73
1495802652739588463,10,3,105,1495802652.73
1495802652784102783,10,5,136,1495802652.78
1495802652784486072,10,3,99,1495802652.78
1495802652835405186,10,5,136,1495802652.83
1495802652835801955,10,3,81,1495802652.83
1495802652891547801,10,5,136,1495802652.88
1495802652891711718,10,3,70,1495802652.88
1495802652937561615,10,5,136,1495802652.93
1495802652937621818,10,3,114,1495802652.93
1495802652989033102,10,5,136,1495802652.98
1495802652989575490,10,3,109,1495802652.98
1495802653038095068,10,5,136,1495802653.03
1495802653038161836,10,3,136,1495802653.03
1495802653085338296,10,5,136,1495802653.08
1495802653085618220,10,3,136,1495802653.08
1495802653136346459,10,5,136,1495802653.13
1495802653136620866,10,3,136,1495802653.13
1495802653185509206,10,5,136,1495802653.18
1495802653185772089,10,3,136,1495802653.18
1495802653237635458,10,5,136,1495802653.23
1495802653239892307,10,3,136,1495802653.23
1495802653286408768,10,5,136,1495802653.28
1495802653288885269,10,3,94,1495802653.28
1495802653333495343,10,5,136,1495802653.33
1495802653334145705,10,3,-97,1495802653.33
1495802653386199460,10,5,136,1495802653.38
1495802653386258615,10,3,-111,1495802653.38
1495802653433577133,10,5,136,1495802653.43
1495802653433957698,10,3,-161,1495802653.43
1495802653483600743,10,5,136,1495802653.48
1495802653486141361,10,3,-168,1495802653.48
1495802653534152634,10,5,136,1495802653.53
1495802653534760184,10,3,-167,1495802653.53
1495802653585471730,10,5,136,1495802653.58
1495802653585533120,10,3,75,1495802653.58
1495802653635349300,10,5,136,1495802653.63
1495802653635412995,10,3,136,1495802653.63
1495802653689792817,10,5,136,1495802653.68
1495802653689848760,10,3,136,1495802653.68
1495802653734395135,10,5,136,1495802653.73
1495802653734452265,10,3,136,1495802653.73
1495802653786458811,10,5,136,1495802653.78
1495802653787066710,10,3,136,1495802653.78
1495802653834836192,10,5,136,1495802653.83
1495802653834899748,10,3,136,1495802653.83
1495802653886826251,10,5,136,1495802653.88
1495802653888347464,10,3,136,1495802653.88
1495802653934934184,10,5,136,1495802653.93
1495802653934999695,10,3,136,1495802653.93
1495802653983063838,10,5,136,1495802653.98
1495802653989829854,10,3,136,1495802653.98
1495802654035402546,10,5,136,1495802654.03
1495802654035464077,10,3,136,1495802654.03
1495802654085372939,10,5,136,1495802654.08
1495802654085436704,10,3,136,1495802654.08
1495802654134825528,10,5,136,1495802654.13
1495802654134885242,10,3,130,1495802654.13
1495802654183378839,10,5,136,1495802654.18
1495802654183872268,10,3,-166,1495802654.18
1495802654233077476,10,5,136,1495802654.23
1495802654233462860,10,3,-177,1495802654.23
1495802654285385592,10,5,136,1495802654.28
1495802654285529675,10,3,-99,1495802654.28
1495802654335037577,10,5,136,1495802654.33
1495802654335066980,10,3,80,1495802654.33
1495802654387827324,10,5,136,1495802654.38
1495802654389268078,10,3,-110,1495802654.38
1495802654435050926,10,5,136,1495802654.43
1495802654435118882,10,3,136,1495802654.43
1495802654485503780,10,5,136,1495802654.48
1495802654485530808,10,3,136,1495802654.48
1495802654533854411,10,5,136,1495802654.53
1495802654534043122,10,3,136,1495802654.53
1495802654584872699,10,5,136,1495802654.58
1495802654587499430,10,3,136,1495802654.58
1495802654635164220,10,5,136,1495802654.63
1495802654635411947,10,3,136,1495802654.63
1495802654685103533,10,5,136,1495802654.68
1495802654685173863,10,3,136,1495802654.68
1495802654735513227,10,5,136,1495802654.73
1495802654735553177,10,3,136,1495802654.73
1495802654783667186,10,5,136,1495802654.78
1495802654783901154,10,3,136,1495802654.78
1495802654833034706,10,5,136,1495802654.83
1495802654833249048,10,3,136,1495802654.83
1495802654886256136,10,5,136,1495802654.88
1495802654886468733,10,3,136,1495802654.88
1495802654935283879,10,5,136,1495802654.93
1495802654935359797,10,3,136,1495802654.93
1495802654985146646,10,5,136,1495802654.98
1495802654985221236,10,3,110,1495802654.98
1495802655035190930,10,5,136,1495802655.03
1495802655035233045,10,3,100,1495802655.03
1495802655085637218,10,5,136,1495802655.08
1495802655085708177,10,3,136,1495802655.08
1495802655134867011,10,5,136,1495802655.13
1495802655134921278,10,3,136,1495802655.13
1495802655185659643,10,5,136,1495802655.18
1495802655185870773,10,3,136,1495802655.18
1495802655235119075,10,5,136,1495802655.23
1495802655235176484,10,3,136,1495802655.23
1495802655285407524,10,5,136,1495802655.28
1495802655285472896,10,3,136,1495802655.28
1495802655335609022,10,5,136,1495802655.33
1495802655335695555,10,3,136,1495802655.33
1495802655383169888,10,5,136,1495802655.38
1495802655384323526,10,3,136,1495802655.38
1495802655433069878,10,5,136,1495802655.43
1495802655433465528,10,3,136,1495802655.43
1495802655485810311,10,5,136,1495802655.48
1495802655485887346,10,3,136,1495802655.48
1495802655534784905,10,5,136,1495802655.53
1495802655534851254,10,3,136,1495802655.53
1495802655584931018,10,5,136,1495802655.58
1495802655584995900,10,3,100,1495802655.58
1495802655637836838,10,5,136,1495802655.63
1495802655638365466,10,3,73,1495802655.63
1495802655683592798,10,5,136,1495802655.68
1495802655683837662,10,3,-95,1495802655.68
1495802655734070863,10,5,136,1495802655.73
1495802655734467911,10,3,-95,1495802655.73
1495802655783620599,10,5,136,1495802655.78
1495802655783919380,10,3,136,1495802655.78
1495802655835144259,10,5,136,1495802655.83
1495802655835203066,10,3,136,1495802655.83
1495802655884828093,10,5,136,1495802655.88
1495802655884880753,10,3,136,1495802655.88
1495802655937692916,10,5,136,1495802655.93
1495802655937750675,10,3,136,1495802655.93
1495802655983266311,10,5,136,1495802655.98
1495802655986298538,10,3,136,1495802655.98
1495802656041466727,10,5,136,1495802656.03
1495802656041531749,10,3,136,1495802656.03
1495802656085323280,10,5,136,1495802656.08
1495802656085893814,10,3,136,1495802656.08
1495802656137002898,10,5,136,1495802656.13
1495802656137226181,10,3,83,1495802656.13
1495802656183056518,10,5,136,1495802656.18
1495802656183729439,10,3,-92,1495802656.18
1495802656233183914,10,5,136,1495802656.23
1495802656233280295,10,3,72,1495802656.23
1495802656286576946,10,5,136,1495802656.28
1495802656287236387,10,3,136,1495802656.28
1495802656334861857,10,5,136,1495802656.33
1495802656334921711,10,3,136,1495802656.33
1495802656383680355,10,5,136,1495802656.38
1495802656384516006,10,3,136,1495802656.38
1495802656436591344,10,5,136,1495802656.43
1495802656436645261,10,3,136,1495802656.43
1495802656490536961,10,5,136,1495802656.48
1495802656490777145,10,3,136,1495802656.48
1495802656536106375,10,5,136,1495802656.53
1495802656536168743,10,3,136,1495802656.53
1495802656589820745,10,5,136,1495802656.58
1495802656591753672,10,3,136,1495802656.58
1495802656640644108,10,5,136,1495802656.63
1495802656641441137,10,3,136,1495802656.63
1495802656689881166,10,5,136,1495802656.68
1495802656690545427,10,3,136,1495802656.68
1495802656735378081,10,5,136,1495802656.73
1495802656735559669,10,3,136,1495802656.73
1495802656783621018,10,5,136,1495802656.78
1495802656785847420,10,3,96,1495802656.78
1495802656834589443,10,5,136,1495802656.83
1495802656834642243,10,3,83,1495802656.83
1495802656886609045,10,5,136,1495802656.88
1495802656886680074,10,3,-93,1495802656.88
1495802656935900508,10,5,136,1495802656.93
1495802656936121346,10,3,88,1495802656.93
1495802656987603591,10,5,136,1495802656.98
1495802656987733496,10,3,136,1495802656.98
1495802657037710314,10,5,136,1495802657.03
1495802657038368359,10,3,136,1495802657.03
1495802657083102956,10,5,136,1495802657.08
1495802657086737848,10,3,136,1495802657.08
1495802657135317909,10,5,136,1495802657.13
1495802657138961945,10,3,136,1495802657.13
1495802657183396439,10,5,136,1495802657.18
1495802657183451544,10,3,116,1495802657.18
1495802657233850759,10,5,136,1495802657.23
1495802657234273158,10,3,107,1495802657.23
1495802657285133186,10,5,136,1495802657.28
1495802657285390831,10,3,112,1495802657.28
1495802657335355564,10,5,136,1495802657.33
1495802657336081844,10,3,-126,1495802657.33
1495802657389327723,10,5,136,1495802657.38
1495802657389712269,10,3,-147,1495802657.38
1495802657435552388,10,5,136,1495802657.43
1495802657435988965,10,3,-173,1495802657.43
1495802657490626497,10,5,136,1495802657.48
1495802657491214979,10,3,136,1495802657.48
1495802657535201299,10,5,136,1495802657.53
1495802657535248372,10,3,136,1495802657.53
1495802657585225537,10,5,136,1495802657.58
1495802657585831969,10,3,136,1495802657.58
1495802657635977243,10,5,136,1495802657.63
1495802657636588494,10,3,136,1495802657.63
1495802657687121948,10,5,136,1495802657.68
1495802657687731034,10,3,136,1495802657.68
1495802657735491856,10,5,136,1495802657.73
1495802657736177418,10,3,136,1495802657.73
1495802657785254747,10,5,136,1495802657.78
1495802657786260740,10,3,117,1495802657.78
1495802657833085341,10,5,136,1495802657.83
1495802657833446839,10,3,112,1495802657.83
1495802657888888455,10,5,136,1495802657.88
1495802657889158672,10,3,99,1495802657.88
1495802657935461206,10,5,136,1495802657.93
1495802657935931937,10,3,103,1495802657.93
1495802657984588404,10,5,136,1495802657.98
1495802657986726737,10,3,89,1495802657.98
1495802658037206828,10,5,136,1495802658.03
1495802658037780225,10,3,-177,1495802658.03
1495802658085196870,10,5,136,1495802658.08
1495802658085736812,10,3,-133,1495802658.08
1495802658135350522,10,5,136,1495802658.13
1495802658136009684,10,3,-117,1495802658.13
1495802658183448258,10,5,136,1495802658.18
1495802658183507274,10,3,136,1495802658.18
1495802658237236035,10,5,136,1495802658.23
1495802658237556747,10,3,136,1495802658.23
1495802658285768395,10,5,136,1495802658.28
1495802658286563678,10,3,136,1495802658.28
1495802658333278975,10,5,136,1495802658.33
1495802658333341064,10,3,-137,1495802658.33
1495802658385467386,10,5,136,1495802658.38
1495802658385936230,10,3,-156,1495802658.38
1495802658435835660,10,5,136,1495802658.43
1495802658436593438,10,3,119,1495802658.43
1495802658486732566,10,5,136,1495802658.48
1495802658487107404,10,3,136,1495802658.48
1495802658536442309,10,5,136,1495802658.53
1495802658536763929,10,3,114,1495802658.53
1495802658585568390,10,5,136,1495802658.58
1495802658585626358,10,3,85,1495802658.58
1495802658633128558,10,5,136,1495802658.63
1495802658633784996,10,3,79,1495802658.63
1495802658683097623,10,5,136,1495802658.68
1495802658686770574,10,3,-133,1495802658.68
1495802658733053277,10,5,136,1495802658.73
1495802658736760450,10,3,-135,1495802658.73
1495802658783013469,10,5,136,1495802658.78
1495802658785777228,10,3,81,1495802658.78
1495802658833219993,10,5,136,1495802658.83
1495802658833312602,10,3,71,1495802658.83
1495802658883713984,10,5,136,1495802658.88
1495802658883902206,10,3,-98,1495802658.88
1495802658936553108,10,5,136,1495802658.93
1495802658936607724,10,3,-96,1495802658.93
1495802658986303008,10,5,136,1495802658.98
1495802658987284696,10,3,129,1495802658.98
1495802659034098402,10,5,136,1495802659.03
1495802659037305023,10,3,119,1495802659.03
1495802659086466023,10,5,136,1495802659.08
1495802659087116246,10,3,96,1495802659.08
1495802659136450942,10,5,136,1495802659.13
1495802659137080003,10,3,84,1495802659.13
1495802659182993522,10,5,136,1495802659.18
1495802659183520055,10,3,75,1495802659.18
1495802659235929097,10,5,136,1495802659.23
1495802659236574081,10,3,136,1495802659.23
1495802659285422122,10,5,136,1495802659.28
1495802659285690941,10,3,136,1495802659.28
1495802659334734746,10,5,136,1495802659.33
1495802659335118314,10,3,136,1495802659.33
1495802659383048432,10,5,136,1495802659.38
1495802659386547270,10,3,127,1495802659.38
1495802659437502285,10,5,136,1495802659.43
1495802659438167384,10,3,118,1495802659.43
1495802659483077283,10,5,136,1495802659.48
1495802659486749959,10,3,136,1495802659.48
1495802659535711633,10,5,136,1495802659.53
1495802659536390909,10,3,136,1495802659.53
1495802659583056340,10,5,136,1495802659.58
1495802659583383198,10,3,136,1495802659.58
1495802659633292755,10,5,136,1495802659.63
1495802659637355421,10,3,136,1495802659.63
1495802659687807926,10,5,136,1495802659.68
1495802659687872180,10,3,136,1495802659.68
1495802659733232837,10,5,136,1495802659.73
1495802659733293808,10,3,136,1495802659.73
1495802659782981551,10,5,136,1495802659.78
1495802659783196453,10,3,136,1495802659.78
1495802659833370991,10,5,136,1495802659.83
1495802659836190136,10,3,136,1495802659.83
1495802659884347307,10,5,136,1495802659.88
1495802659888730054,10,3,136,1495802659.88
1495802659933090516,10,5,136,1495802659.93
1495802659933418211,10,3,136,1495802659.93
1495802659983037020,10,5,136,1495802659.98
1495802659983514314,10,3,136,1495802659.98
1495802660033103791,10,5,136,1495802660.03
1495802660035795264,10,3,136,1495802660.03
1495802660083308569,10,5,136,1495802660.08
1495802660083513832,10,3,136,1495802660.08
1495802660134039673,10,5,136,1495802660.13
1495802660136946188,10,3,136,1495802660.13
1495802660185104198,10,5,136,1495802660.18
1495802660185166775,10,3,136,1495802660.18
1495802660233684048,10,5,136,1495802660.23
1495802660233921019,10,3,136,1495802660.23
1495802660284771688,10,5,136,1495802660.28
1495802660284825326,10,3,136,1495802660.28
1495802660334692771,10,5,136,1495802660.33
1495802660334747457,10,3,136,1495802660.33
1495802660385476046,10,5,136,1495802660.38
1495802660385687316,10,3,136,1495802660.38
1495802660436984622,10,5,136,1495802660.43
1495802660437669694,10,3,136,1495802660.43
1495802660483696639,10,5,136,1495802660.48
1495802660486341595,10,3,136,1495802660.48
1495802660533589364,10,5,136,1495802660.53
1495802660534246221,10,3,136,1495802660.53
1495802660585797957,10,5,136,1495802660.58
1495802660586000985,10,3,136,1495802660.58
1495802660633509541,10,5,136,1495802660.63
1495802660636048831,10,3,136,1495802660.63
1495802660687162177,10,5,136,1495802660.68
1495802660687455301,10,3,136,1495802660.68
1495802660733085682,10,5,136,1495802660.73
1495802660736310675,10,3,136,1495802660.73
1495802660783136392,10,5,136,1495802660.78
1495802660783847447,10,3,136,1495802660.78
1495802660836421238,10,5,136,1495802660.83
1495802660836520482,10,3,136,1495802660.83
1495802660886570981,10,5,136,1495802660.88
1495802660886637400,10,3,136,1495802660.88
1495802660933849898,10,5,136,1495802660.93
1495802660933904794,10,3,136,1495802660.93
1495802660985322158,10,5,136,1495802660.98
1495802660985574145,10,3,136,1495802660.98
1495802661033456491,10,5,136,1495802661.03
1495802661037249153,10,3,136,1495802661.03
1495802661083369963,10,5,136,1495802661.08
1495802661083673354,10,3,136,1495802661.08
1495802661134867221,10,5,136,1495802661.13
1495802661135205951,10,3,136,1495802661.13
1495802661188595492,10,5,136,1495802661.18
1495802661188651784,10,3,136,1495802661.18
1495802661235092605,10,5,136,1495802661.23
1495802661235316097,10,3,136,1495802661.23
1495802661285603150,10,5,136,1495802661.28
1495802661286364351,10,3,136,1495802661.28
1495802661336041619,10,5,136,1495802661.33
1495802661336249815,10,3,136,1495802661.33
1495802661385251507,10,5,136,1495802661.38
1495802661385514878,10,3,136,1495802661.38
1495802661437319089,10,5,136,1495802661.43
1495802661438043972,10,3,136,1495802661.43
1495802661487351429,10,5,136,1495802661.48
1495802661487612845,10,3,136,1495802661.48
1495802661535174969,10,5,136,1495802661.53
1495802661535436804,10,3,136,1495802661.53
1495802661585265349,10,5,136,1495802661.58
1495802661585529419,10,3,136,1495802661.58
1495802661636777906,10,5,136,1495802661.63
1495802661639383263,10,3,136,1495802661.63
1495802661686663089,10,5,136,1495802661.68
1495802661689667939,10,3,136,1495802661.68
1495802661743925820,10,5,136,1495802661.74
1495802661747437087,10,3,136,1495802661.74
1495802661785621482,10,5,136,1495802661.78
1495802661786198511,10,3,136,1495802661.78
1495802661835965314,10,5,136,1495802661.83
1495802661836535499,10,3,136,1495802661.83
1495802661886100672,10,5,136,1495802661.88
1495802661886621549,10,3,136,1495802661.88
1495802661935952613,10,5,136,1495802661.93
1495802661936223038,10,3,136,1495802661.93
1495802661983670483,10,5,136,1495802661.98
1495802661983987353,10,3,136,1495802661.98
1495802662033784396,10,5,136,1495802662.03
1495802662034086529,10,3,136,1495802662.03
1495802662083091922,10,5,136,1495802662.08
1495802662085479236,10,3,136,1495802662.08
1495802662133088992,10,5,136,1495802662.13
1495802662133736420,10,3,136,1495802662.13
1495802662186330611,10,5,136,1495802662.18
1495802662188012809,10,3,136,1495802662.18
1495802662233277571,10,5,136,1495802662.23
1495802662233375698,10,3,136,1495802662.23
1495802662283131189,10,5,136,1495802662.28
1495802662283795799,10,3,136,1495802662.28
1495802662333205433,10,5,136,1495802662.33
1495802662333460842,10,3,136,1495802662.33
1495802662383177359,10,5,136,1495802662.38
1495802662383235187,10,3,136,1495802662.38
1495802662433522867,10,5,136,1495802662.43
1495802662435828467,10,3,136,1495802662.43
1495802662485974581,10,5,136,1495802662.48
1495802662486864499,10,3,136,1495802662.48
1495802662533043345,10,5,136,1495802662.53
1495802662533234361,10,3,136,1495802662.53
1495802662583198607,10,5,136,1495802662.58
1495802662583930195,10,3,136,1495802662.58
1495802662633100902,10,5,136,1495802662.63
1495802662633268171,10,3,136,1495802662.63
1495802662683037557,10,5,136,1495802662.68
1495802662683354986,10,3,136,1495802662.68
1495802662733258399,10,5,136,1495802662.73
1495802662733373288,10,3,136,1495802662.73
1495802662785995344,10,5,136,1495802662.78
1495802662787461175,10,3,136,1495802662.78
1495802662833719011,10,5,136,1495802662.83
1495802662834001240,10,3,136,1495802662.83
1495802662885445561,10,5,136,1495802662.88
1495802662885507650,10,3,136,1495802662.88
1495802662937529975,10,5,136,1495802662.93
1495802662938106795,10,3,136,1495802662.93
1495802662983302626,10,5,136,1495802662.98
1495802662984525616,10,3,136,1495802662.98
1495802663033298508,10,5,136,1495802663.03
1495802663033378896,10,3,136,1495802663.03
1495802663086047886,10,5,136,1495802663.08
1495802663086468471,10,3,136,1495802663.08
1495802663136158170,10,5,136,1495802663.13
1495802663136422100,10,3,136,1495802663.13
1495802663184836007,10,5,136,1495802663.18
1495802663184865201,10,3,136,1495802663.18
1495802663236135545,10,5,136,1495802663.23
1495802663236328168,10,3,136,1495802663.23
1495802663285766857,10,5,136,1495802663.28
1495802663286151333,10,3,136,1495802663.28
1495802663336540144,10,5,136,1495802663.33
1495802663338223110,10,3,136,1495802663.33
1495802663386507254,10,5,136,1495802663.38
1495802663387130169,10,3,136,1495802663.38
1495802663433302659,10,5,136,1495802663.43
1495802663433398621,10,3,136,1495802663.43
1495802663483066391,10,5,136,1495802663.48
1495802663483291210,10,3,136,1495802663.48
1495802663535207865,10,5,136,1495802663.53
1495802663535808150,10,3,136,1495802663.53
1495802663584510363,10,5,136,1495802663.58
1495802663585120496,10,3,136,1495802663.58
1495802663637421772,10,5,136,1495802663.63
1495802663638007741,10,3,136,1495802663.63
1495802663684917616,10,5,136,1495802663.68
1495802663684983197,10,3,136,1495802663.68
1495802663733076254,10,5,136,1495802663.73
1495802663733436705,10,3,136,1495802663.73
1495802663783038405,10,5,136,1495802663.78
1495802663783282012,10,3,136,1495802663.78
1495802663835930882,10,5,136,1495802663.83
1495802663837510902,10,3,136,1495802663.83
1495802663885644676,10,5,136,1495802663.88
1495802663888455928,10,3,136,1495802663.88
1495802663933140870,10,5,136,1495802663.93
1495802663937917806,10,3,136,1495802663.93
1495802663983437699,10,5,136,1495802663.98
1495802663985135542,10,3,136,1495802663.98
1495802664033455862,10,5,136,1495802664.03
1495802664034087019,10,3,136,1495802664.03
1495802664084628502,10,5,136,1495802664.08
1495802664085211676,10,3,136,1495802664.08
1495802664137111780,10,5,136,1495802664.13
1495802664140095330,10,3,136,1495802664.13
1495802664184902703,10,5,136,1495802664.18
1495802664185680805,10,3,136,1495802664.18
1495802664235789552,10,5,136,1495802664.23
1495802664236584905,10,3,136,1495802664.23
1495802664283079504,10,5,136,1495802664.28
1495802664283288958,10,3,136,1495802664.28
1495802664333360410,10,5,136,1495802664.33
1495802664333738671,10,3,136,1495802664.33
1495802664386603773,10,5,136,1495802664.38
1495802664386982941,10,3,136,1495802664.38
1495802664437907433,10,5,136,1495802664.43
1495802664438248887,10,3,136,1495802664.43
1495802664486723207,10,5,136,1495802664.48
1495802664487258960,10,3,136,1495802664.48
1495802664533705090,10,5,136,1495802664.53
1495802664534274715,10,3,136,1495802664.53
1495802664583978033,10,5,136,1495802664.58
1495802664584601716,10,3,136,1495802664.58
1495802664636708763,10,5,136,1495802664.63
1495802664636949785,10,3,136,1495802664.63
1495802664684617300,10,5,136,1495802664.68
1495802664685238607,10,3,136,1495802664.68
1495802664736370107,10,5,136,1495802664.73
1495802664736638787,10,3,136,1495802664.73
1495802664786257736,10,5,136,1495802664.78
1495802664786474035,10,3,136,1495802664.78
1495802664836828553,10,5,136,1495802664.83
1495802664837203951,10,3,136,1495802664.83
1495802664889301079,10,5,136,1495802664.88
1495802664889359327,10,3,136,1495802664.88
1495802664935457928,10,5,136,1495802664.93
1495802664939524293,10,3,136,1495802664.93
1495802664989730189,10,5,136,1495802664.98
1495802664989796189,10,3,136,1495802664.98
1495802665037294687,10,5,136,1495802665.03
1495802665041217673,10,3,136,1495802665.03
1495802665085794849,10,5,136,1495802665.08
1495802665085860709,10,3,136,1495802665.08
1495802665135213284,10,5,136,1495802665.13
1495802665135278656,10,3,136,1495802665.13
1495802665185095676,10,5,136,1495802665.18
1495802665185710909,10,3,136,1495802665.18
1495802665236112780,10,5,136,1495802665.23
1495802665238046614,10,3,136,1495802665.23
1495802665283263329,10,5,136,1495802665.28
1495802665284670561,10,3,136,1495802665.28
1495802665334374086,10,5,136,1495802665.33
1495802665337354003,10,3,136,1495802665.33
1495802665383142229,10,5,136,1495802665.38
1495802665386006000,10,3,136,1495802665.38
1495802665433051997,10,5,136,1495802665.43
1495802665433184136,10,3,136,1495802665.43
1495802665483306991,10,5,136,1495802665.48
1495802665484245030,10,3,136,1495802665.48
1495802665535372065,10,5,136,1495802665.53
1495802665538071917,10,3,136,1495802665.53
1495802665585574397,10,5,136,1495802665.58
1495802665585643470,10,3,136,1495802665.58
1495802665637683466,10,5,136,1495802665.63
1495802665637933777,10,3,136,1495802665.63
1495802665685805577,10,5,136,1495802665.68
1495802665686106942,10,3,136,1495802665.68
1495802665733102862,10,5,136,1495802665.73
1495802665735758018,10,3,136,1495802665.73
1495802665783039170,10,5,136,1495802665.78
1495802665783263570,10,3,136,1495802665.78
