%time,field.xn,field.yn,field.xbd,field.ybd,field.xbdd,field.ybdd
1495802635985232130,0.00774067826569,-0.0189777519554,0.0129269845784,-0.363801240921,-0.00284393667243,0.909503102303
1495802636034791365,0.00798513740301,-0.0196275059134,0.0131509546191,-0.343801945448,-0.00289320992306,0.859504878521
1495802636090188285,0.012374506332,-0.0213797371835,0.0311421360821,-0.41488596797,-0.00685126986355,1.03721499443
1495802636135601744,0.0127471191809,-0.0215363670141,0.0309988334775,-0.406261026859,-0.00681974319741,1.01565265656
1495802636188667985,0.00907952245325,-0.015310565941,-0.00712066562846,-0.26324865222,0.00156654638704,0.658121645451
1495802636239214916,0.00381571031176,-0.00799665506929,-0.0188170000911,-0.113488063216,0.00413973955438,0.283720165491
1495802636286296532,-0.000418076349888,-0.0018757134676,-0.0250792000443,0.00150628853589,0.00551742408425,-0.00376572087407
1495802636336483780,-0.00529526546597,0.00671830400825,-0.0271956194192,0.170530661941,0.00598303601146,-0.426326692104
1495802636386691564,-0.00593574717641,0.00482352497056,-0.0601507462561,0.103897638619,0.013233163394,-0.259744107723
1495802636436246120,-0.00598663231358,0.00465897750109,-0.0598882474005,0.111982509494,0.0131754139438,-0.279956281185
1495802636487832844,-0.0203416198492,-0.0191096384078,-0.509647727013,-0.235982820392,0.112122498453,0.58995705843
1495802636537375527,-0.0216075107455,-0.021146569401,-0.506065249443,-0.193762883544,0.111334353685,0.484407246113
1495802636584978229,0.0138876093552,-0.0420547164977,0.026972880587,-0.840907752514,-0.00593403400853,2.10226941109
1495802636635584524,0.0169282350689,-0.0438837707043,0.0227271430194,-0.762386918068,-0.0049999714829,1.90596747398
1495802636685418098,0.0563430823386,-0.0514477603137,0.55098170042,-1.25549077988,-0.121215976775,3.13872694969
1495802636736001627,0.0597230046988,-0.0521110855043,0.546774089336,-1.1956602335,-0.12029029429,2.98915052414
1495802636785196918,0.0526877976954,-0.0584886781871,-0.0109123215079,-1.29664564133,0.00240071071312,3.2416138649
1495802636836462094,0.0520157441497,-0.0590814352036,-0.00647021876648,-1.2843927145,0.00142344820779,3.21098160744
1495802636887084523,0.0307404641062,-0.040075737983,-0.123730972409,-0.709755003452,0.0272208135575,1.77438759804
1495802636934651675,0.0288648549467,-0.0384587049484,-0.122796967626,-0.779478192329,0.0270153321326,1.94869554043
1495802636986865999,-0.000715726753697,-0.00903817918152,-0.118224926293,0.0411040075123,0.0260094832629,-0.102760016918
1495802637036284714,-0.00325176143087,-0.00646928232163,-0.118261367083,-0.0584606453776,0.0260175000876,0.146151617169
1495802637087889178,-0.00454946514219,0.0074357483536,-0.017026014626,0.187131047249,0.00374572305009,-0.467827618122
1495802637137172261,-0.00464306026697,0.00864187348634,-0.0178323891014,0.157332465053,0.00392312556505,-0.39333114028
1495802637184728867,0.00588503992185,-0.0210342667997,-0.000743993965443,-0.472411185503,0.00016367866192,1.18102788925
1495802637238880449,0.00676647387445,-0.0236157216132,-0.000880103965756,-0.396001875401,0.000193622880033,0.990004658699
1495802637285158819,0.024003604427,-0.0648110061884,-0.0742610096931,-1.29333567619,0.016337422654,3.23333930969
1495802637336839135,0.0477644912899,-0.0812672302127,-0.00370760494843,-1.61598336697,0.000815673149191,4.03995800018
1495802637386657898,0.054038234055,-0.0860154852271,0.0338073782623,-1.67835700512,-0.00743762310594,4.19589233398
1495802637439001565,0.0554614290595,-0.0855812057853,0.0335085652769,-1.67078888416,-0.00737188383937,4.17697238922
1495802637484798590,0.0562501326203,-0.0697570517659,0.0124291079119,-1.41733515263,-0.00273440382443,3.5433382988
1495802637534552403,0.0562389679253,-0.068436332047,0.0125970104709,-1.44808769226,-0.00277134240605,3.62021923065
1495802637586149539,0.0273993629962,-0.0357287377119,0.0144940530881,-0.571719229221,-0.00318869156763,1.42929816246
1495802637637783269,0.0249194260687,-0.0328950248659,0.0144789190963,-0.678052663803,-0.00318536232226,1.69513165951
1495802637687291170,-0.00232478138059,-0.00567348627374,-0.104331642389,0.0695891603827,0.0229529608041,-0.173972904682
1495802637739832209,-0.00464526703581,-0.00328431348316,-0.103385299444,-0.0211253333837,0.0227447655052,0.0528133325279
1495802637785340020,-0.00239071482792,0.00677198683843,-0.0153764402494,0.148016601801,0.00338281667791,-0.370041489601
1495802637834475529,-0.00217992858961,0.00764029333368,-0.0160774569958,0.127493977547,0.00353704043664,-0.318734943867
1495802637884965051,-0.00357657507993,-0.0260720103979,-0.0526915341616,-0.551958858967,0.0115921376273,1.37989723682
1495802637934952345,-0.00371393025853,-0.0290039870888,-0.0523999072611,-0.46951815486,0.0115279788151,1.17379534245
1495802637987253127,0.0405673980713,-0.0869593322277,0.685790419579,-1.69652247429,-0.15087389946,4.24130630493
1495802638036059124,0.0444075912237,-0.091959901154,0.679910540581,-1.54764509201,-0.149580329657,3.86911273003
1495802638090249886,0.0736130997539,-0.112167663872,0.261506766081,-2.32826328278,-0.057531490922,5.8206577301
1495802638134643238,0.0760553926229,-0.113789990544,0.264839500189,-2.23354768753,-0.0582646913826,5.58386945724
1495802638185209586,0.0799878016114,-0.0880361422896,-0.0558442734182,-1.88336002827,0.0122857401147,4.70839977264
1495802638236605090,0.0511103346944,-0.075486086309,-0.0353459268808,-1.39969444275,0.00777610344812,3.49923610687
1495802638287084901,0.0209811404347,-0.0386282578111,-0.174731180072,-0.531508266926,0.0384408608079,1.32877075672
1495802638338283869,-0.00531123625115,0.0132648264989,-0.0451278351247,0.421558409929,0.00992812309414,-1.05389606953
1495802638384920037,-0.0236857775599,0.0317398011684,-0.301235973835,0.655961453915,0.0662719160318,-1.63990366459
1495802638434889310,-0.0252567846328,0.0332785099745,-0.29919603467,0.627520442009,0.065823122859,-1.56880116463
1495802638489434447,-0.0391607396305,0.0368853025138,-0.54966032505,0.766008734703,0.120925277472,-1.91502189636
1495802638539016100,-0.0202747043222,0.0506480671465,-0.54766535759,0.749205231667,0.12048638612,-1.87301325798
1495802638588738833,0.0292505547404,-0.0217736512423,0.760387539864,-0.382276087999,-0.167285263538,0.955690205097
1495802638639719408,0.0336016193032,-0.0278959665447,0.749968647957,-0.244989171624,-0.164993092418,0.612472891808
1495802638690017217,-0.0116754174232,-0.090334713459,0.131881013513,-1.75787138939,-0.0290138218552,4.39467859268
1495802638737331962,-0.0153679270297,-0.0957207456231,0.136804193258,-1.57430720329,-0.0300969220698,3.9357676506
1495802638788253523,0.0221606809646,-0.130319863558,0.00919721275568,-2.31620311737,-0.002023386769,5.79050827026
1495802638834868668,0.0254898834974,-0.133155435324,0.0102136582136,-2.22618603706,-0.00224700476974,5.56546497345
1495802638887019362,0.0413460023701,-0.0960480347276,0.0159043073654,-1.59702563286,-0.00349894771352,3.99256420135
1495802638934477772,0.0426276661456,-0.0928242877126,0.0158589966595,-1.67336404324,-0.00348897930235,4.18341016769
1495802638986682174,0.00319403316826,-0.032298412174,-0.152318969369,-0.25848197937,0.0335101746023,0.646204888821
1495802639040002506,-0.000240192646743,-0.0270588286221,-0.150979399681,-0.430155426264,0.0332154668868,1.07538866997
1495802639086146292,-0.0119928047061,0.0313388332725,-0.296690255404,0.702404737473,0.0652718469501,-1.75601184368
1495802639139949640,-0.0130116213113,0.0363712012768,-0.295529574156,0.564986765385,0.0650165081024,-1.41246688366
1495802639187906297,-0.0138762155548,0.0479258596897,-0.60606098175,0.635769546032,0.133333414793,-1.58942401409
1495802639237939824,0.00788010563701,0.0237744748592,0.00474261725321,0.355828613043,-0.00104337581433,-0.889571607113
1495802639285834252,0.020011972636,-0.0248032696545,0.585818827152,-0.349631041288,-0.128880143166,0.874077677727
1495802639340085498,-0.0125657459721,-0.0509468205273,-8.55901307659e-05,-0.974707365036,1.88297854038e-05,2.4367685318
1495802639392917004,-0.0218429919332,-0.0869688466191,0.368448644876,-1.54999887943,-0.0810587033629,3.87499713898
1495802639434686215,-0.0225619580597,-0.0900488421321,0.365513145924,-1.4801967144,-0.0804128870368,3.70049142838
1495802639485365983,-0.0238059666008,-0.132560789585,0.0504807680845,-2.37797188759,-0.0111057683825,5.94492959976
1495802639538234435,-0.0238831546158,-0.136091768742,0.0529900752008,-2.26904129982,-0.0116578163579,5.67260313034
1495802639590391210,0.0142046269029,-0.127118080854,-0.0758140906692,-2.0673494339,0.0166790988296,5.16837358475
1495802639641883721,0.0173899680376,-0.126339301467,-0.0747880861163,-2.09182143211,0.0164533797652,5.22955369949
1495802639685363971,0.00936507526785,-0.06385011971,-0.0642438679934,-0.814628243446,0.0141336517408,2.03657054901
1495802639734837442,0.00861133914441,-0.0584453567863,-0.0643278509378,-0.969595193863,0.0141521263868,2.42398810387
1495802639791366834,0.00245674699545,0.0163236539811,-0.0787373036146,0.539035975933,0.0173222068697,-1.34758996964
1495802639841473278,0.00199815165251,0.0227817390114,-0.0786225125194,0.355987727642,0.0172969531268,-0.889969289303
1495802639885192593,0.0225002821535,0.045160010457,-0.261002957821,0.89414870739,0.0574206486344,-2.23537182808
1495802639934910647,0.0242307037115,0.0470915287733,-0.259550213814,0.828851401806,0.0571010485291,-2.07212853432
1495802639984716004,0.0100880153477,0.00572105962783,0.0846477970481,0.0403894782066,-0.0186225157231,-0.100973695517
1495802640034671380,0.00886510591954,0.00214096577838,0.0819061324,0.136056602001,-0.0180193502456,-0.340141534805
1495802640086683160,-0.0419382303953,-0.0456200577319,0.166044697165,-1.26030027866,-0.0365298353136,3.15075063705
1495802640139068103,-0.0463105104864,-0.0497509203851,0.165374442935,-1.09087443352,-0.0363823771477,2.727186203
1495802640185048042,-0.0810660049319,-0.0808850303292,-0.0146788312122,-2.05585479736,0.00322934263386,5.13963699341
1495802640236641825,-0.0817845389247,-0.107083961368,-0.0324802584946,-2.26860260963,0.00714565627277,5.67150688171
1495802640289485068,-0.0710123628378,-0.0972382426262,-0.0721474513412,-1.91050255299,0.0158724393696,4.77625656128
1495802640339292797,-0.0715053826571,-0.0806649550796,-0.038353536278,-1.72820568085,0.0084377778694,4.32051372528
1495802640393345761,-0.0493956655264,-0.0654471814632,-0.0608561001718,-1.245226264,0.0133883422241,3.1130657196
1495802640437361482,-0.0475316494703,-0.0640987083316,-0.0606768354774,-1.30382823944,0.013348903507,3.2595705986
1495802640487896680,-0.0296444818377,-0.0217802971601,-0.0922723710537,-0.439960002899,0.0202999208122,1.09990000725
1495802640536238861,-0.0280947480351,-0.0181284043938,-0.0920206829906,-0.544776558876,0.0202445499599,1.36194145679
1495802640587265674,-0.0155063141137,-0.00673417188227,-0.0395900011063,-0.212266892195,0.00870979949832,0.530667185783
1495802640638532456,-0.0144203901291,-0.00575391948223,-0.040007609874,-0.25261169672,0.00880167447031,0.631529211998
1495802640690212281,-0.0315130315721,-0.0157171022147,0.0500427596271,-0.644841372967,-0.0110094072297,1.61210334301
1495802640740197758,-0.0329811051488,-0.0165833495557,0.0493254549801,-0.597250401974,-0.0108516002074,1.49312591553
1495802640788129063,-0.0703305155039,-0.0216303188354,-0.0122850872576,-1.34000492096,0.00270271906629,3.3500123024
1495802640837684039,-0.0735368728638,-0.0220948047936,-0.0117943845689,-1.24988305569,0.00259476457722,3.12470769882
1495802640892090816,-0.109418459237,-0.00317753339186,-0.462146222591,-1.86918413639,0.101672165096,4.67296028137
1495802640939425537,-0.112517587841,-0.00156820239499,-0.458559066057,-1.79404103756,0.100882999599,4.4851026535
1495802640989717407,-0.106322072446,-0.0164421834052,-0.137222290039,-1.7489002943,0.0301889032125,4.37225055695
1495802641037563226,-0.0976771488786,-0.0439459569752,-0.139781862497,-1.75437772274,0.0307520087808,4.38594436646
1495802641088636761,-0.0580838024616,-0.0405229516327,0.0446218438447,-1.02222919464,-0.00981680583209,2.5555729866
1495802641138910334,-0.0546993501484,-0.0401757210493,0.0431530438364,-1.11106407642,-0.00949366949499,2.77766036987
1495802641186808604,-0.0104810465127,-0.0208721347153,0.256641209126,-0.127224341035,-0.0564610697329,0.318060874939
1495802641236076741,0.0111684827134,0.00406530732289,0.00332410749979,0.282238215208,-0.000731303647626,-0.705595552921
1495802641286941237,0.023683084175,-0.0128059936687,0.349158197641,0.356997281313,-0.0768148005009,-0.892493247986
1495802641334776650,0.0314235687256,0.000494279549457,-0.0177028756589,0.543794631958,0.0038946326822,-1.3594865799
1495802641386721453,0.0170244406909,-0.0126437982544,0.239201307297,0.233136981726,-0.0526242889464,-0.582842469215
1495802641435089685,0.0158173926175,-0.0137595403939,0.237154975533,0.270830333233,-0.0521740950644,-0.677075862885
1495802641488622822,-0.016826575622,-0.000262739777099,-0.00128973880783,-0.39636439085,0.000283742498141,0.990911006927
1495802641535020692,-0.0191319007427,0.00427212473005,0.000609519833233,-0.315410345793,-0.000134094356326,0.788525819778
1495802641587008725,-0.0474613271654,0.0278241708875,-0.203227952123,-1.01213800907,0.0447101481259,2.53034520149
1495802641634607865,-0.0499110221863,0.0297669097781,-0.201604351401,-0.927600443363,0.0443529561162,2.31900119781
1495802641687322947,-0.0642706304789,0.0362395867705,-0.180083706975,-1.25357699394,0.0396184138954,3.13394260406
1495802641741829042,-0.0654919818044,0.0367718562484,-0.180255129933,-1.21402466297,0.0396561287344,3.03506183624
1495802641784898066,-0.0591137036681,0.0261341817677,-0.0850990638137,-1.01413238049,0.0187217928469,2.5353307724
1495802641834515969,-0.0585621520877,0.0252333395183,-0.0858570039272,-1.03838634491,0.0188885424286,2.59596586227
1495802641887835806,-0.0346796736121,0.0172208081931,-0.0914849787951,-0.533555746078,0.0201266948134,1.3338893652
1495802641938911435,-0.0330407321453,0.0158637538552,-0.0914401262999,-0.594809293747,0.0201168265194,1.48702323437
1495802641988038423,-0.0142507236451,0.00113092560787,0.0674156323075,-0.145952671766,-0.0148314386606,0.364881664515
1495802642038274911,-0.0126339858398,-0.00010347704665,0.0661503151059,-0.200414806604,-0.0145530700684,0.501037061214
1495802642086649149,-0.00476991757751,0.000385309016565,0.0169100929052,-0.0478093996644,-0.00372022064403,0.119523487985
1495802642137971107,-0.00410047266632,0.000433889450505,0.0173023138195,-0.0663257315755,-0.00380650907755,0.165814340115
1495802642189745427,-0.0172471255064,0.00914835836738,-0.0479882657528,-0.372286379337,0.0105574186891,0.930715978146
1495802642240801641,-0.0322288237512,0.0173687394708,-0.0521704666317,-0.65038895607,0.0114775020629,1.62597239017
1495802642288290920,-0.0331809259951,0.0180865526199,-0.0553500056267,-0.611134231091,0.0121770016849,1.52783560753
1495802642338213262,-0.0457133539021,0.0296456813812,-0.154407709837,-0.939923942089,0.0339696966112,2.34980988503
1495802642384881346,-0.0567173026502,0.031316138804,-0.0145847015083,-1.08813405037,0.00320863421075,2.72033500671
1495802642435206393,-0.0576322004199,0.0314566195011,-0.0156984552741,-1.07015097141,0.00345365982503,2.67537760735
1495802642490015943,-0.0386501513422,0.0223324485123,-0.00159767409787,-0.649891257286,0.000351488299202,1.62472820282
1495802642535074258,-0.0370299965143,0.0215757731348,-0.00170997239184,-0.700883448124,0.000376193929696,1.75220859051
1495802642587858065,-0.0149759752676,0.0148380622268,-0.106559559703,-0.249822705984,0.0234431028366,0.624556720257
1495802642634835128,-0.0134883997962,0.0139403454959,-0.10572437197,-0.304552137852,0.0232593622059,0.761380314827
1495802642686148359,-0.0108277834952,0.0143174370751,-0.146823272109,-0.253406316042,0.03230112046,0.633515775204
1495802642734926909,-0.0106020765379,0.0143546015024,-0.146495908499,-0.259612053633,0.0322290994227,0.649030148983
1495802642784990747,-0.0109197702259,0.0140968132764,-0.146498531103,-0.258859097958,0.0322296731174,0.647147774696
1495802642835538583,-0.0288803912699,0.0152990948409,-0.0162064880133,-0.592985749245,0.00356542738155,1.48246431351
1495802642885158650,-0.0278281345963,0.00654991623014,0.137159436941,-0.426369041204,-0.0301750767976,1.06592261791
1495802642938905082,-0.0277256928384,0.0058060833253,0.135937839746,-0.446585565805,-0.0299063231796,1.11646389961
1495802642987579988,-0.0127134434879,0.00760412542149,-0.0123001616448,-0.196449220181,0.00270603550598,0.491123020649
1495802643037684682,-0.0114423818886,0.00776714039966,-0.0111193936318,-0.226799428463,0.00244626658969,0.56699860096
1495802643085760767,-0.00330551154912,0.00710496958345,-0.0857025235891,-0.07925645262,0.0188545547426,0.198141142726
1495802643137933881,-0.00261576357298,0.00705691194162,-0.0851084366441,-0.0971585512161,0.0187238566577,0.24289637804
1495802643188437720,-0.0154901156202,0.010502288118,-0.0195080656558,-0.350605964661,0.00429177423939,0.876514911652
1495802643235418274,-0.0165873970836,0.0107773514464,-0.0200306084007,-0.319853931665,0.00440673390403,0.799634873867
1495802643290880845,-0.0125719932839,0.0136387888342,-0.0887262299657,-0.287128925323,0.0195197705179,0.717822313309
1495802643336731230,-0.0139741068706,0.0096137970686,-0.00820617936552,-0.272800534964,0.00180535961408,0.68200135231
1495802643384770090,-0.012838457711,0.0179201811552,-0.164781630039,-0.345677137375,0.0362519547343,0.864192843437
1495802643438201324,-0.0127536896616,0.0186223629862,-0.163534462452,-0.336834549904,0.0359775796533,0.84208637476
1495802643484626152,-0.0167771503329,0.0067826770246,0.077149130404,-0.279926687479,-0.0169728081673,0.699816703796
1495802643541072089,-0.0171074252576,0.00577346747741,0.07523201406,-0.286831766367,-0.0165510438383,0.717079401016
1495802643587940341,-0.00370031711645,-0.000964262522757,0.0484001673758,0.01374701038,-0.0106480363756,-0.0343675240874
1495802643640460284,-0.00255820318125,-0.00152412883472,0.0486139059067,-0.022723717615,-0.0106950597838,0.0568092912436
1495802643686585704,0.00403473107144,0.00736778695136,-0.171584516764,-0.0138842649758,0.037748593837,0.0347106605768
1495802643735748519,0.00458468403667,0.00812634639442,-0.169830560684,-0.0149566633627,0.0373627245426,0.0373916588724
1495802643787809748,0.00463055772707,0.00819000881165,-0.169844523072,-0.014826531522,0.0373657979071,0.0370663292706
1495802643836517479,-0.0134151093662,-0.000834598438814,0.184323847294,-0.206065028906,-0.0405512452126,0.515162587166
1495802643885704112,-0.00479946145788,0.00618534907699,-0.0501995868981,-0.111306138337,0.0110439090058,0.278265357018
1495802643934432516,-0.00407422333956,0.00678621884435,-0.0483315326273,-0.122803576291,0.0106329377741,0.307008951902
1495802643984369174,-0.00401471415535,0.0068355971016,-0.0483464114368,-0.12140852958,0.0106362104416,0.303521335125
1495802644037985626,-0.00418224791065,0.000275333062746,0.0529136285186,-0.0412495397031,-0.0116409976035,0.10312385112
1495802644085489642,-0.00540921743959,0.0102584315464,-0.0927917584777,-0.203231349587,0.0204141866416,0.50807839632
1495802644136028192,-0.0055210608989,0.0111020738259,-0.0916311740875,-0.183577179909,0.0201588571072,0.45894291997
1495802644185241295,-0.00552811427042,0.01117379684,-0.0916404128075,-0.185961902142,0.0201608911157,0.464904725552
1495802644237400931,-0.00849561952055,0.0170763898641,-0.14249701798,-0.30708283186,0.0313493460417,0.767707109451
1495802644285329093,-0.0125479763374,0.0124197518453,-0.0277128629386,-0.283186942339,0.0060968301259,0.707967340946
1495802644334814574,-0.007118022535,0.00427040830255,0.0264559239149,-0.09984523803,-0.00582030322403,0.249613106251
1495802644385055320,-0.00665142573416,0.0035861346405,0.0260244552046,-0.122091069818,-0.00572538003325,0.305227696896
1495802644434954752,-0.00399570912123,0.000136113230838,0.0452633202076,-0.0364355631173,-0.00995793007314,0.0910889059305
1495802644487143445,-0.00376750039868,-0.000152466600412,0.0451100803912,-0.0468286052346,-0.00992421712726,0.117071509361
1495802644535868286,-0.00148875953164,0.00645868573338,-0.0802201926708,-0.0984533876181,0.0176484435797,0.246133476496
1495802644589913354,-0.00130105670542,0.00701928045601,-0.0792219042778,-0.0921894088387,0.0174288190901,0.230473533273
1495802644635535496,-0.0083417147398,-0.000345041422406,0.124536775053,-0.0980417579412,-0.0273980889469,0.245104372501
1495802644685921023,0.00207973271608,0.00712597277015,-0.144398584962,-0.0426250770688,0.0317676886916,0.106562688947
1495802644740231913,0.00358847668394,0.00749254506081,-0.14225640893,-0.0493489280343,0.0312964096665,0.12337231636
1495802644786608620,0.00371561315842,0.00752288475633,-0.142273470759,-0.0485330857337,0.0313001610339,0.121332719922
1495802644839148121,0.00156076683197,-0.00220799259841,0.0248415879905,0.0631800219417,-0.00546514941379,-0.157950073481
1495802644886707870,0.00138824235182,-0.00303125870414,0.0235104579479,0.0496251992881,-0.0051723010838,-0.124063000083
1495802644938382318,0.00410971790552,-0.0024118530564,-0.0248920060694,0.0809901282191,0.005476241,-0.202475309372
1495802644988137737,0.00433880789205,-0.00235729967244,-0.0245064646006,0.0771844759583,0.0053914221935,-0.192961201072
1495802645037952314,0.000998854404315,0.00655847694725,-0.106541767716,-0.0925496071577,0.0234391894192,0.231374010444
1495802645086807131,0.000708608829882,0.00730823585764,-0.105888336897,-0.0719548240304,0.0232954341918,0.179887056351
1495802645138084949,-0.0110210180283,0.0106050753966,0.0143523663282,-0.288335323334,-0.00315752066672,0.720838308334
1495802645190470101,-0.0120155736804,0.0108713023365,0.0133945951238,-0.262080818415,-0.00294681102969,0.655202031136
1495802645235048116,-0.00898840837181,0.0146823665127,-0.0734688863158,-0.276900827885,0.0161631535739,0.692252039909
1495802645285037713,-0.0102344397455,0.0121107045561,-0.0179919078946,-0.253333806992,0.00395821919665,0.633334517479
1495802645336236892,-0.00480693718418,0.00465603871271,0.00966067705303,-0.0757434219122,-0.00212534889579,0.18935854733
1495802645385047010,-0.00434452714399,0.00402951799333,0.00944042019546,-0.0972914025187,-0.00207689264789,0.243228524923
1495802645434926329,0.00203803065233,-0.00631573935971,0.0562783405185,0.141117945313,-0.0123812351376,-0.352794855833
1495802645487289620,0.0168891083449,-0.00719899032265,-0.151201993227,0.308456361294,0.033264439553,-0.771140873432
1495802645534661356,0.0181883722544,-0.00713087245822,-0.149549335241,0.288152396679,0.0329008549452,-0.720380961895
1495802645584874026,0.018296033144,-0.00712435785681,-0.149562507868,0.290615946054,0.0329037494957,-0.72653990984
1495802645637982178,0.0166111662984,-0.0149721875787,0.0253919754177,0.379469543695,-0.00558623438701,-0.948673903942
1495802645684888212,0.0164839215577,-0.0156323872507,0.0239984188229,0.368688434362,-0.00527965230867,-0.921721041203
1495802645734817957,0.0102771371603,-0.00678442372009,-0.031915243715,0.160752162337,0.0070213531144,-0.401880383492
1495802645785144118,0.00974369142205,-0.00604240316898,-0.0314698778093,0.185982182622,0.00692337285727,-0.464955478907
1495802645834683587,-0.00288470019586,0.00581504451111,-0.0445277877152,-0.1616499722,0.00979611370713,0.404124945402
1495802645885888352,-0.0039647934027,0.0068037211895,-0.0444237925112,-0.119469940662,0.00977323390543,0.298674881458
1495802645934591403,-0.0138917434961,0.0112145887688,0.0398131348193,-0.326851457357,-0.00875888951123,0.817128658295
1495802645984624023,-0.014734197408,0.0115765351802,0.0391421504319,-0.301688849926,-0.00861127302051,0.754222095013
1495802646035881102,-0.0118154650554,0.00671647628769,0.0826705545187,-0.188409522176,-0.0181875210255,0.471023768187
1495802646087693414,-0.0115671344101,0.0063042617403,0.0823238417506,-0.202154308558,-0.018111243844,0.505385816097
1495802646137948617,0.0110324760899,-0.00111587415449,-0.162770688534,0.203951731324,0.0358095504344,-0.509879291058
1495802646188235529,0.0129447253421,-0.00172432139516,-0.160818427801,0.154676824808,0.0353800542653,-0.386692076921
1495802646235431684,0.0177858043462,-0.0209319256246,0.0810497254133,0.507170855999,-0.0178309399635,-1.26792705059
1495802646285004889,0.0262016970664,-0.0223271902651,-0.0330701246858,0.578689873219,0.00727542769164,-1.44672465324
1495802646340013489,0.0256758164614,-0.0152863068506,-0.10546888411,0.458233505487,0.0232031550258,-1.14558374882
1495802646386286134,0.0256212726235,-0.0146943340078,-0.104892209172,0.472849160433,0.0230762865394,-1.18212294579
1495802646434952518,0.0137305418029,-0.00887505244464,-0.0240861047059,0.217935279012,0.00529894325882,-0.544838190079
1495802646490815350,0.012720673345,-0.00839603412896,-0.0247297603637,0.248865291476,0.005440547131,-0.622163176537
1495802646534913622,-0.00320894946344,-0.002616006881,0.0842138454318,-0.0718549489975,-0.018527045846,0.179637372494
1495802646585155907,-0.00456166220829,-0.00214505614713,0.0833460614085,-0.0329403579235,-0.0183361340314,0.0823508948088
1495802646634838692,-0.00722311483696,0.00163965125103,0.0653400272131,-0.120792470872,-0.0143748065457,0.301981180906
1495802646685118759,-0.00745138106868,0.00195681746118,0.0654834508896,-0.110132902861,-0.0144063588232,0.275332272053
1495802646736940989,0.0028411555104,-0.000951020861976,-0.0339753814042,0.0778917968273,0.0074745840393,-0.194729492068
1495802646788135139,0.00371322198771,-0.00118703069165,-0.0331831499934,0.0550778321922,0.0073002926074,-0.137694582343
1495802646835891212,0.0136961434036,-0.0106003535911,-0.0315834134817,0.331095337868,0.00694835092872,-0.827738344669
1495802646886750894,0.0145516591147,-0.0113815860823,-0.031596146524,0.297604680061,0.00695115234703,-0.744011700153
1495802646937896433,0.0236237347126,-0.0140378251672,-0.0830122455955,0.474471986294,0.0182626936585,-1.18617999554
1495802646987356632,0.0243938229978,-0.0142534198239,-0.08260268718,0.453011751175,0.0181725919247,-1.13252937794
1495802647034697709,0.0232641771436,-0.01793073304,0.0135620208457,0.483715236187,-0.00298364460468,-1.20928812027
1495802647084770416,0.0231761429459,-0.018240634352,0.0127960387617,0.479989767075,-0.00281512853689,-1.19997441769
1495802647135974344,0.0205992758274,-0.0137807354331,-0.0269265044481,0.385699421167,0.00592383090407,-0.964248538017
1495802647185625911,0.0203710012138,-0.0134137328714,-0.0266101043671,0.397140175104,0.00585422292352,-0.992850482464
1495802647235390830,0.0108922002837,-0.0124490195885,0.0731064304709,0.233128488064,-0.016083413735,-0.582821249962
1495802647290360527,0.00969074200839,-0.00600195769221,-0.0349691510201,0.169548109174,0.00769321341068,-0.423870265484
1495802647335437977,0.00872123800218,-0.0043371473439,-0.038176946342,0.150299489498,0.0083989277482,-0.375748693943
1495802647385017815,0.00863846298307,-0.00419855443761,-0.0381513945758,0.152635037899,0.00839330628514,-0.38158762455
1495802647437367560,0.00918710418046,-0.00370150944218,-0.0457803271711,0.156933665276,0.0100716715679,-0.392334163189
1495802647484752636,0.00923480745405,-0.00365588301793,-0.0457195602357,0.156412109733,0.0100583033636,-0.39103025198
1495802647541033954,0.0119550069794,-0.00460027577356,-0.0511892214417,0.214144542813,0.0112616289407,-0.535361289978
1495802647584976136,0.0121873607859,-0.00467721698806,-0.0511456504464,0.207139566541,0.0112520437688,-0.517848908901
1495802647637558728,0.0200921352953,-0.00701081566513,-0.0997167229652,0.364755243063,0.0219376794994,-0.911888122559
1495802647685180985,0.0207669679075,-0.00719185080379,-0.0993298366666,0.345630943775,0.0218525640666,-0.86407738924
1495802647734882627,0.0267150532454,-0.0168761610985,0.0169957261533,0.552386760712,-0.0037390596699,-1.38096690178
1495802647785349660,0.0272445827723,-0.0176709797233,0.0160691589117,0.527299940586,-0.00353521481156,-1.31824994087
1495802647835512675,0.0348044596612,-0.0237947423011,0.0576919093728,0.72072070837,-0.0126922205091,-1.80180168152
1495802647886767445,0.0354639552534,-0.0242876037955,0.057360380888,0.697251975536,-0.0126192830503,-1.74312996864
1495802647935269632,0.0409529283643,-0.0207679010928,-0.0234942380339,0.759589016438,0.0051687322557,-1.89897251129
1495802647984774041,0.0414159484208,-0.020462339744,-0.0228502005339,0.752025485039,0.00502704409882,-1.8800637722
1495802648038360536,0.0345647372305,-0.0175299048424,-0.0141854034737,0.603995382786,0.00312078883871,-1.50998842716
1495802648085115573,0.0339810438454,-0.0172871537507,-0.0142544284463,0.621956646442,0.00313597428612,-1.55489170551
1495802648138458809,0.0310091618448,-0.0111957099289,-0.0679702609777,0.514583468437,0.0149534577504,-1.2864587307
1495802648185100006,0.0307489763945,-0.010689589195,-0.0675423964858,0.527611732483,0.0148593271151,-1.31902933121
1495802648239714701,0.0305232796818,-0.0144166518003,0.00732833286747,0.555096149445,-0.00161223323084,-1.38774037361
1495802648287566875,0.0343722142279,-0.0141645809636,-0.0398192927241,0.61650198698,0.00876024365425,-1.54125487804
1495802648334521380,0.036167614162,-0.0146537739784,-0.0146944280714,0.641227602959,0.00323277409188,-1.603069067
1495802648384608197,0.0363237373531,-0.014689264819,-0.0148945525289,0.638227522373,0.00327680143528,-1.59556889534
1495802648435741797,0.0359412357211,-0.0125108817592,-0.0254157483578,0.615465164185,0.00559146469459,-1.53866291046
1495802648484619520,0.0359093993902,-0.0123229334131,-0.0253319442272,0.61822706461,0.00557302776724,-1.54556763172
1495802648534954271,0.0301090814173,-0.00837448053062,-0.044810436666,0.482658773661,0.00985829625279,-1.20664691925
1495802648584599899,0.0296147447079,-0.00804087147117,-0.0446552932262,0.499107956886,0.00982416421175,-1.24776983261
1495802648634609540,0.0245151724666,-0.0063838805072,-0.0264898780733,0.392194569111,0.00582777289674,-0.980486392975
1495802648684665837,0.0240836068988,-0.00624316325411,-0.0266345757991,0.405166894197,0.00585960643366,-1.0129172802
1495802648737567467,0.0268072336912,-0.00954068172723,0.0292860101908,0.475999891758,-0.00644292216748,-1.18999969959
1495802648786721203,0.0270447749645,-0.0098163317889,0.0288405902684,0.467405349016,-0.00634492980316,-1.16851341724
1495802648835494094,0.038746483624,-0.0164177622646,0.0929278880358,0.72938144207,-0.0204441342503,-1.82345366478
1495802648884977342,0.0397526100278,-0.0169558506459,0.0924174189568,0.697594583035,-0.0203318316489,-1.7439866066
1495802648938523539,0.0546026304364,-0.0252811554819,0.166663378477,1.03210961819,-0.0366659462452,-2.58027410507
1495802648985343389,0.0558683164418,-0.0259672645479,0.166072010994,0.991521239281,-0.0365358404815,-2.47880315781
1495802649034830270,0.0585208460689,-0.0286458767951,0.19862626493,1.05966234207,-0.0436977781355,-2.64915585518
1495802649087895325,0.0587361194193,-0.0288836639374,0.198366954923,1.05139434338,-0.0436407327652,-2.62848615646
1495802649136535379,0.0427847243845,-0.0164883360267,0.0232669953257,0.676646471024,-0.00511873885989,-1.69161617756
1495802649185035541,0.0414052046835,-0.0154702840373,0.0246617011726,0.722116529942,-0.00542557425797,-1.80529141426
1495802649238402595,0.0171566475183,-0.00121152913198,-0.0881034135818,0.16979546845,0.0193827506155,-0.424488663673
1495802649284726152,-0.000912391755264,0.00143325934187,-0.0126954363659,-0.0750121176243,0.00279299612157,0.187530294061
1495802649339570346,-0.00175765017048,0.00163813214749,-0.0184633098543,-0.0320727713406,0.00406192848459,0.0801819264889
1495802649389569092,-0.00182560982648,0.00165765290149,-0.0184173695743,-0.0372828058898,0.00405182130635,0.0932070091367
1495802649434727210,0.00695276493207,0.00315791508183,-0.101792015135,0.120432056487,0.0223942436278,-0.301080137491
1495802649484778616,0.00769614754245,0.00329880183563,-0.101127907634,0.101295806468,0.0222481396049,-0.253239512444
1495802649535046810,0.0331290028989,0.00682454602793,-0.326786339283,0.562555849552,0.071892991662,-1.40638947487
1495802649585606383,0.0350237563252,0.00826294068247,-0.32498884201,0.506588995457,0.0714975446463,-1.26647245884
1495802649634930115,0.0545746982098,-0.00207371264696,-0.0846897140145,0.968409776688,0.0186317376792,-2.42102432251
1495802649684746785,0.0562658533454,-0.00292652798817,-0.0866037458181,0.912374675274,0.0190528240055,-2.28093671799
1495802649737803319,0.0662937089801,-0.00273963715881,-0.0695997327566,1.11845982075,0.0153119415045,-2.79614925385
1495802649790011287,0.0671424791217,-0.00272084726021,-0.0697351619601,1.09345448017,0.015341735445,-2.73363637924
1495802649835029650,0.0594254732132,-0.0116739049554,0.179655432701,0.949881970882,-0.0395241938531,-2.37470507622
1495802649884666759,0.0587827637792,-0.0124554084614,0.177668958902,0.967302083969,-0.0390871725976,-2.41825532913
1495802649934722637,0.038956977427,-0.0188351478428,0.295471787453,0.58789396286,-0.0650037899613,-1.46973490715
1495802649989430290,0.0372682996094,-0.0194137021899,0.29453343153,0.633929252625,-0.0647973492742,-1.58482301235
1495802650034894172,0.0164913814515,-0.00298820529133,-0.0212856251746,0.189232617617,0.00468283751979,-0.47308152914
1495802650086778423,0.0146991806105,-0.00161208328791,-0.0187700651586,0.24318999052,0.00412941491231,-0.607974946499
1495802650137854333,-0.00190675084013,0.0038760851603,-0.0677256658673,-0.105437383056,0.014899645932,0.263593435287
1495802650189242991,-0.00332725560293,0.00432122033089,-0.0673357397318,-0.0631367042661,0.0148138618097,0.15784175694
1495802650236035675,0.000854022393469,0.00922225695103,-0.178105294704,0.00261669093743,0.0391831621528,-0.00654172711074
1495802650286968336,0.00120216223877,0.00964484363794,-0.177222982049,-0.00536140147597,0.0389890521765,0.0134035041556
1495802650336419875,0.023331515491,0.0108961183578,-0.238010063767,0.446616142988,0.0523622147739,-1.11654043198
1495802650384695428,0.0252156760544,0.0110425539315,-0.237525850534,0.391775608063,0.0522556863725,-0.979438960552
1495802650436160003,0.0529839918017,0.010410072282,-0.147165924311,0.97657251358,0.0323765054345,-2.44143128395
1495802650484819055,0.0553588569164,0.0103994021192,-0.147885650396,0.905616343021,0.0325348414481,-2.26404094696
1495802650534891835,0.0742142051458,0.00186301302165,0.150577142835,1.27321898937,-0.0331269726157,-3.18304753304
1495802650584853565,0.0758347511292,0.001174643985,0.148199811578,1.22861588001,-0.0326039604843,-3.07153987885
1495802650635441141,0.0577077530324,-0.00812526419759,0.259610682726,0.853845059872,-0.0571143515408,-2.13461279869
1495802650685188039,0.0561627708375,-0.00897125340998,0.258723258972,0.899317502975,-0.0569191165268,-2.24829387665
1495802650737684242,0.0197534933686,-0.00483493879437,0.0825117751956,0.188800632954,-0.0181525908411,-0.472001582384
1495802650790151877,0.0166341103613,-0.00452458765358,0.0839153155684,0.27501103282,-0.018461368978,-0.687527596951
1495802650837266598,-0.00758352084085,-0.00134148681536,0.0217442195863,-0.212727412581,-0.00478372862563,0.531818509102
1495802650884521351,-0.00965493824333,-0.0011038800003,0.0222394075245,-0.153547763824,-0.00489266961813,0.383869409561
1495802650934419245,-0.0115844383836,0.00687377108261,-0.133064314723,-0.200554132462,0.0292741470039,0.501385331154
1495802650985267330,-0.0117600597441,0.00754817901179,-0.131827265024,-0.194850504398,0.0290019977838,0.487126231194
1495802651034972743,0.0126407323405,0.0165756009519,-0.309355795383,0.306110143661,0.0680582821369,-0.765275299549
1495802651085171027,0.0147049836814,0.0173888429999,-0.307941734791,0.2453263551,0.0677471756935,-0.613315880299
1495802651139351799,0.0361458696425,0.0189185403287,-0.209052890539,0.720831215382,0.0459916330874,-1.80207812786
1495802651184769588,0.0379882082343,0.0190811064094,-0.209840551019,0.663136005402,0.0461649186909,-1.6578400135
1495802651237549132,0.05655862391,0.0179530754685,0.00756734609604,1.03587293625,-0.00166481616907,-2.58968234062
1495802651284749129,0.0581570565701,0.0178807787597,0.00583564164117,0.99064707756,-0.00128384120762,-2.47661757469
1495802651335240675,0.0662566572428,0.018718495965,0.0203494168818,1.15290391445,-0.00447687180713,-2.88225960732
1495802651384609594,0.0669368803501,0.0188152324408,0.0202338155359,1.13321650028,-0.00445143971592,-2.8330411911
1495802651434964463,0.0511197000742,0.0123307462782,0.0662796571851,0.792208433151,-0.014581524767,-1.98052096367
1495802651484901399,0.0497706048191,0.0117592457682,0.0659128725529,0.833584487438,-0.0145008312538,-2.0839612484
1495802651534610861,0.0232073813677,-0.00200105342083,0.1727309376,0.241292536259,-0.0380008071661,-0.603231310844
1495802651585370178,0.0209476426244,-0.00322743016295,0.171880066395,0.313157886267,-0.0378136150539,-0.782894730568
1495802651635179515,0.00041332966066,-0.0157529003918,0.287730544806,-0.154854178429,-0.0633007213473,0.387135446072
1495802651685342111,-0.00133523112163,-0.0168558750302,0.286807745695,-0.0980682596564,-0.0630977004766,0.245170637965
1495802651737840547,-0.00646617030725,-0.000851794029586,-0.0367503017187,-0.111109159887,0.00808506645262,0.277772903442
1495802651787922822,-0.00692241219804,0.000514259329066,-0.0341730564833,-0.109526604414,0.00751807307824,0.273816496134
1495802651836881072,0.0141808595508,0.00522341532633,-0.0492014810443,0.321864396334,0.0108243254945,-0.804660975933
1495802651886357266,0.0157940331846,0.00611762423068,-0.0490817576647,0.269521743059,0.0107979876921,-0.673804342747
1495802651938252206,0.0403005592525,0.0347946994007,-0.496979922056,0.878724217415,0.109335586429,-2.19681048393
1495802651985922793,0.0423407144845,0.0373035781085,-0.493412256241,0.804807126522,0.108550690114,-2.0120177269
1495802652038383583,0.049035333097,0.0345696955919,-0.196889996529,0.988207757473,0.0433157980442,-2.47051954269
1495802652088910887,0.0496276468039,0.0343521907926,-0.199251890182,0.965954840183,0.0438354164362,-2.41488718987
1495802652135024713,0.0436146855354,0.02483949624,0.0163572635502,0.783371925354,-0.00359859783202,-1.95842981339
1495802652185535814,0.04312479496,0.0240071583539,0.0146398693323,0.805525481701,-0.00322077120654,-2.01381373405
1495802652235898154,0.0396458059549,0.0128186047077,0.189419537783,0.627840936184,-0.0416722968221,-1.56960248947
1495802652284865416,0.0309651717544,0.0171672180295,-0.0266358796507,0.560928702354,0.00585989374667,-1.40232181549
1495802652337907985,0.0235718060285,0.00955687370151,0.0618770010769,0.375762879848,-0.0136129399762,-0.939407169819
1495802652384455665,0.0229506976902,0.00889399182051,0.061171952635,0.398229807615,-0.0134578291327,-0.995574533939
1495802652435508594,0.0207290649414,-5.42021371075e-05,0.21197244525,0.261336565018,-0.0466339364648,-0.653341412544
1495802652485164838,0.0205524656922,-0.000828262243886,0.210771277547,0.277946382761,-0.0463696792722,-0.694865942001
1495802652535124753,0.021246695891,0.00599864730611,0.065252803266,0.368103504181,-0.0143556157127,-0.920258760452
1495802652585194250,0.0212964825332,0.00658445619047,0.0664119124413,0.357164412737,-0.0146106202155,-0.892911076546
1495802652638032254,0.0245944149792,0.0145067861304,-0.0586481131613,0.48694691062,0.0129025848582,-1.21736729145
1495802652688102935,0.0248662475497,0.0151933822781,-0.0576519668102,0.471199929714,0.0126834334806,-1.17799973488
1495802652734827104,0.0322581753135,0.0155640784651,-0.000347668770701,0.608974337578,7.64871292631e-05,-1.52243590355
1495802652787928409,0.032891843468,0.0156063968316,-0.000804105249699,0.592257499695,0.000176903151441,-1.48064374924
1495802652835121002,0.0292500667274,0.0184753648937,-0.0855211019516,0.551755070686,0.0188146419823,-1.37938761711
1495802652885080918,0.0289341323078,0.0187157262117,-0.0848463103175,0.556669414043,0.0186661873013,-1.39167356491
1495802652938078440,0.017670147121,0.0229441076517,-0.225556716323,0.404473096132,0.0496224761009,-1.01118278503
1495802652987201096,0.0166961811483,0.0232957266271,-0.224435925484,0.422939866781,0.0493759065866,-1.05734968185
1495802653036858318,0.00974001642317,0.0211104098707,-0.202637389302,0.311464071274,0.0445802286267,-0.778660178185
1495802653087991217,0.00915510952473,0.0209131538868,-0.202811032534,0.324989944696,0.0446184277534,-0.81247484684
1495802653139902500,0.0211565922946,0.0160333737731,0.0889812707901,0.449856758118,-0.0195758789778,-1.12464189529
1495802653187130643,0.0222080536187,0.0156314373016,0.0866570845246,0.434706062078,-0.0190645586699,-1.08676505089
1495802653234737465,0.0375092588365,0.0142348688096,0.285428225994,0.647553145885,-0.0627942159772,-1.61888289452
1495802653284911442,0.0343848243356,0.0237532351166,-0.0323188379407,0.689471304417,0.00711014447734,-1.72367835045
1495802653336780815,0.0356737188995,0.0203384682536,0.0605762116611,0.663256824017,-0.0133267669007,-1.65814208984
1495802653388175131,0.0357944183052,0.0200378838927,0.0598362721503,0.666437506676,-0.0131639800966,-1.66609382629
1495802653437213141,0.0249243862927,0.0225553121418,-0.128381103277,0.508761644363,0.028243843466,-1.27190423012
1495802653486196815,0.0239779166877,0.022761747241,-0.126881912351,0.52789324522,0.0279140211642,-1.31973314285
1495802653535899715,0.0117889028043,0.031597379595,-0.404163390398,0.411263674498,0.08891595155,-1.02815914154
1495802653584657591,0.00786882732064,0.0331797860563,-0.401954770088,0.42541500926,0.0884300470352,-1.06353759766
1495802653635445960,0.00542835285887,0.0218118205667,-0.181513994932,0.292736947536,0.039933077991,-0.731842339039
1495802653684861182,0.00524209206924,0.0208356883377,-0.183269873261,0.308835208416,0.0403193719685,-0.772087991238
1495802653734949395,0.0193672664464,0.0357986167073,-0.0146389594302,0.740677416325,0.00322057120502,-1.85169363022
1495802653794584982,0.0205935183913,0.0371133834124,-0.015982137993,0.6882802248,0.00351607031189,-1.7207005024
1495802653834931316,0.0246983859688,0.0322049446404,0.0234741587192,0.655315518379,-0.00516431499273,-1.63828885555
1495802653884601878,0.0250456202775,0.0317886509001,0.0231598801911,0.659315228462,-0.00509517360479,-1.64828801155
1495802653934814267,0.027435945347,0.0358338542283,0.0445717684925,0.751843035221,-0.00980578921735,-1.87960755825
1495802653988834545,0.0276424102485,0.0361825749278,0.044401217252,0.740616261959,-0.00976826809347,-1.8515406847
1495802654035494108,0.0400967784226,0.0298813860863,0.254599034786,0.798754930496,-0.056011788547,-1.99688732624
1495802654085469948,0.0411733090878,0.0293471477926,0.252924740314,0.791700601578,-0.0556434430182,-1.97925138474
1495802654134918417,0.0246586985886,0.0193653572351,0.117813467979,0.430295944214,-0.0259189624339,-1.07573986053
1495802654185802959,0.0248944181949,0.0161945894361,0.118889652193,0.474146693945,-0.0261557251215,-1.18536674976
1495802654235871964,0.0249265953898,0.0159184336662,0.118881076574,0.468826055527,-0.0261538363993,-1.17206513882
1495802654285568996,0.00882511306554,0.0051974314265,0.0512581840158,0.087981723249,-0.0112768001854,-0.219954326749
1495802654334975837,-0.00865812599659,0.00711168069392,-0.231119394302,-0.0243106316775,0.0508462637663,0.0607765801251
1495802654385278255,-0.0101657351479,0.00726928282529,-0.228870183229,-0.0106856413186,0.0503514371812,0.0267141014338
1495802654435151009,-0.0142815653235,0.0172385647893,-0.385790318251,0.180873915553,0.0848738700151,-0.452184766531
1495802654485428631,-0.0146515443921,0.0181031376123,-0.384540438652,0.157631248236,0.0845988988876,-0.39407813549
1495802654537946620,0.00228546676226,0.0291381124407,-0.13119776547,0.520704865456,0.0288635082543,-1.30176210403
1495802654584745029,0.00374884763733,0.0301172398031,-0.13321569562,0.476651579142,0.0293074529618,-1.19162893295
1495802654635108836,0.0185682792217,0.0428976081312,0.0899991840124,0.82329416275,-0.0197998210788,-2.05823540688
1495802654685204942,0.0198335479945,0.0440218374133,0.0882212221622,0.781234562397,-0.0194086693227,-1.9530864954
1495802654735168770,0.0217651128769,0.0433480516076,-0.00131082977168,0.791778326035,0.00028838252183,-1.9794459343
1495802654787567329,0.0219117160887,0.0432944595814,-0.00059767998755,0.790499031544,0.000131489592604,-1.97624754906
1495802654836785949,0.0250679552555,0.0308767128736,0.16789790988,0.597776830196,-0.0369375385344,-1.49444210529
1495802654885099495,0.0229865889996,0.0316531956196,0.166555777192,0.621160566807,-0.0366422720253,-1.55290150642
1495802654935285136,0.0252644252032,0.0161164123565,0.329691231251,0.347394496202,-0.0725320726633,-0.868486225605
1495802654985255249,0.0266686566174,0.0123620238155,0.328391820192,0.380611598492,-0.0722462013364,-0.951529026031
1495802655034742340,0.00714104482904,0.00212920014746,0.0734641477466,0.0176941324025,-0.0161621123552,-0.0442353338003
1495802655085741422,0.00532111199573,0.00172207481228,0.075494684279,0.0617284588516,-0.0166088305414,-0.154321148992
1495802655134954103,-0.00150508945808,0.00619905209169,-0.0826634988189,0.0898401588202,0.0181859713048,-0.2246003896
1495802655185903319,-0.00262659508735,0.00638412777334,-0.0814037322998,0.0864293053746,0.0179088208824,-0.216073274612
1495802655235804218,-0.0081566022709,0.0222380720079,-0.249804288149,0.378030002117,0.0549569427967,-0.945075035095
1495802655285505302,0.00757430167869,0.0306978132576,-0.0158868413419,0.552376270294,0.00349510530941,-1.38094067574
1495802655335728869,0.0123922927305,0.0265491697937,0.0781004726887,0.459405064583,-0.0171821042895,-1.14851260185
1495802655388682807,0.0112952170894,0.0268738698214,0.0773518383503,0.470685690641,-0.0170174054801,-1.17671430111
1495802655436372810,0.00957027170807,0.0244780983776,0.0607782900333,0.413950890303,-0.0133712235838,-1.03487730026
1495802655485924642,0.00942858494818,0.0242668539286,0.0609102994204,0.420834779739,-0.013400265947,-1.05208694935
1495802655534883451,0.00683273328468,0.0225196909159,0.0188786126673,0.374156415462,-0.00415329495445,-0.935391008854
1495802655585028516,0.00781906116754,0.0219733007252,0.0192134045064,0.379820078611,-0.00422694953158,-0.94955021143
1495802655636161696,-0.000519190449268,0.0156316142529,-0.108017720282,0.207648649812,0.0237638987601,-0.519121587276
1495802655686128174,-0.0012385235168,0.0150790922344,-0.10700430721,0.228538930416,0.0235409475863,-0.571347296238
1495802655735965237,-0.00284945149906,0.0105373933911,-0.108646973968,0.130974471569,0.0239023342729,-0.327436208725
1495802655786241183,-0.00431794114411,0.0096386205405,-0.108633883297,0.142812356353,0.0238994546235,-0.35703086853
1495802655835234774,-0.00444251671433,0.00956489890814,-0.108633995056,0.141375988722,0.0238994788378,-0.353439986706
1495802655885193642,-0.0167760886252,0.0131621696055,-0.357663065195,0.182557165623,0.0786858722568,-0.456392914057
1495802655935060111,-0.0178410708904,0.0134762506932,-0.355679482222,0.177560508251,0.0782494843006,-0.443901240826
1495802655985385574,-0.00609269971028,0.0236302707344,-0.0903962478042,0.427564203739,0.019887175411,-1.06891047955
1495802656037950985,-0.00508188037202,0.0245211105794,-0.0925092771649,0.397230237722,0.0203520432115,-0.993075609207
1495802656087761928,0.0207970384508,0.0361399240792,0.34889921546,0.673796057701,-0.076757825911,-1.68449020386
1495802656135553341,0.00778017519042,0.0271280389279,0.0401453189552,0.410812854767,-0.00883197039366,-1.02703213692
1495802656187953862,0.00665199384093,0.0263399202377,0.0426046252251,0.442721694708,-0.00937301851809,-1.10680425167
1495802656236791985,0.00656008487567,0.0262773577124,0.0425850376487,0.438850045204,-0.00936870835721,-1.09712517262
1495802656285763645,0.00527041824535,0.00912123732269,0.089145578444,0.0871693566442,-0.0196120273322,-0.217923387885
1495802656334955444,-0.0180348102003,0.00142103096005,-0.369072705507,0.0358601920307,0.0811959952116,-0.0896504744887
1495802656384804660,-0.020051650703,0.000767536985222,-0.365422874689,0.0420856587589,0.0803930312395,-0.105214141309
1495802656435471368,-0.00955580174923,0.011499946937,-0.121565140784,0.242262884974,0.0267443321645,-0.605657219887
1495802656484716458,-0.00914708804339,0.0120638366789,-0.123507514596,0.217974618077,0.0271716527641,-0.544936537743
1495802656534633143,-0.0091176694259,0.012105345726,-0.123492047191,0.220921620727,0.027168251574,-0.552304029465
1495802656584706479,0.0111955450848,0.0272407475859,0.318477988243,0.453535079956,-0.0700651556253,-1.13383769989
1495802656639781078,0.012958089821,0.0285487063229,0.314957618713,0.425311237574,-0.0692906752229,-1.06327807903
1495802656686341329,0.000748743768781,0.0306145176291,0.0755964890122,0.505704760551,-0.0166312269866,-1.26426196098
1495802656738603564,-0.000301538471831,0.030795250088,0.0775030627847,0.495950251818,-0.0170506741852,-1.23987555504
1495802656787455936,-7.74637519498e-05,0.0260856300592,0.047999240458,0.405554383993,-0.0105598326772,-1.01388585567
1495802656834675138,-5.34536884516e-05,0.0256776213646,0.0482342466712,0.416522473097,-0.0106115341187,-1.04130625725
1495802656884695675,-0.00230523385108,0.0131328310817,-0.0232579596341,0.171415060759,0.00511675141752,-0.428537666798
1495802656935292400,-0.00293521606363,0.0119506688789,-0.0226885080338,0.20115493238,0.00499147176743,-0.502887368202
1495802656984885927,-0.00812658853829,0.00341877574101,-0.13224683702,0.0737038105726,0.0290943048894,-0.184259518981
1495802657034737448,-0.00857374351472,0.00268008327112,-0.131374180317,0.0891679301858,0.0289023183286,-0.22291983664
1495802657086872223,-0.0235115867108,0.00659264065325,-0.386275023222,0.260816216469,0.0849805027246,-0.652040541172
1495802657138355235,-0.0248039457947,0.00693906797096,-0.384244680405,0.239989370108,0.0845338255167,-0.59997344017
1495802657184985328,-0.0134130399674,0.0148129118606,-0.141864880919,0.303155690432,0.0312102753669,-0.757889211178
1495802657237535513,-0.0124258650467,0.0154869342223,-0.143795505166,0.295491546392,0.0316350087523,-0.738728880882
1495802657287998216,0.0161257125437,0.0312950871885,0.49929150939,0.44265165925,-0.109844125807,-1.10662913322
1495802657338075186,-0.00633816095069,0.0371807403862,-0.00972369499505,0.653117120266,0.00213921279646,-1.63279283047
1495802657386302409,-0.00356260780245,0.0210611745715,0.0165974982083,0.282366991043,-0.00365144945681,-0.705917477608
1495802657439378360,-0.00296255084686,0.0197260379791,0.0163878444582,0.327351629734,-0.00360532593913,-0.818379104137
1495802657485068250,-0.00646231137216,0.00318655162118,-0.0989020764828,0.0410944186151,0.0217584576458,-0.10273604095
1495802657538007033,-0.006756153889,0.00175405992195,-0.0979837626219,0.0758271217346,0.021556429565,-0.189567789435
1495802657588841361,-0.0128654474393,-0.00382188335061,-0.253661125898,0.0356670953333,0.0558054447174,-0.0891677364707
1495802657638554039,-0.0133984163404,-0.00429565738887,-0.252421081066,0.0405398122966,0.0555326417089,-0.101349532604
1495802657685031946,-0.0131200384349,0.00902419909835,-0.106187000871,0.279364049435,0.0233611408621,-0.698410153389
1495802657737654280,-0.0130944391713,0.0101787401363,-0.10735180974,0.250386595726,0.0236173961312,-0.625966489315
1495802657787856612,-0.0190023910254,0.022622352466,-0.141735255718,0.513900220394,0.0311817545444,-1.28475046158
1495802657836931428,-0.0195183623582,0.0236946828663,-0.141461387277,0.481927037239,0.031121507287,-1.20481753349
1495802657893701149,-0.0110453087837,0.035677112639,0.115193471313,0.63024866581,-0.0253425631672,-1.57562160492
1495802657938484708,-0.0103098787367,0.0367091447115,0.113149158657,0.612252235413,-0.0248928144574,-1.53063058853
1495802657990323421,-0.000948755885474,0.0426492281258,0.251538336277,0.673280119896,-0.0553384311497,-1.68320035934
1495802658034656714,-0.000143554949318,0.0431580431759,0.250436037779,0.665875375271,-0.0550959296525,-1.66468846798
1495802658089242633,-0.00491166068241,0.0270384885371,0.0847321972251,0.387440502644,-0.0186410844326,-0.968601226807
1495802658139450345,-0.00532674044371,0.0256435405463,0.0860520675778,0.421224057674,-0.0189314540476,-1.05306017399
1495802658186164246,-0.00874880608171,0.00645961007103,-0.101052716374,0.105867058039,0.0222315974534,-0.264667630196
1495802658235033240,-0.00176501320675,-0.000787090568338,-0.0312393289059,-0.023108696565,0.0068726525642,0.0577717386186
1495802658285881677,-0.0158194713295,-0.00297778216191,-0.286708772182,0.141685262322,0.0630759298801,-0.354213148355
1495802658335994336,-0.00841733720154,0.0104229673743,-0.0250034369528,0.2366450876,0.00550075573847,-0.591612696648
1495802658392644135,-0.015084920451,0.01145657897,-0.12716473639,0.303965210915,0.0279762428254,-0.759913027287
1495802658439942049,-0.0156642757356,0.0115413451567,-0.126350983977,0.29579693079,0.0277972165495,-0.739492356777
1495802658485157505,-0.015820754692,0.0197082478553,-0.0300052426755,0.435883164406,0.00660115387291,-1.08970785141
1495802658534790842,-0.0158408209682,0.020408347249,-0.0307726636529,0.418885946274,0.00676998635754,-1.04721486568
1495802658585655412,-0.0177734456956,0.036195769906,0.102168492973,0.705226361752,-0.022477068007,-1.76306593418
1495802658636024389,-0.0179291851819,0.0375613383949,0.101109571755,0.670483589172,-0.0222441069782,-1.67620897293
1495802658686830707,-0.0212507527322,0.0411078557372,0.0346247330308,0.77153891325,-0.00761744147167,-1.92884731293
1495802658736822399,-0.0215547718108,0.0414053946733,0.0351543016732,0.759277462959,-0.00773394620046,-1.89819359779
1495802658785931647,-0.0221523866057,0.0308982506394,-0.0396198667586,0.587420284748,0.00871636997908,-1.46855068207
1495802658835940451,-0.0222102627158,0.0299863405526,-0.0390242673457,0.608272373676,0.00858533848077,-1.52068090439
1495802658885600398,-0.0152777200565,0.0273776948452,0.0600633695722,0.485943168402,-0.0132139408961,-1.21485793591
1495802658936747895,-0.0146760493517,0.0271502602845,0.0592741183937,0.500785887241,-0.0130403060466,-1.2519646883
1495802658986894004,-0.0221229232848,0.0156103549525,-0.15519747138,0.40868011117,0.0341434441507,-1.02170038223
1495802659036286528,-0.0227701552212,0.0146152172238,-0.153489157557,0.419855564833,0.0337676107883,-1.04963886738
1495802659084988950,-0.0130402967334,0.0226352028549,0.0994699448347,0.419940769672,-0.0218833889812,-1.04985189438
1495802659139916609,-0.0121898408979,0.0233256090432,0.0974550545216,0.419930547476,-0.0214401111007,-1.04982638359
1495802659185124590,-0.0186553560197,0.0226668976247,0.0255319103599,0.4909286201,-0.00561702018604,-1.22732150555
1495802659240647292,-0.0216023772955,0.0228806883097,-0.0067632640712,0.518968760967,0.00148791819811,-1.29742193222
1495802659289667562,-0.0211349911988,0.016708759591,-0.0672629028559,0.417297750711,0.0147978384048,-1.04324436188
1495802659339347134,-0.015233926475,0.0148348184302,0.00323406769894,0.328187227249,-0.000711494940333,-0.820468008518
1495802659386123892,-0.0148814376444,0.0215468313545,0.0985495224595,0.437473416328,-0.0216808933765,-1.09368348122
1495802659434975705,-0.0152648976073,0.0218390710652,0.0977903082967,0.424213320017,-0.0215138662606,-1.06053328514
1495802659486809883,-0.0150585733354,0.0247852504253,0.163287311792,0.456366419792,-0.0359232090414,-1.14091610909
1495802659535254871,-0.0150395417586,0.025037907064,0.162765592337,0.452465206385,-0.0358084328473,-1.13116300106
1495802659584681756,-0.0087938606739,0.0205836780369,0.230706468225,0.268412232399,-0.0507554262877,-0.671030580997
1495802659637290468,-0.00824260804802,0.0202008634806,0.230165302753,0.29074421525,-0.0506363660097,-0.726860523224
1495802659685035227,-0.0158774200827,0.007556644734,0.0105652064085,0.289085149765,-0.0023243452888,-0.722712874413
1495802659736012101,-0.0165314879268,0.00647594267502,0.0123143745586,0.289286285639,-0.00270916242152,-0.723215699196
1495802659785129731,-0.0245646480471,0.00468267779797,-0.0330729447305,0.433535695076,0.00727604795247,-1.08383917809
1495802659834517646,-0.0252554193139,0.00453243637457,-0.0327114313841,0.41603320837,0.00719651440158,-1.04008305073
1495802659888032619,-0.0290608778596,-0.00163653388154,-0.148138910532,0.468144178391,0.0325905568898,-1.17036056519
1495802659936331778,-0.0293919164687,-0.00216565746814,-0.147219493985,0.461821258068,0.0323882885277,-1.15455317497
1495802659986337718,-0.024840215221,-0.000883308472112,-0.132758691907,0.369749814272,0.0292069129646,-0.924374580383
1495802660036218992,-0.0244507305324,-0.000777855049819,-0.132873877883,0.380921304226,0.0292322523892,-0.952303290367
1495802660086905747,0.00196921732277,-2.95144473057e-05,0.0248180627823,-0.123750671744,-0.00545997358859,0.309376657009
1495802660137297629,0.00423719966784,7.89219484432e-06,0.0235620327294,-0.0625164285302,-0.00518364738673,0.1562910676
1495802660186800152,0.016498208046,-0.00279300799593,0.0392171107233,-0.317004531622,-0.00862776488066,0.792511343956
1495802660235773628,0.0127507150173,-0.00296794390306,-0.0308933444321,-0.192348197103,0.00679653557017,0.48087054491
1495802660284856266,-0.0008781683282,0.000341331731761,0.0088588995859,0.0633924081922,-0.00194895779714,-0.158481016755
1495802660334785450,-0.0159754864872,-0.00192878907546,-0.059602599591,0.306506454945,0.0131125729531,-0.766266107559
1495802660384654013,-0.0251149535179,-0.00373359257355,-0.0952811688185,0.43307107687,0.0209618564695,-1.08267772198
1495802660435190749,-0.025893041864,-0.00388312665746,-0.0949969887733,0.417714357376,0.0208993367851,-1.04428589344
1495802660486390624,-0.039438828826,-0.00114559312351,-0.0725721269846,0.689978837967,0.0159658677876,-1.72494721413
1495802660536359617,-0.0405898988247,-0.000890311202966,-0.072750762105,0.656943798065,0.0160051677376,-1.64235949516
1495802660588305818,-0.0301781743765,0.00146032636985,-0.00318531040102,0.454407423735,0.000700768257957,-1.13601851463
1495802660636044011,-0.0292836409062,0.00165678025223,-0.0037394023966,0.478982180357,0.000822668545879,-1.19745540619
1495802660686905929,-0.00721002090722,0.000802843656857,0.014158767648,0.0358079075813,-0.00311492872424,-0.0895197689533
1495802660736646472,-0.0053235325031,0.000706583145075,0.0140162212774,0.089580334723,-0.00308356853202,-0.223950833082
1495802660787665597,0.00122142175678,-0.00126104406081,-0.0299162082374,-0.0414515063167,0.00658156583086,0.103628769517
1495802660840192738,0.00177805649582,-0.00143566960469,-0.0295662693679,-0.0255528241396,0.00650457944721,0.0638820677996
1495802660886667222,0.00158771558199,-0.00211514928378,-0.0430454201996,-0.0202500168234,0.00946999248117,0.0506250411272
1495802660936094248,0.00157075340394,-0.00217283098027,-0.0429380536079,-0.0208934396505,0.00944637227803,0.0522335991263
1495802660989126972,-0.00119626219384,0.000122570520034,0.0100077521056,0.027971772477,-0.00220170547254,-0.0699294283986
1495802661036503667,-0.00142955884803,0.000321100902511,0.00958601944149,0.0220427606255,-0.00210892432369,-0.0551069043577
1495802661086301968,-0.00844802893698,-0.00384566839784,-0.0504062920809,0.173655167222,0.0110893836245,-0.434137910604
1495802661135912395,-0.00905057415366,-0.0041931043379,-0.0499284490943,0.155259266496,0.0109842587262,-0.388148158789
1495802661184720906,-0.0124090118334,-0.00185298931319,0.0103324055672,0.215050250292,-0.00227312906645,-0.537625610828
1495802661234709386,-0.0102935060859,-0.00262110261247,-0.0153853688389,0.164133995771,0.00338478130288,-0.41033500433
1495802661285662236,-0.0102360658348,-0.00418206304312,-0.0434282682836,0.178282126784,0.00955421943218,-0.445705324411
1495802661334612386,-0.0102333594114,-0.00431471969932,-0.043204896152,0.176565438509,0.0095050772652,-0.441413611174
1495802661388892540,-0.010208777152,0.000235156941926,0.045988060534,0.159562826157,-0.0101173743606,-0.398907095194
1495802661434890290,-0.010201331228,0.000622707477305,0.0452776178718,0.161625906825,-0.00996107701212,-0.404064774513
1495802661485339931,-0.007816885598,-0.00253491662443,-0.0185083467513,0.127339452505,0.0040718363598,-0.318348646164
1495802661538705239,-0.00761663215235,-0.00280693918467,-0.0180002748966,0.131499528885,0.00396006042138,-0.328748822212
1495802661589562963,-0.00345287518576,-0.0095620052889,-0.166977748275,0.0843256190419,0.0367351062596,-0.21081404388
1495802661634660318,-0.00310611026362,-0.0101415542886,-0.165791109204,0.0900493562222,0.036474045366,-0.225123390555
1495802661685145579,-0.00476033380255,-0.000298377359286,0.0274419281632,0.0753952264786,-0.00603722408414,-0.188488051295
1495802661736469561,-0.00488794827834,0.00054034619825,0.0259027630091,0.0771734267473,-0.00569860776886,-0.192933574319
1495802661784904910,-0.00424164580181,-0.000420223921537,0.00893282424659,0.0670206323266,-0.00196522148326,-0.167551577091
1495802661836021467,-0.00418749358505,-0.000501965871081,0.00906799454242,0.0682524964213,-0.00199495861307,-0.170631244779
1495802661886407904,-0.00306206871755,0.00037539168261,0.0226886142045,0.0414104349911,-0.00499149458483,-0.103526085615
1495802661935317756,-0.00296529009938,0.00044873348088,0.0225801225752,0.0446673184633,-0.00496762664989,-0.111668303609
1495802661985996335,-0.0074335471727,-0.00338148488663,-0.0269704349339,0.151048123837,0.00593349523842,-0.377620339394
1495802662037597798,-0.0076802233234,-0.00397370476276,-0.0265757534653,0.138140380383,0.00584666570649,-0.345350950956
1495802662085544677,-0.0121275642887,-0.00707727996632,-0.0509403310716,0.243886932731,0.0112068727612,-0.609717309475
1495802662135784376,-0.0125069189817,-0.0073385075666,-0.0507462583482,0.231056138873,0.0111641772091,-0.577640354633
1495802662184501396,-0.00452136155218,-0.00214258185588,-0.00439659133554,0.0471868254244,0.000967250147369,-0.117967061698
1495802662239463552,0.00550525588915,0.000801698479336,-0.0194642711431,-0.123206429183,0.00428213970736,0.308016091585
1495802662288041238,0.00680788466707,-0.00042602600297,-0.0507040955126,-0.101336076856,0.0111549012363,0.253340184689
1495802662338809286,0.00693413056433,0.000303125241771,-0.0336601175368,-0.110129781067,0.0074052256532,0.275324463844
1495802662387007803,0.00564613938332,-0.000529753044248,-0.0424787774682,-0.0787969455123,0.00934533122927,0.196992367506
1495802662436117750,0.00554141122848,-0.000548261974473,-0.0424085408449,-0.0825987160206,0.00932987872511,0.206496804953
1495802662486339502,-0.000167078964296,0.00409816298634,0.0832141488791,-0.00470615178347,-0.0183071121573,0.0117653794587
1495802662536057487,-0.000646511907689,0.00449940236285,0.0822135284543,-0.0141571583226,-0.0180869754404,0.0353928953409
1495802662586466968,-0.0033611736726,-0.00914185121655,-0.153051957488,0.133811488748,0.0336714312434,-0.334528744221
1495802662636477376,-0.0036041312851,-0.0102979568765,-0.151177987456,0.115857549012,0.0332591570914,-0.289643853903
1495802662685778478,-0.0073808003217,-0.00374983740039,-0.00644987728447,0.137932732701,0.00141897296999,-0.344831824303
1495802662735932412,-0.00769350817427,-0.00318978377618,-0.00760268559679,0.135254338384,0.00167259073351,-0.338135868311
1495802662787060006,-0.000410285225371,0.00109252717812,0.023739663884,-0.0305179171264,-0.00522272614762,0.0762947946787
1495802662837355996,0.000213178020203,0.0014479769161,0.0234900247306,-0.010403919965,-0.00516780512407,0.0260098017752
1495802662885573580,0.00707332231104,0.001005035243,-0.0335275530815,-0.136602520943,0.00737606128678,0.341506302357
1495802662934906807,0.00762336095795,0.00118058628868,-0.0330733805895,-0.121290251613,0.00727614341304,0.303225636482
1495802662984584493,0.00427865702659,0.00384882721119,0.0425849966705,-0.0806058272719,-0.00936869997531,0.201514571905
1495802663035973220,0.00399802299216,0.00407962361351,0.0419823527336,-0.0855422243476,-0.00923611782491,0.213855549693
1495802663088129646,-0.00204827473499,-0.00358480471186,-0.0516998693347,0.0865256264806,0.0113739715889,-0.216314062476
1495802663139538764,-0.00256928591989,-0.00422875909135,-0.0509536676109,0.06564771384,0.0112098064274,-0.164119273424
1495802663184773500,-0.00550685450435,-0.00590986665338,-0.0554041787982,0.134509727359,0.0121889188886,-0.336274325848
1495802663239451819,-0.0060808788985,-0.00291873537935,0.00050591310719,0.105526268482,-0.000111300876597,-0.263815671206
1495802663289591018,-0.00731443893164,-0.00465457001701,-0.0269084777683,0.146631762385,0.00591986486688,-0.366579413414
1495802663335442028,-0.0100778639317,-0.00482766283676,-0.00607010861859,0.19044663012,0.00133542402182,-0.476116597652
1495802663386867425,-0.00788211263716,0.00108649977483,0.0832564160228,0.0935766547918,-0.0183164104819,-0.233941629529
1495802663436227054,-0.00772586744279,0.00137813563924,0.0825449153781,0.105330429971,-0.0181598793715,-0.263326078653
1495802663486557265,0.00585910957307,0.00128627894446,-0.0420181080699,-0.138173237443,0.00924398377538,0.345433115959
1495802663539203484,0.00701021309942,0.00126603257377,-0.0410259217024,-0.108627803624,0.00902570225298,0.271569520235
1495802663588415818,0.0140247298405,0.00499629741535,-0.0410183593631,-0.269015103579,0.00902403891087,0.67253780365
1495802663636622019,0.0147988181561,0.00479086441919,-0.0410184152424,-0.249554499984,0.00902405194938,0.623886287212
1495802663685017628,0.00961836706847,0.00143927999306,-0.0523389391601,-0.129422619939,0.0115145668387,0.323556542397
1495802663740389962,0.00917549524456,0.00116103084292,-0.0522487722337,-0.143998831511,0.0114947296679,0.359997063875
1495802663785891211,-0.00384015962481,-0.00385078554973,-0.0293118543923,0.134915366769,0.00644860835746,-0.337288439274
1495802663835239175,-0.00494870031253,-0.00426249857992,-0.0294945649803,0.101073302329,0.00648880423978,-0.252683252096
1495802663885035451,-0.0117010911927,-0.00771746085957,-0.0175162646919,0.25579315424,0.0038535783533,-0.639482975006
1495802663934661454,-0.0122753651813,-0.00800471007824,-0.0176116805524,0.237020209432,0.00387456966564,-0.592550516129
1495802663989021931,-0.00915140006691,-0.00735706370324,-0.0308807753026,0.178588658571,0.00679377000779,-0.446471691132
1495802664036003744,-0.00888638012111,-0.00730423023924,-0.030775077641,0.185678437352,0.00677051721141,-0.464196145535
1495802664088095770,-0.00465360470116,-0.00121411983855,0.0312288049608,0.0497974082828,-0.00687033683062,-0.124493509531
1495802664135233050,-0.00428912695497,-0.000703230209183,0.0307349339128,0.0662845820189,-0.00676168547943,-0.165711462498
1495802664187982914,0.0071412534453,0.00280686467886,-0.0344462320209,-0.164609014988,0.00757817085832,0.411522507668
1495802664236182828,0.00811196491122,0.00309372413903,-0.0339270345867,-0.136593565345,0.00746394740418,0.34148389101
1495802664286652447,0.0142083121464,0.00542734703049,-0.0478433221579,-0.26820063591,0.0105255311355,0.670501589775
1495802664337345485,0.0139926625416,0.0061609572731,-0.0293788183481,-0.24524487555,0.00646333955228,0.613112151623
1495802664391368065,0.00506914779544,0.00623080693185,0.0602205581963,-0.0944401025772,-0.0132485227659,0.236100256443
1495802664439874513,0.00437576742843,0.00619858549908,0.0595068670809,-0.112737953663,-0.0130915110931,0.281844884157
1495802664485806331,-0.00159895268735,-0.00447614025325,-0.0627661049366,0.101101502776,0.0138085419312,-0.252753764391
1495802664535906487,-0.00211461493745,-0.00537481205538,-0.061792165041,0.0751551911235,0.0135942762718,-0.187887981534
1495802664588057465,-0.0060140802525,-0.00921474676579,-0.0833904445171,0.183494895697,0.0183458980173,-0.45873722434
1495802664634506039,-0.00634907511994,-0.00953526981175,-0.0832184106112,0.170349478722,0.0183080509305,-0.425873696804
1495802664690171216,-0.0122716119513,-0.00814699847251,0.00230343523435,0.25531566143,-0.00050675572129,-0.638289093971
1495802664741878421,-0.0127709591761,-0.00802425388247,0.00162221677601,0.245006322861,-0.000356887700036,-0.612515747547
1495802664789896399,-0.00859321095049,-0.00382241862826,0.0397768616676,0.127748087049,-0.00875090900809,-0.319370210171
1495802664840482791,-0.00823588762432,-0.0034696534276,0.0394729524851,0.141975626349,-0.00868404936045,-0.354939073324
1495802664887748509,0.00485377432778,-0.000744913995732,-0.0747638344765,-0.099958114326,0.0164480432868,0.24989528954
1495802664944745000,0.00596333434805,-0.000525618263055,-0.0738538876176,-0.0706031098962,0.0162478554994,0.176507771015
1495802664986066107,0.00212225480936,0.00646596308798,0.0881170332432,-0.0930820256472,-0.0193857457489,0.23270508647
1495802665035130725,0.00180455984082,0.00706159509718,0.0868268832564,-0.0903544425964,-0.019101915881,0.22588609159
1495802665085298417,0.0103523721918,0.00328547181562,-0.0857586190104,-0.181611180305,0.0188668966293,0.454027980566
1495802665140457110,0.0110718086362,0.0029588250909,-0.0843839272857,-0.170538619161,0.0185644626617,0.426346570253
1495802665191471695,0.0100848404691,0.000789322890341,-0.10492246598,-0.128944382071,0.0230829417706,0.322360932827
1495802665234565027,0.0100248232484,-3.33662101184e-05,-0.104758873582,-0.133991256356,0.023046951741,0.334978103638
1495802665285891176,-0.00696178525686,0.000889711314812,0.103846028447,0.134681522846,-0.0228461269289,-0.336703777313
1495802665340824627,-0.00907787960023,-0.00864230282605,-0.0307316407561,0.224602565169,0.00676096137613,-0.561506450176
1495802665387945912,-0.000936221214943,-0.00738049671054,-0.100762352347,0.0593258664012,0.022167718038,-0.148314669728
1495802665435422410,-0.000244791968726,-0.00728115439415,-0.100204527378,0.0793796852231,0.0220449957997,-0.198449209332
1495802665486810093,-0.00531809125096,-0.00445618340746,0.000913649157155,0.120753459632,-0.000201002811082,-0.301883667707
1495802665538369231,-0.00574392033741,-0.00421214010566,0.000108208711026,0.11573342979,-2.38059164985e-05,-0.289333581924
1495802665585675387,-0.00961221475154,-0.00274838204496,0.0835962817073,0.15464758873,-0.0183911826462,-0.386618942022
1495802665634651307,-0.00993770547211,-0.00262148003094,0.0829312726855,0.14992596209,-0.0182448793203,-0.374814897776
1495802665687103158,0.0120280012488,-0.00168569746893,-0.193464487791,-0.191030293703,0.042562186718,0.477575719357
1495802665737155404,0.0138847203925,-0.00162532215472,-0.191262900829,-0.149660438299,0.0420778393745,0.374151110649
1495802665787907111,-0.000475011445815,0.00190518377349,0.0540933348238,0.015627624467,-0.011900533922,-0.0390690602362
