%time,field.header.seq,field.header.stamp,field.header.frame_id,field.x,field.y,field.phi,field.theta,field.psi,field.u,field.v,field.p,field.q,field.r
1495718256696565115,2,0,,-20.9677124023,-34.3985748291,0.00055757019436,5.64923720958e-05,1.45717203617,-0.122932009399,0.00955082848668,-7.27605220163e-05,-7.46607111068e-05,0.0297700800002
1495718256801713123,3,0,,-20.9610176086,-34.3753967285,0.00198936578818,7.92427381384e-05,1.47379338741,-0.143434390426,0.01400722377,0.0143179558218,0.000227503682254,0.0281640812755
1495718256902125054,4,0,,-20.9563694,-34.3671150208,0.0198708269745,-0.00826645083725,1.48997652531,-0.219106912613,0.00764821283519,0.178814604878,-0.0834569334984,-0.154644101858
1495718257007659843,5,0,,-20.9598503113,-34.3935165405,0.0262656416744,-0.00866734236479,1.50609207153,-0.266258209944,0.00481468485668,0.0639481469989,-0.00400891341269,-0.321782708168
1495718257095821334,6,0,,-21.0021781921,-34.3567695618,0.00956735759974,0.0198294837028,1.52668595314,-0.0470906533301,0.015942607075,-0.166982844472,0.28496825695,-0.315545201302
1495718257195971220,7,0,,-21.003692627,-34.349395752,-0.0189986359328,0.0217617694288,1.54618668556,0.072696313262,0.0195641890168,-0.285659939051,0.0193228572607,-0.162368118763
1495718257304539006,8,0,,-20.9921321869,-34.3075790405,-0.0272432174534,0.0102391634136,1.56431102753,0.0585069097579,0.0185651462525,-0.082445807755,-0.115226067603,0.0507806949317
1495718257324322807,9,0,,-20.9938755035,-34.2974777222,-0.0191457308829,0.00507882377133,1.57960879803,0.101340092719,0.0155032537878,0.0809748768806,-0.0516033954918,0.256511449814
1495718257388561772,10,0,,-20.9964504242,-34.282913208,-0.0146395685151,0.0048526530154,1.59553349018,0.146834269166,0.0179161708802,0.0450616180897,-0.00226171012037,0.447436451912
1495718257411152424,11,0,,-21.0007209778,-34.2482185364,-0.00540178082883,0.0200317464769,1.60979235172,0.34922131896,0.0150897568092,0.0923778787255,0.151790931821,0.545415937901
1495718257497116917,12,0,,-20.9931087494,-34.1785888672,-0.0062358067371,0.0285308770835,1.62007951736,0.342554688454,0.0271133929491,-0.00834025815129,0.0849913209677,0.622229576111
1495718257606018266,13,0,,-20.9893665314,-34.1126785278,-0.00137477950193,0.0376475565135,1.62025642395,0.432030558586,0.0304711535573,0.0486102700233,0.0911667868495,0.6530392766
1495718257706728419,14,0,,-20.9873352051,-34.0411987305,0.00937525555491,0.0402238629758,1.63260781765,0.526402533054,0.0284766554832,0.107500351965,0.0257630627602,0.58756929636
1495718257801235688,15,0,,-20.9987277985,-33.9823417664,-0.0112168435007,0.0195870753378,1.66957890987,0.598537445068,0.0337434001267,-0.205920994282,-0.206367865205,0.730919957161
1495718257907679741,16,0,,-20.9990196228,-33.9406776428,-0.0230656564236,0.00184647343121,1.67034649849,0.395098686218,0.0406173355877,-0.118488140404,-0.177406027913,0.941026985645
1495718258000159727,17,0,,-21.0104351044,-33.9034080505,-0.0190475713462,-0.0025079746265,1.69335317612,0.388465851545,0.0322590693831,0.0401808619499,-0.0435444787145,1.1481102705
1495718258109514136,18,0,,-21.0082244873,-33.8882408142,-0.0160007234663,0.000316813384416,1.70346033573,0.250765472651,0.0420631840825,0.0304684769362,0.0282478798181,1.33168947697
1495718258213746316,19,0,,-21.0235214233,-33.845249176,-0.00302352430299,0.0196035411209,1.71591830254,0.455221801996,0.0313437432051,0.129771992564,0.192867264152,1.40457892418
1495718258311917040,20,0,,-21.0242061615,-33.8221435547,-0.0143405003473,0.0154102668166,1.71625995636,0.325860500336,0.0491661205888,-0.113169766963,-0.0419327318668,1.5380153656
1495718258319818673,21,0,,-21.0401000977,-33.7855529785,-0.0157547350973,0.0108723146841,1.74250757694,0.397070109844,0.038376595825,-0.0141423493624,-0.0453795269132,1.67946112156
1495718258372499394,22,0,,-21.058052063,-33.7467308044,-0.0177116207778,0.00569918239489,1.75902140141,0.42643982172,0.0331375263631,-0.0195688456297,-0.0517313182354,1.83878660202
1495718258403776207,23,0,,-21.0779571533,-33.7055587769,-0.0189830828458,0.00415667472407,1.77088224888,0.456433296204,0.0285754520446,-0.0127146216109,-0.0154250767082,1.99566471577
1495718258507079776,24,0,,-21.0703353882,-33.713306427,-0.0234146863222,0.000506900309119,1.78642177582,0.245152667165,0.0442875772715,-0.0443160347641,-0.0364977456629,2.1716594696
1495718258615136325,25,0,,-21.0839500427,-33.6933898926,-0.0212618038058,-0.000678063079249,1.79929959774,0.238540098071,0.0359366610646,0.0215288288891,-0.0118496343493,2.3450024128
1495718258711571702,26,0,,-21.0701789856,-33.7193145752,-0.0214903317392,-0.00068119878415,1.80955171585,0.0905764847994,0.0530114993453,-0.0022852960974,-3.13570344588e-05,2.51189661026
1495718258810658535,27,0,,-21.0553512573,-33.7505111694,-0.0192637052387,-0.000398718402721,1.81769907475,-0.00392648717389,0.0633611083031,0.0222662743181,0.00282480427995,2.67410445213
1495718258906036096,28,0,,-20.9999351501,-33.7641906738,-0.00566984852776,0.0146307861432,1.82702350616,0.0106781022623,0.0839715227485,0.135938569903,0.150295048952,2.7407553196
1495718259010868631,29,0,,-20.9610099792,-33.7667312622,0.0072289831005,0.0313290171325,1.83595502377,0.11533845216,0.0999347791076,0.128988325596,0.16698230803,2.73231983185
1495718259112979102,30,0,,-20.9281139374,-33.7673416138,-0.000556798186153,0.0223740208894,1.83616280556,0.0910993888974,0.113223284483,-0.0778578147292,-0.0895499736071,2.79995155334
1495718259212081579,31,0,,-20.9476337433,-33.7519645691,0.00100875622593,0.0181580260396,1.85394060612,0.23325265944,0.0856319442391,0.0156555436552,-0.0421599447727,2.86320447922
1495718259311011268,32,0,,-20.9139347076,-33.7552146912,-0.0121760014445,0.00400527566671,1.86024677753,0.0398606434464,0.119726918638,-0.131847575307,-0.141527503729,3.00490283966
1495718259322197118,33,0,,-20.9236488342,-33.757106781,-0.00823049526662,-0.00118420727085,1.86731028557,0.0396461188793,0.0906743854284,0.0394550636411,-0.0518948286772,3.15097475052
1495718259373839928,34,0,,-20.9339466095,-33.7552185059,-0.00732117798179,0.00200783251785,1.87215018272,0.0754415169358,0.0725874602795,0.00909316819161,0.0319203995168,3.26860022545
1495718259413089402,35,0,,-20.9547710419,-33.7358589172,-0.00236907601357,0.0197987239808,1.87913477421,0.27914083004,0.05408443138,0.0495210215449,0.177908912301,3.29053115845
1495718259511385631,36,0,,-20.8650531769,-33.7360267639,-0.0175919923931,0.0145922768861,1.8831154108,0.0978460460901,0.0948484241962,-0.152229174972,-0.0520644746721,3.3818526268
1495718259613618324,37,0,,-20.8904685974,-33.7131958008,-0.00166573817842,0.0253434367478,1.88735210896,0.33564016223,0.0637798309326,0.159262552857,0.107511602342,3.38833713531
1495718259711697068,38,0,,-20.8258552551,-33.6963577271,0.00392612023279,0.0364282466471,1.89032542706,0.311759620905,0.101625420153,0.0559185855091,0.110848076642,3.34466266632
1495718259813300142,39,0,,-20.8686962128,-33.6525001526,0.00853353273124,0.0402012094855,1.89246332645,0.608358860016,0.076137393713,0.0460741221905,0.0377296470106,3.29625225067
1495718259908482427,40,0,,-20.7712020874,-33.6251869202,0.00399163085967,0.0399254933,1.89635825157,0.398323655128,0.0416063927114,-0.0454190149903,-0.00275715650059,3.24965834618
1495718260011091565,41,0,,-20.6803779602,-33.6154022217,-0.00930390600115,0.0346434861422,1.89347136021,0.250722259283,0.0187028963119,-0.132955372334,-0.0528200641274,3.2393257618
1495718260111990988,42,0,,-20.5869922638,-33.6294898987,-0.0314546227455,0.0125981299207,1.8874270916,0.042158998549,0.0706644356251,-0.221507161856,-0.220453575253,3.35851478577
1495718260209891566,43,0,,-20.5143260956,-33.636177063,-0.00263730529696,0.0288780909032,1.88286685944,0.112303830683,0.0892408043146,0.288173168898,0.162799626589,3.3359336853
1495718260306943921,44,0,,-20.4156990051,-33.6442565918,0.0127039561048,0.0389024615288,1.88332045078,0.125672966242,0.12964348495,0.153412610292,0.100243709981,3.28473091125
1495718260313463256,45,0,,-20.4490528107,-33.6159133911,0.0183612406254,0.040742598474,1.87990021706,0.426063984632,0.100176595151,0.056572843343,0.0184013526887,3.22992634773
1495718260372884569,46,0,,-20.3686180115,-33.60597229,0.0106797851622,0.0398302860558,1.88176286221,0.334423273802,0.139346033335,-0.0768145471811,-0.00912310928106,3.17951011658
1495718260408312678,47,0,,-20.4139137268,-33.5606117249,0.0147600825876,0.0393533781171,1.87854158878,0.632831037045,0.102298043668,0.0408029742539,-0.00476907985285,3.13435959816
1495718260512092844,48,0,,-20.2978839874,-33.5436897278,0.0110485749319,0.0390216484666,1.87676990032,1.0194529295,0.0361535400152,-0.0371150821447,-0.00331729371101,3.08816218376
1495718260625850536,49,0,,-20.3749771118,-33.438621521,-0.00561044644564,0.0387580990791,1.87255060673,1.30284571648,0.0285887066275,-0.166590213776,-0.00263549550436,3.05118060112
1495718260722530917,50,0,,-20.2869224548,-33.3996162415,-0.012614255771,0.0387167483568,1.8663738966,1.12904512882,0.156558305025,-0.0700380951166,-0.000413502857555,3.02534365654
1495718260822993064,51,0,,-20.3750095367,-33.2889595032,0.0169702507555,0.0389577150345,1.86624693871,1.41011595726,0.109671041369,0.295845061541,0.00240964978002,2.99126625061
1495718260913647260,52,0,,-20.2449131012,-33.2779197693,0.0210877340287,0.0385242365301,1.84966778755,1.30733835697,0.2195379287,0.0411748439074,-0.00433477107435,2.94030594826
1495718261015082505,53,0,,-20.3440189362,-33.1531829834,0.0370173305273,0.0385924838483,1.84937977791,1.58459484577,0.164858236909,0.159295961261,0.00068247114541,2.88852286339
1495718261112008937,54,0,,-20.17436409,-33.1610488892,0.0305669177324,0.0383464843035,1.82879137993,1.04407334328,0.180813863873,-0.0645041316748,-0.00245999847539,2.83264493942
1495718261222221136,55,0,,-20.2539920807,-33.0540046692,0.0266298595816,0.0386561788619,1.81842625141,1.32707440853,0.137192204595,-0.0393705740571,0.00309694791213,2.78560352325
1495718261315025396,56,0,,-20.0261898041,-33.1036109924,0.0178390145302,0.0386544503272,1.80971610546,1.34587240219,0.257529020309,-0.0879084616899,-1.72832769749e-05,2.74346065521
1495718261332334091,57,0,,-20.1217498779,-32.9711647034,0.0412057153881,0.0388136357069,1.79930377007,1.62218904495,0.189388215542,0.233667016029,0.00159186159726,2.6986579895
1495718261362645278,58,0,,-20.2245864868,-32.8116035461,0.0389492027462,0.0383738577366,1.78898715973,1.89226841927,0.151258587837,-0.0225651171058,-0.00439780391753,2.64223098755
1495718261416612127,59,0,,-20.3343200684,-32.6255569458,0.0229103397578,0.0381404496729,1.7778326273,2.15670990944,0.118603765965,-0.160388633609,-0.00233406759799,2.59772396088
1495718261512042628,60,0,,-20.078540802,-32.7148399353,0.0103833125904,0.0381094180048,1.76483595371,1.55909252167,0.236065089703,-0.125270277262,-0.000310311792418,2.56627058983
1495718261614130261,61,0,,-20.1731815338,-32.5571746826,0.0353822261095,0.0385978482664,1.76461744308,1.83087575436,0.171604022384,0.249989122152,0.00488428771496,2.53117728233
1495718261713652554,62,0,,-19.8824501038,-32.7033805847,0.0356185697019,0.038273409009,1.73691368103,1.99406242371,0.105379410088,0.00236344966106,-0.00324438000098,2.48185443878
1495718261817935298,63,0,,-19.9803295135,-32.499912262,0.0141202416271,0.0380368791521,1.73649823666,2.25625371933,0.0852349027991,-0.214983284473,-0.00236530648544,2.44506907463
1495718261922016131,64,0,,-19.672744751,-32.631942749,0.00127193506341,0.0380749851465,1.70702970028,1.73683905602,0.203492686152,-0.128483071923,0.000381065619877,2.42447853088
1495718262011886079,65,0,,-19.7599582672,-32.4508476257,0.0279705561697,0.0385322570801,1.69146716595,2.00472474098,0.146024405956,0.266986221075,0.00457271793857,2.39862823486
1495718262112767623,66,0,,-19.4222202301,-32.6307983398,0.0304611250758,0.0381732843816,1.67599534988,1.44942736626,-0.0375634990633,0.0249056834728,-0.00358973699622,2.35666275024
1495718262212544347,67,0,,-19.4777030945,-32.4676094055,-0.015496830456,0.0381062701344,1.65969777107,1.72353053093,-0.0187652762979,-0.45957955718,-0.000670122506563,2.33419489861
1495718262311276036,68,0,,-19.1568660736,-32.6860160828,-0.0306802652776,0.0385409928858,1.63950157166,1.96695172787,0.0489402450621,-0.151834353805,0.00434720609337,2.34119462967
1495718262323611683,69,0,,-19.225894928,-32.4739952087,-0.00815238896757,0.0386227443814,1.62234139442,2.22960162163,0.0267456918955,0.225278764963,0.000817519088741,2.34050726891
1495718262372586766,70,0,,-19.2976894379,-32.2359275818,0.000951762893237,0.0381159074605,1.60530483723,2.48646712303,0.0225774496794,0.0910415202379,-0.00506836082786,2.32275414467
1495718262423201862,71,0,,-19.3712844849,-31.9722003937,-0.00318494951352,0.0377830378711,1.58698809147,2.73796916008,0.0192068330944,-0.0413671247661,-0.00332871591672,2.30607962608
1495718262513416127,72,0,,-18.9817123413,-32.2524757385,-0.00837072823197,0.0376915074885,1.56703460217,2.09321022034,0.189771547914,-0.0518577843904,-0.000915270065889,2.29519462585
1495718262620871481,73,0,,-19.04712677,-32.0260047913,0.0270278062671,0.0382378585637,1.5667437315,2.35340619087,0.135357901454,0.353985339403,0.00546349491924,2.27501678467
1495718262722451508,74,0,,-18.65807724,-32.3429985046,0.0311883203685,0.0378915444016,1.52690386772,2.19442129135,0.235507130623,0.0416051372886,-0.00346315978095,2.23484873772
1495718262822122283,75,0,,-18.7185764313,-32.1046676636,0.0432487949729,0.0379954501987,1.50607907772,2.45235967636,0.179095253348,0.120604738593,0.0010390804382,2.19582939148
1495718262913579374,76,0,,-18.3215656281,-32.415561676,0.0348387658596,0.0378002822399,1.4856454134,1.60781395435,0.165250614285,-0.0841002762318,-0.00195169483777,2.15501785278
1495718263016277978,77,0,,-18.3580150604,-32.2308349609,0.024989431724,0.0382324643433,1.46483695507,1.87856936455,0.126941502094,-0.098493359983,0.00432182382792,2.12493538857
1495718263113393680,78,0,,-17.9464626312,-32.5959777832,0.0155029380694,0.0383410826325,1.4438290596,2.01121282578,0.0263841431588,-0.0948649272323,0.00108618999366,2.10221743584
1495718263215278773,79,0,,-17.9672966003,-32.3696327209,-0.00641486328095,0.0381911620498,1.42128133774,2.27292823792,0.0220718309283,-0.219178006053,-0.00149920734111,2.09043598175
1495718263316618895,80,0,,-17.6016025543,-32.7019195557,-0.0130571126938,0.0381699167192,1.39620804787,1.64203166962,-0.103758215904,-0.0664224922657,-0.000212468381505,2.09076786041
1495718263332339679,81,0,,-17.292509079,-33.0069007874,-0.0354691892862,0.0382821410894,1.37250602245,1.25383222103,-0.184547811747,-0.224120780826,0.00112227071077,2.0980861187
1495718263376139103,82,0,,-17.2802391052,-32.8534965515,-0.0594938658178,0.0386262796819,1.34963274002,1.53217327595,-0.144249990582,-0.240246772766,0.00344139244407,2.12339735031
1495718263419830553,83,0,,-17.2671222687,-32.6731338501,-0.0537011101842,0.0388154275715,1.34937119484,1.80434286594,-0.120867870748,0.0579275675118,0.00189146748744,2.15458607674
1495718263523138383,84,0,,-16.9234676361,-33.0363121033,-0.0389965474606,0.0385517887771,1.3056293726,1.48027384281,0.0703875720501,0.147045627236,-0.00263638189062,2.17309498787
1495718263617967271,85,0,,-16.9195995331,-32.8609237671,0.00564437452704,0.0386553034186,1.28220283985,1.75372719765,0.045776154846,0.446409225464,0.0010351438541,2.17011165619
1495718263722626390,86,0,,-16.5744380951,-33.2261123657,0.0136131374165,0.0381798781455,1.25997257233,1.89089787006,0.111516594887,0.0796876326203,-0.00475425599143,2.14417290688
1495718263822701337,87,0,,-16.5617847443,-33.0107688904,0.0169198941439,0.0381270870566,1.2352925539,2.15543293953,0.0862396508455,0.0330675691366,-0.000527919328306,2.12145256996
1495718263921935115,88,0,,-16.2559318542,-33.3535385132,0.010380952619,0.0380331389606,1.21022593975,1.45601689816,-0.00434887036681,-0.0653894245625,-0.000939464778639,2.10105919838
1495718264024226824,89,0,,-16.2298946381,-33.1862716675,-0.010810829699,0.0349388234317,1.18592917919,1.6928178072,-0.0017416710034,-0.211917817593,-0.0309431552887,2.07176399231
1495718264120049764,90,0,,-15.908905983,-33.5741500854,-0.01604725793,0.0340775437653,1.16196584702,1.82361221313,0.0770351886749,-0.05236428231,-0.00861281622201,2.05751752853
1495718264222918851,91,0,,-15.8717794418,-33.3683433533,0.00363048934378,0.0371547825634,1.13963890076,2.09065198898,0.0521573238075,0.196777462959,0.0307724066079,2.05415654182
1495718264309469452,92,0,,-15.5348920822,-33.7299880981,0.015944628045,0.0382721312344,1.13920104504,1.57048642635,-0.0792026519775,0.123141385615,0.0111734680831,1.94666779041
1495718264322483956,93,0,,-15.4866771698,-33.5521850586,-0.0215774271637,0.038291413337,1.11564540863,1.84154284,-0.0501027517021,-0.375220566988,0.000192847423023,1.93990445137
1495718264372822131,94,0,,-15.4281578064,-33.3497123718,-0.0341384187341,0.0385089218616,1.07075321674,2.10708546638,-0.0465594381094,-0.125609919429,0.00217507360503,1.95884776115
1495718264421754960,95,0,,-15.35359478,-33.1250572205,-0.02676682733,0.0384143218398,1.04863059521,2.36669850349,-0.0423702560365,0.0737159177661,-0.00094601768069,1.97488188744
1495718264520534001,96,0,,-14.9761257172,-33.601764679,-0.0189968142658,0.0380758754909,1.04834723473,1.37756741047,-0.261473625898,0.0777001306415,-0.00338444579393,1.98207712173
1495718264622279831,97,0,,-14.905673027,-33.4509925842,-0.0644943714142,0.0381002053618,1.001557827,1.65325534344,-0.190640032291,-0.454975605011,0.000243280403083,2.00130367279
1495718264723741756,98,0,,-14.6033420563,-33.9609069824,-0.0702633559704,0.0386545881629,0.979053974152,1.60994291306,-0.299257099628,-0.0576897785068,0.00554384524003,2.04649758339
1495718264821832302,99,0,,-14.5115871429,-33.7951545715,-0.0815640538931,0.0385987535119,0.958528101444,1.88028550148,-0.231997013092,-0.113007001579,-0.000558360130526,2.08930134773
1495718264931907682,100,0,,-14.2010726929,-34.264705658,-0.0700751319528,0.0385330878198,0.93715852499,1.20660448074,-0.229869574308,0.11488918215,-0.000656661984976,2.13211750984
1495718265020210252,101,0,,-14.1245012283,-34.1361083984,-0.0615484006703,0.0386417731643,0.91668099165,1.48595607281,-0.178799256682,0.0852673351765,0.00108688371256,2.16327309608
1495718265132053735,102,0,,-13.8300113678,-34.6084213257,-0.0510630793869,0.0385984741151,0.896806836128,0.896093845367,-0.130070924759,0.104853197932,-0.000433007779066,2.18774914742
1495718265221418381,103,0,,-13.7689847946,-34.5066490173,-0.0392227806151,0.0388256832957,0.876868844032,1.18223035336,-0.102580860257,0.11840301007,0.00227209506556,2.20386362076
1495718265309259719,104,0,,-13.5370483398,-34.9795951843,-0.0320755988359,0.0387581251562,0.855832517147,1.4586802721,-0.166663050652,0.0714718028903,-0.000675582734402,2.21288609505
1495718265330489863,105,0,,-13.4440937042,-34.832862854,-0.0464971214533,0.0384760499001,0.836530983448,1.73243176937,-0.125312551856,-0.144215211272,-0.00282077142037,2.22475719452
1495718265373415293,106,0,,-13.337521553,-34.663269043,-0.0457436852157,0.0384812392294,0.819028615952,2.00037503242,-0.102590449154,0.0075343628414,5.18962297065e-05,2.24471759796
1495718265437417706,107,0,,-13.2167406082,-34.4717903137,-0.0362203903496,0.0383432731032,0.801173746586,2.2623603344,-0.083276450634,0.0952329337597,-0.00137963064481,2.25816440582
1495718265531290258,108,0,,-12.9422416687,-34.9673080444,-0.0285742767155,0.0380843915045,0.783280491829,1.58035349846,-0.209422543645,0.0764611437917,-0.00258884811774,2.26403164864
1495718265631223985,109,0,,-12.830737114,-34.8186721802,-0.055148601532,0.0381299071014,0.766115128994,1.8516112566,-0.155376091599,-0.265743255615,0.000455170695204,2.27618837357
1495718265730854462,110,0,,-12.5714435577,-35.3175888062,-0.0552172772586,0.034901291132,0.750306785107,1.0819350481,-0.079798027873,-0.000686730723828,-0.0322861522436,2.28149056435
1495718265830770310,111,0,,-12.4896125793,-35.2080383301,-0.0316830612719,0.0373565815389,0.750117480755,1.36563205719,-0.0693392008543,0.235342159867,0.024552885443,2.29659581184
1495718265933315543,112,0,,-12.3062963486,-35.6941490173,-0.0211499165744,0.0385447517037,0.719006538391,0.822403013706,-0.0156093388796,0.1053314358,0.0118816988543,2.29494595528
1495718266032982547,113,0,,-12.240489006,-35.6047706604,-0.0128369433805,0.0390056297183,0.703674197197,1.10984683037,-0.0130887134001,0.0831297263503,0.00460881134495,2.28931546211
1495718266129687512,114,0,,-12.0508289337,-36.0796737671,-0.0122270518914,0.0388568565249,0.703460514545,0.788330376148,0.10504335165,0.00609891256317,-0.00148773251567,2.28119540215
1495718266229547138,115,0,,-11.9938411713,-35.9911804199,0.0116845741868,0.036614626646,0.675559639931,1.04997909069,0.0736247226596,0.23911626637,-0.0224223025143,2.25202798843
1495718266322102553,116,0,,-11.7919425964,-36.4359970093,0.0138951372355,0.0376864559948,0.66213619709,1.46043050289,0.105385839939,0.0221056286246,0.0107182832435,2.22581648827
1495718266368913184,117,0,,-11.6880197525,-36.2969398499,0.0134710278362,0.0384510941803,0.649776816368,1.73411548138,0.0808318778872,-0.00424109073356,0.00764638418332,2.20288300514
1495718266383211930,118,0,,-11.5634241104,-36.1401481628,0.00741769466549,0.0384765267372,0.638983845711,2.00171756744,0.0625447630882,-0.0605333298445,0.000254315149505,2.1830675602
1495718266431792340,119,0,,-11.4185714722,-35.9661369324,0.00139462086372,0.0382868945599,0.627669811249,2.26365232468,0.0469363890588,-0.0602307394147,-0.00189632293768,2.16882514954
1495718266536972754,120,0,,-11.1605453491,-36.4293251038,-0.00235082278959,0.0380939505994,0.61672359705,2.11736917496,-0.102823205292,-0.0374544374645,-0.00192941410933,2.15825295448
1495718266629724772,121,0,,-10.9982271194,-36.2632369995,-0.0313244499266,0.0328863523901,0.607950270176,2.3210914135,-0.0757882297039,-0.289736270905,-0.0520760118961,2.12786197662
1495718266731171960,122,0,,-10.7914400101,-36.7048454285,-0.0369957238436,0.0359488874674,0.598469614983,2.35948300362,-0.0116032576188,-0.0567127279937,0.030625347048,2.14575815201
1495718266837374153,123,0,,-10.6127510071,-36.5189704895,-0.0166801698506,0.0348634459078,0.587498426437,2.57829260826,-0.0174816213548,0.203155532479,-0.010854408145,2.13417220116
1495718266931886660,124,0,,-10.3922996521,-36.9231300354,-0.00874244607985,0.0367404222488,0.578795611858,2.44656419754,-0.125009685755,0.0793772339821,0.0187697615474,2.12864017487
1495718267032414388,125,0,,-10.1999511719,-36.742565155,-0.0327513888478,0.0320643670857,0.57066822052,2.63663554192,-0.0912725925446,-0.240089446306,-0.0467605292797,2.0961534977
1495718267138568250,126,0,,-9.97524261475,-37.1388168335,-0.0375733599067,0.0330001302063,0.564692974091,2.01107358932,0.0797188580036,-0.0482197143137,0.00935763772577,2.09890007973
1495718267231757475,127,0,,-9.81635475159,-36.9763717651,0.00227822409943,0.03697854653,0.55636203289,2.27175736427,0.049248225987,0.398515850306,0.0397841483355,2.10094952583
1495718267320835073,128,0,,-9.6698513031,-37.3829307556,0.0123350843787,0.0381259061396,0.548848807812,1.48400557041,0.0251855663955,0.100568599999,0.0114736119285,2.0788629055
1495718267354415391,129,0,,-9.54356384277,-37.2607498169,-0.000838699634187,0.0384480953217,0.54211461544,1.75702428818,0.0240269042552,-0.131737843156,0.00322186388075,2.06354856491
1495718267383540673,130,0,,-9.3962802887,-37.1218719482,-0.00940230768174,0.0384789630771,0.538246273994,2.02426075935,0.0160249751061,-0.085636086762,0.000308694259729,2.0599398613
1495718267441970170,131,0,,-9.22874355316,-36.966381073,-0.0103618316352,0.0383307561278,0.534362792969,2.28571581841,0.00912142172456,-0.00959523860365,-0.00148208346218,2.05889582634
1495718267530944473,132,0,,-9.11186504364,-37.4697265625,-0.0079633295536,0.0347276926041,0.534280896187,2.2783074379,0.0526949539781,0.023985022679,-0.0360306315124,2.03584265709
1495718267654056428,133,0,,-8.94875526428,-37.3234176636,0.0161391440779,0.00532897748053,0.529084324837,2.19094753265,0.0289079248905,0.24102473259,-0.293987154961,1.83675038815
1495718267733924825,134,0,,-8.82267665863,-37.7966346741,0.0184911023825,0.0122140636668,0.526640176773,1.91232645512,0.174944460392,0.0235195849091,0.0688508599997,1.75163400173
1495718267856349261,135,0,,-8.66706848145,-37.6490135193,0.0333564989269,0.0285884402692,0.518380701542,2.14087820053,0.13103286922,0.148653969169,0.163743779063,1.71291005611
1495718267941557792,136,0,,-8.59867477417,-38.0961112976,0.00584485940635,0.01223900076,0.515507757664,1.93237042427,0.192458972335,-0.275116384029,-0.163494408131,1.84345841408
1495718268044995457,137,0,,-8.4657497406,-37.9610328674,0.00681806541979,-3.36296834575e-05,0.509344100952,1.88953101635,0.145552143455,0.00973206292838,-0.122726298869,2.01042842865
1495718268144797534,138,0,,-8.36818695068,-38.3796615601,0.0270627234131,0.0254380013794,0.506654858589,1.33920168877,-0.0239464081824,0.202446579933,0.254716306925,1.99805653095
1495718268240736969,139,0,,-8.25260353088,-38.2807846069,-0.0147946625948,0.0302950832993,0.506659805775,1.52104687691,-0.00284126633778,-0.418573856354,0.0485708266497,2.02867603302
1495718268309894786,140,0,,-8.15706729889,-38.7025489807,-0.0327555648983,0.0266844145954,0.496773123741,1.28758144379,-0.155535623431,-0.179609045386,-0.0361066944897,2.10417675972
1495718268356050515,141,0,,-8.03964138031,-38.6161689758,-0.0577758587897,0.0242638252676,0.490439862013,1.45290148258,-0.11863758415,-0.250202924013,-0.0242058876902,2.18921160698
1495718268389222401,142,0,,-7.92801237106,-38.5288047791,-0.0679586231709,0.00564783532172,0.489479482174,1.4144859314,-0.0926680192351,-0.10182762146,-0.186159908772,2.39040493965
1495718268457222319,143,0,,-7.82142019272,-38.4400672913,-0.0550186857581,-0.00201033148915,0.489726394415,1.38495361805,-0.0746843963861,0.129399359226,-0.076581671834,2.58649325371
1495718268554095951,144,0,,-7.81571769714,-38.9367523193,-0.0441507212818,-0.00259675388224,0.488502770662,0.595881581306,-0.0982998609543,0.108679629862,-0.00586422299966,2.76500487328
1495718268642955226,145,0,,-7.76958322525,-38.9006881714,-0.0502535253763,-0.00137425388675,0.486419022083,0.581440925598,-0.0693558230996,-0.0610280446708,0.0122249983251,2.93682003021
1495718268748311291,146,0,,-7.76238536835,-39.3790931702,-0.0508356764913,-0.00059162301477,0.486232787371,0.423561960459,0.0783415436745,-0.0058215027675,0.00782630965114,3.10905408859
1495718268854237820,147,0,,-7.73363256454,-39.3412780762,-0.0143361352384,0.00523653207347,0.483277022839,0.472124010324,0.0527291856706,0.364995419979,0.0582815520465,3.23272156715
1495718268944890549,148,0,,-7.6770606041,-39.7614135742,0.00334641197696,0.0207427758723,0.480847328901,0.429166555405,-0.0798608735204,0.176825478673,0.155062437057,3.24946212769
1495718269045004397,149,0,,-7.63682985306,-39.7257881165,-0.0376770794392,0.0188812464476,0.480999618769,0.535291016102,-0.0471442006528,-0.410234928131,-0.0186152923852,3.31732130051
1495718269144295026,150,0,,-7.5981760025,-40.1186637878,-0.0587035417557,0.00470781885087,0.483714789152,0.543780744076,0.0734796002507,-0.210264623165,-0.141734272242,3.48258543015
1495718269251096876,151,0,,-7.56631708145,-40.0757637024,-0.0259484015405,-0.000993389752693,0.483958125114,0.532455563545,0.0450421087444,0.327551424503,-0.0570120885968,3.63923382759
1495718269320698883,152,0,,-7.54356908798,-40.4300498962,-0.0133205875754,-0.00175929267425,0.487207710743,0.062761105597,0.0404024869204,0.1262781322,-0.00765902921557,3.76686382294
1495718269351412565,153,0,,-7.54263114929,-40.4230422974,-0.0204716045409,-0.000955284456722,0.490688711405,0.0598503537476,0.0376313589513,-0.0715101733804,0.00804008170962,3.89217066765
1495718269382516590,154,0,,-7.54146194458,-40.4167327881,-0.028537042439,-0.000346806074958,0.491102188826,0.05647938326,0.0304638091475,-0.0806543752551,0.00608478393406,4.02243852615
1495718269444565542,155,0,,-7.54001569748,-40.4111213684,-0.0314381606877,-0.000168743252289,0.491920888424,0.0531123690307,0.0232239160687,-0.0290111731738,0.0017806282267,4.15316534042
1495718269542086114,156,0,,-7.47596883774,-40.7996025085,-0.0154231870547,0.0222052689642,0.493804931641,-0.13898332417,-0.0544559955597,0.160149723291,0.223740115762,4.14634656906
1495718269645313766,157,0,,-7.47231721878,-40.8005638123,-0.0355389118195,0.0241320841014,0.49601739645,0.0147714558989,-0.0347518026829,-0.20115724206,0.0192681513727,4.1766076088
1495718269744411912,158,0,,-7.42578887939,-41.1547203064,-0.0445961430669,0.0179803743958,0.496490448713,0.0566607862711,0.106612056494,-0.0905723050237,-0.0615170896053,4.24589776993
1495718269853543947,159,0,,-7.41431379318,-41.1284828186,-0.00330803659745,0.0247606467456,0.502335906029,0.278374314308,0.0673381611705,0.412881046534,0.0678027123213,4.24723815918
1495718269947267667,160,0,,-7.32274150848,-41.442199707,-0.010072318837,0.00728519354016,0.503186166286,0.0416932404041,0.181103363633,-0.0676428303123,-0.174754530191,4.3453412056
1495718270051666417,161,0,,-7.31650352478,-41.4121131897,0.019310221076,0.0208695940673,0.506382286549,0.279156714678,0.128378644586,0.293825417757,0.135843992233,4.32127428055
1495718270142155578,162,0,,-7.1731672287,-41.6851997375,0.0215230956674,0.0360904708505,0.50760525465,0.264509439468,0.21231713891,0.0221287347376,0.152208760381,4.2350487709
1495718270263121589,163,0,,-7.1519780159,-41.6308517456,0.0294106360525,0.040808070451,0.508708298206,0.561189174652,0.159152433276,0.0788754150271,0.0471760109067,4.15090847015
1495718270315913917,164,0,,-7.01934337616,-41.8782806396,0.0218353774399,0.040212828666,0.513591587543,0.746067225933,0.235714957118,-0.0757525935769,-0.00595240620896,4.06852054596
1495718270357619430,165,0,,-6.96978282928,-41.7857322693,0.0335817150772,0.0393534749746,0.515942037106,1.03531038761,0.174015551805,0.117463395,-0.00859355740249,3.99029827118
1495718270385249689,166,0,,-6.89921331406,-41.6735458374,0.027915308252,0.0387001745403,0.524426162243,1.31839907169,0.135580465198,-0.056664083153,-0.00653301924467,3.90872263908
1495718270461677704,167,0,,-6.80923748016,-41.54139328,0.0140685932711,0.0385008789599,0.529876768589,1.59540116787,0.103440359235,-0.138467162848,-0.0019929530099,3.8386964798
1495718270556998485,168,0,,-6.61934423447,-41.8218307495,0.0163129214197,0.0105839464813,0.538315951824,1.52826046944,0.0917965322733,0.022443279624,-0.27916932106,3.60775947571
1495718270660222715,169,0,,-6.52671766281,-41.7040290833,0.0358525067568,-0.00224214489572,0.543524682522,1.4974822998,0.0563452430069,0.195395871997,-0.128260910511,3.28533482552
1495718270759354595,170,0,,-6.38872623444,-42.0074920654,0.0333943590522,-0.0186974965036,0.544402778149,1.32968747616,-0.00790113490075,-0.0245814882219,-0.164553508162,2.96007442474
1495718270856674512,171,0,,-6.28698778152,-41.8966026306,0.000822445144877,0.00925563275814,0.545277714729,1.5048801899,-0.00282305758446,-0.325719147921,0.279531300068,2.85876083374
1495718270961289911,172,0,,-6.09900379181,-42.1728630066,-0.0241518002003,0.0348402746022,0.543141841888,1.05944597721,-0.109577812254,-0.24974244833,0.25584641099,2.84146261215
1495718271057371403,173,0,,-6.00206899643,-42.0804481506,-0.0487674549222,0.0417446084321,0.543109059334,1.33640110493,-0.0875664353371,-0.246156528592,0.0690433382988,2.83804035187
1495718271159247277,174,0,,-5.88735198975,-41.9671401978,-0.0441859103739,0.0407882295549,0.543975234032,1.6105452776,-0.0776752457023,0.0458154156804,-0.00956377387047,2.843075037
1495718271258257982,175,0,,-5.75536108017,-41.8329963684,-0.0313507914543,0.0390037819743,0.544740021229,1.88081121445,-0.0645525157452,0.128351226449,-0.0178444739431,2.8381960392
1495718271323494280,176,0,,-5.6109046936,-41.6850280762,-0.0213386844844,0.0310437232256,0.547810912132,2.06722545624,-0.0527441091835,0.100121058524,-0.0796005800366,2.78174543381
1495718271358491259,177,0,,-5.47589635849,-41.553653717,-0.00177356484346,-0.00573560036719,0.548653960228,1.88305544853,-0.052253447473,0.195651188493,-0.367793232203,2.51686763763
1495718271381505219,178,0,,-5.34970998764,-41.4369773865,0.0116660753265,-0.0204793997109,0.548315107822,1.71796405315,-0.0474954284728,0.134396404028,-0.147437989712,2.25245189667
1495718271455695519,179,0,,-5.23507547379,-41.3369140625,0.0124107906595,-0.0240940172225,0.558055758476,1.52105724812,-0.0423743799329,0.00744715798646,-0.0361461788416,1.971804142
1495718271554569685,180,0,,-5.16585302353,-42.0161094666,0.00916236080229,-0.0232010092586,0.562650799751,0.446089625359,0.0745185315609,-0.0324842967093,0.00893007870764,1.70045340061
1495718271660302404,181,0,,-5.14780282974,-41.9950828552,0.0324822887778,-0.0215725451708,0.558841943741,0.273770719767,0.0430112667382,0.233199268579,0.0162846427411,1.42979240417
1495718271758169318,182,0,,-5.1431593895,-42.5881881714,0.0186924282461,0.0182610675693,0.559570431709,-0.103287786245,-0.0356788486242,-0.137898609042,0.398336142302,1.39592897892
1495718271856499001,183,0,,-5.12654876709,-42.5770149231,-0.02210861817,0.0397182814777,0.557920575142,0.199047327042,-0.0215336158872,-0.408010452986,0.214572146535,1.40452027321
1495718271965701645,184,0,,-5.06249046326,-43.0891723633,-0.0307588167489,0.0430602170527,0.556594848633,0.0652376264334,-0.115329362452,-0.0865019708872,0.0334193259478,1.43452513218
1495718272058153485,185,0,,-5.03074359894,-43.0742416382,-0.0379403233528,0.0383779369295,0.55377882719,0.338853180408,-0.0908517166972,-0.0718150809407,-0.0468227900565,1.44953942299
1495718272161520750,186,0,,-4.91841459274,-43.5271682739,-0.0287977345288,0.030151207,0.554026782513,0.820888638496,-0.0258401408792,0.0914258882403,-0.0822672992945,1.43082511425
1495718272260078325,187,0,,-4.85721206665,-43.4817657471,0.00298391468823,0.00345215247944,0.556839048862,0.761381626129,-0.0314776264131,0.317816495895,-0.266990542412,1.25525176525
1495718272284350196,188,0,,-4.7631611824,-43.8861236572,0.0175183024257,-0.00709307938814,0.559033691883,0.167590543628,-0.0633270293474,0.145343869925,-0.10545232147,1.06905567646
1495718272356356490,189,0,,-4.76004552841,-43.8901824951,0.0113303270191,-0.0190447792411,0.561347782612,0.000706790946424,-0.0511823296547,-0.0618797428906,-0.119516998529,0.815701544285
1495718272365229057,190,0,,-4.77027273178,-43.9033279419,0.00901740789413,-0.0223358124495,0.56320297718,-0.159565418959,-0.0477222204208,-0.0231291949749,-0.032910335809,0.576471805573
1495718272462650593,191,0,,-4.79403305054,-43.9249000549,0.0105499383062,-0.0218290034682,0.562642395496,-0.317795753479,-0.0446930527687,0.0153253041208,0.00506809866056,0.342376470566
1495718272563155553,192,0,,-4.75401592255,-44.37840271,-0.00723378220573,0.0225617997348,0.56172901392,0.139404669404,0.110828258097,-0.177837207913,0.443908035755,0.381324648857
1495718272661872226,193,0,,-4.72269487381,-44.3472862244,0.00714729027823,0.0418605655432,0.558158934116,0.434467554092,0.0785666257143,0.143810719252,0.192987665534,0.415305376053
1495718272763556875,194,0,,-4.64920854568,-44.7162284851,0.0131138889119,0.0428882576525,0.555085301399,0.302305102348,-0.145356729627,0.0596659816802,0.0102769080549,0.437249660492
1495718272864512101,195,0,,-4.53567838669,-45.0540390015,-0.0339980050921,0.0401456914842,0.551194787025,0.953673005104,-0.134058535099,-0.471118927002,-0.0274256467819,0.475351899862
1495718272971237824,196,0,,-4.39438581467,-45.2932853699,-0.0516618676484,0.0390538163483,0.551566898823,1.42868924141,-0.143998861313,-0.176638618112,-0.0109187439084,0.544004917145
1495718273062042178,197,0,,-4.25079298019,-45.2071456909,-0.0450427085161,0.0357166938484,0.553672194481,1.67032945156,-0.117768868804,0.0661915689707,-0.0333712212741,0.591574251652
1495718273161038077,198,0,,-4.12656736374,-45.4490699768,-0.0143523868173,-0.00192882132251,0.557301998138,0.84493458271,0.124594010413,0.306903243065,-0.376455157995,0.404313921928
1495718273263469329,199,0,,-4.07470750809,-45.4060592651,0.0585764013231,-0.0218153037131,0.562462449074,0.669003129005,0.0798184201121,0.729287862778,-0.198864817619,0.163480103016
1495718273285762597,200,0,,-4.05374574661,-45.7018966675,0.0688610449433,-0.0251655261964,0.559503614902,0.430055707693,-0.113812036812,0.102846436203,-0.0335022248328,-0.106939814985
1495718273366022803,201,0,,-4.02747583389,-45.6954994202,0.00784960296005,-0.023356443271,0.560790002346,0.259398818016,-0.0762820988894,-0.610114395618,0.0180908255279,-0.344865530729
1495718273371642233,202,0,,-4.01585531235,-45.6976737976,-0.0120920278132,-0.0212075002491,0.561235547066,0.0910251364112,-0.0754410028458,-0.199416309595,0.0214894283563,-0.537830233574
1495718273463893908,203,0,,-3.95169734955,-46.0237617493,-0.0203134976327,0.0230190921575,0.556414008141,0.704420924187,-0.0199777428061,-0.082214705646,0.442265927792,-0.460686028004
1495718273561224511,204,0,,-3.85546970367,-46.2570343018,-0.0164064057171,0.0415808409452,0.554704189301,1.11778843403,0.0175548437983,0.0390709154308,0.185617476702,-0.394437015057
1495718273665581567,205,0,,-3.73523306847,-46.1865272522,-0.00278777629137,0.0425073355436,0.550115406513,1.39378809929,0.0129624856636,0.136186301708,0.00926494412124,-0.336437165737
1495718273765584088,206,0,,-3.61715483665,-46.4016265869,0.00269892858341,0.0397641398013,0.547659575939,1.44563817978,0.182637572289,0.0548670478165,-0.0274319350719,-0.286154419184
1495718273866599797,207,0,,-3.46699500084,-46.6003189087,0.0372249633074,0.0386223457754,0.547331929207,1.47961914539,-2.43179533754e-06,0.345260322094,-0.0114179532975,-0.248282656074
1495718273961343898,208,0,,-3.32720661163,-46.7697219849,0.0104181859642,0.0379774235189,0.550030529499,1.518912673,-0.106868036091,-0.268067747355,-0.00644923979416,-0.219495490193
1495718274066729366,209,0,,-3.20541548729,-46.9509544373,-0.0285856053233,0.0266048274934,0.554760217667,1.2553550005,0.0694030076265,-0.390037894249,-0.113725945354,-0.229051843286
1495718274164306300,210,0,,-3.14681148529,-47.1247215271,0.0188497249037,-0.00961084850132,0.558180510998,0.776882171631,0.166590034962,0.474353283644,-0.362156778574,-0.429133147001
1495718274262766446,211,0,,-3.09929633141,-47.0855712891,0.0785152763128,-0.0238990690559,0.559280693531,0.603664040565,0.121038511395,0.596655547619,-0.142882198095,-0.668619453907
1495718274310957211,212,0,,-3.06862187386,-47.2849388123,0.0570657923818,0.0187913309783,0.559312224388,0.977340996265,0.00286812684499,-0.214494884014,0.426904022694,-0.655836820602
1495718274362743545,213,0,,-2.95907759666,-47.2236480713,-0.00783700123429,0.03972286731,0.559946656227,1.25515902042,0.0149391740561,-0.649027943611,0.209315374494,-0.611025691032
1495718274386916521,214,0,,-2.82551765442,-47.1494102478,-0.0237340964377,0.0426223166287,0.551957726479,1.52805066109,0.0008445372805,-0.158970952034,0.0289944764227,-0.531905770302
1495718274465950035,215,0,,-2.71365880966,-47.3769454956,-0.0106957992539,0.0403032563627,0.549999713898,1.39752328396,0.146020367742,0.130382984877,-0.0231905896217,-0.460238188505
1495718274571902405,216,0,,-2.62764239311,-47.5577583313,0.0310503933579,0.038852404803,0.548259437084,1.33993554115,0.243281930685,0.417461931705,-0.0145085426047,-0.412643939257
1495718274662963915,217,0,,-2.49583864212,-47.462184906,0.0641679018736,0.038342371583,0.548258185387,1.61661314964,0.192873969674,0.33117505908,-0.00510030426085,-0.396223813295
1495718274761429998,218,0,,-2.42385053635,-47.6573257446,0.0535057634115,0.0380249023438,0.545789837837,1.36231422424,0.0131070874631,-0.106621347368,-0.00317471963353,-0.386683911085
1495718274871685709,219,0,,-2.32511329651,-47.8676986694,0.000768356723711,0.0381675064564,0.54846984148,1.26859724522,0.158811256289,-0.527374088764,0.00142605416477,-0.349066674709
1495718274961149600,220,0,,-2.24736762047,-48.0398445129,0.0136891854927,0.0390080846846,0.555016815662,1.21458232403,0.235454395413,0.129208296537,0.00840579159558,-0.29148581624
1495718275070107450,221,0,,-2.21625685692,-48.2319412231,0.0693405866623,-0.000639295496512,0.561555325985,1.12311208248,0.122554183006,0.556514024734,-0.396473795176,-0.508436739445
1495718275172045832,222,0,,-2.19004869461,-48.4069480896,0.0746201574802,-0.0196673683822,0.56737112999,1.05381929874,0.0635363087058,0.0527957230806,-0.190280735493,-0.746728241444
1495718275273309128,223,0,,-2.10156106949,-48.5769042969,0.0318316221237,0.0106594730169,0.566641449928,0.719235301018,0.0332983694971,-0.427885383368,0.303268402815,-0.764823794365
1495718275307425477,224,0,,-2.01423335075,-48.5265655518,-0.00735005410388,0.0359580218792,0.567447423935,1.00762975216,0.0267990119755,-0.391816735268,0.25298550725,-0.703004419804
1495718275362173780,225,0,,-1.90810203552,-48.4656410217,-0.0172323994339,0.0365949161351,0.567648172379,1.2236354351,0.0162015464157,-0.0988234505057,0.00636893836781,-0.59579616785
1495718275377180367,226,0,,-1.78346288204,-48.3933296204,-0.00801153853536,0.0327224098146,0.57036036253,1.44092273712,0.0106390807778,0.0922086015344,-0.0387250781059,-0.493284195662
1495718275467045636,227,0,,-1.72721767426,-48.6321487427,-0.00720502436161,0.0231515150517,0.567418158054,1.43918001652,0.109302505851,0.00806514173746,-0.095708951354,-0.35589247942
1495718275571825580,228,0,,-1.66797709465,-48.8154716492,0.020443290472,0.0305032860488,0.571294367313,1.54561901093,0.165732964873,0.276483148336,0.0735177099705,-0.290306955576
1495718275671512419,229,0,,-1.61477172375,-48.9838066101,0.0341673307121,0.0271683223546,0.564158141613,1.44060361385,-0.0107753258198,0.13724039495,-0.033349622041,-0.202967151999
1495718275772000337,230,0,,-1.57492828369,-49.1423454285,-0.0118432817981,0.0148176569492,0.567289054394,1.29201030731,-0.122565038502,-0.460106134415,-0.123506657779,-0.048401106149
1495718275869991709,231,0,,-1.44626235962,-49.0701446533,-0.0486183017492,0.0206708777696,0.572654664516,1.47232675552,-0.0948057770729,-0.367750227451,0.0585322082043,0.0835455581546
1495718275972468916,232,0,,-1.37228786945,-49.2543869019,-0.0457672588527,0.0263488292694,0.577362954617,1.42511117458,0.0505842342973,0.0285104569048,0.0567795187235,0.21310043335
1495718276071577469,233,0,,-1.32690513134,-49.4307403564,-0.0137522742152,0.0135433599353,0.582767426968,1.20926499367,0.151440232992,0.320149838924,-0.128054693341,0.403121650219
1495718276171601082,234,0,,-1.23348724842,-49.3463172913,0.0233817789704,0.00756948813796,0.583046793938,1.25333034992,0.12080809474,0.371340543032,-0.0597387179732,0.560093224049
1495718276276860557,235,0,,-1.13356137276,-49.2568130493,0.0236904323101,0.0104508185759,0.592869460583,1.33723556995,0.10673199594,0.00308652385138,0.0288133006543,0.677363455296
1495718276300804733,236,0,,-1.02843296528,-49.1614456177,0.00729488534853,0.0127648329362,0.598474264145,1.41652011871,0.0903460085392,-0.163955464959,0.0231401473284,0.801879644394
1495718276356271284,237,0,,-0.986113071442,-49.4061965942,0.0055294376798,0.0254938602448,0.60258692503,1.40111494064,-0.0466708093882,-0.01765447855,0.127290263772,0.862645864487
1495718276372743560,238,0,,-0.860997796059,-49.3055458069,-0.0220205206424,0.0304168593138,0.608034133911,1.60551512241,-0.0285606384277,-0.275499582291,0.0492300055921,0.926702797413
1495718276470055166,239,0,,-0.828661561012,-49.5540313721,-0.0308806914836,0.0272063668817,0.611111998558,1.14443540573,-0.1458145082,-0.088601693511,-0.032104935497,1.02687287331
1495718276571915187,240,0,,-0.716076135635,-49.4701652527,-0.0439740680158,0.0324194654822,0.618595898151,1.39944028854,-0.111661925912,-0.130933776498,0.0521309897304,1.08746135235
1495718276672186038,241,0,,-0.609081923962,-49.3821029663,-0.058733895421,0.0112689770758,0.624615967274,1.38329601288,-0.082055747509,-0.147598266602,-0.211504891515,1.29286336899
1495718276771649245,242,0,,-0.585045278072,-49.6820373535,-0.0414134114981,0.0116073135287,0.634474694729,0.833897233009,-0.129910841584,0.17320483923,0.00338336732239,1.43877637386
1495718276869329753,243,0,,-0.541268765926,-49.974937439,-0.0422037169337,0.0166615191847,0.64106464386,0.829772233963,-0.211375132203,-0.00790305901319,0.0505420602858,1.55760502815
1495718276970837214,244,0,,-0.491599023342,-50.2090492249,-0.0595212802291,0.0285954773426,0.644006788731,0.918363571167,-0.269318640232,-0.173175647855,0.119339585304,1.62500548363
1495718277072816104,245,0,,-0.397131443024,-50.1393051147,-0.0804656669497,0.0336119756103,0.650335013866,1.15564453602,-0.208109721541,-0.209443822503,0.0501649938524,1.70120537281
1495718277170656968,246,0,,-0.347357302904,-50.361656189,-0.0696576610208,0.0347768478096,0.650517404079,1.44141876698,-0.118352822959,0.108079999685,0.0116487117484,1.77569568157
1495718277273045477,247,0,,-0.237895846367,-50.2531509399,-0.048839379102,0.021623948589,0.66349864006,1.53849124908,-0.0924887359142,0.208182871342,-0.131528988481,1.90535783768
1495718277307970589,248,0,,-0.15989652276,-50.4688491821,-0.0384430214763,0.0114242434502,0.672708809376,1.19429087639,-0.156762763858,0.103963568807,-0.101997055113,2.04600906372
1495718277361221564,249,0,,-0.111491598189,-50.6691017151,-0.0584626384079,0.00329635362141,0.681443274021,0.911683082581,-0.194400936365,-0.200196161866,-0.0812788978219,2.22193288803
1495718277380500133,250,0,,-0.044131077826,-50.6047172546,-0.0776368752122,0.0017210127553,0.691283285618,0.919923663139,-0.148314639926,-0.191742405295,-0.0157534070313,2.4120464325
1495718277490102897,251,0,,-0.0298570711166,-50.837890625,-0.072511613369,-0.000188039557543,0.691684305668,0.539239227772,0.00700163375586,0.0512526705861,-0.0190905239433,2.61656284332
1495718277571686526,252,0,,0.0039458796382,-50.7892799377,-0.0274106897414,0.00545424316078,0.704241394997,0.592058420181,-0.00272304471582,0.451009213924,0.0564228259027,2.76068902016
1495718277671430216,253,0,,0.0475342907012,-50.7232398987,-0.00496659521013,0.0214402396232,0.710466980934,0.79129588604,0.0032268341165,0.224440947175,0.159859970212,2.79102063179
1495718277779528669,254,0,,0.0384805239737,-50.9843978882,-0.0118112657219,0.0277709681541,0.714564919472,0.525846481323,-0.119069494307,-0.0684467032552,0.0633072853088,2.81431460381
1495718277884581413,255,0,,0.0785989686847,-51.2381706238,-0.0433548688889,0.0329100973904,0.71463739872,0.314334124327,-0.0853733569384,-0.315436035395,0.0513912886381,2.82807612419
1495718277981615959,256,0,,0.111797466874,-51.1995925903,-0.0515175238252,0.0285664983094,0.729573249817,0.503697454929,-0.0729369744658,-0.081626534462,-0.0434359870851,2.89356970787
1495718278089146882,257,0,,0.187975376844,-51.4607315063,-0.0345523916185,0.0340200327337,0.738055109978,0.958275020123,-0.110396519303,0.169651314616,0.0545353554189,2.904327631
1495718278188069098,258,0,,0.275415807962,-51.6400489807,-0.0339053533971,0.0382656008005,0.738152623177,1.30359733105,-0.127501904964,0.00647035147995,0.0424556583166,2.89316964149
1495718278292742884,259,0,,0.368747055531,-51.7861289978,-0.042848624289,0.0391599722207,0.75287348032,1.22677028179,-0.248005583882,-0.0894326865673,0.00894372351468,2.8875412941
1495718278305406226,260,0,,0.456760972738,-51.6750526428,-0.0675791352987,0.029711117968,0.761602163315,1.40406882763,-0.192342549562,-0.247305110097,-0.0944885537028,2.83984851837
1495718278355878985,261,0,,0.538742125034,-51.5720863342,-0.0489067398012,0.000609195034485,0.770543932915,1.30539083481,-0.168190643191,0.186723932624,-0.291019231081,2.64923644066
1495718278388487462,262,0,,0.614990115166,-51.4758338928,-0.0222240313888,-0.0107729574665,0.778621792793,1.21993410587,-0.140001773834,0.266827106476,-0.113821521401,2.44570732117
1495718278481150851,263,0,,0.681807518005,-51.3932991028,-0.00897064059973,-0.0184021238238,0.785742998123,1.05580174923,-0.113673262298,0.13253390789,-0.0762916579843,2.18873620033
1495718278582180179,264,0,,0.689354717731,-51.729057312,-0.00445727305487,-0.022068945691,0.782043397427,0.83490729332,0.020282715559,0.0451336801052,-0.0366682261229,1.92139053345
1495718278681074459,265,0,,0.754796922207,-52.0021972656,0.002305918606,0.0214255545288,0.79612082243,0.659934043884,-0.0787870138884,0.0676319152117,0.434945017099,1.92140471935
1495718278781004205,266,0,,0.784939646721,-52.2732810974,-0.00873960368335,-0.00287998095155,0.791233241558,0.175306513906,-0.148174419999,-0.110455222428,-0.243055358529,1.65059387684
1495718278886334290,267,0,,0.792866051197,-52.5644454956,-0.0170364212245,-0.0198460910469,0.794988870621,0.214364141226,-0.159074142575,-0.0829681754112,-0.169661104679,1.40596818924
1495718278981460074,268,0,,0.802698373795,-52.8093566895,-0.0178164374083,-0.0234077423811,0.773327708244,0.23802177608,-0.167773231864,-0.00780016602948,-0.0356165207922,1.17088592052
1495718279084051681,269,0,,0.821754097939,-53.0212287903,-0.0577801987529,-0.00550359115005,0.763670146465,0.363651752472,-0.141246527433,-0.39963760972,0.179041519761,1.36955523491
1495718279181890170,270,0,,0.843845367432,-53.0154762268,-0.0338504463434,-0.0136685594916,0.73973685503,0.185181945562,-0.133475586772,0.239297524095,-0.0816496834159,1.1548615694
1495718279290129703,271,0,,0.844142198563,-53.249080658,-0.00492922402918,-0.0203616525978,0.719327032566,0.141478270292,-0.126603856683,0.289212197065,-0.0669309422374,0.920832037926
1495718279305977458,272,0,,0.849572181702,-53.2577323914,0.00173184694722,-0.0221414584666,0.694249987602,-0.0229701139033,-0.0995217785239,0.0666107088327,-0.0177980493754,0.680342435837
1495718279352747023,273,0,,0.833320558071,-53.4811286926,0.00122832215857,-0.0216754507273,0.674813389778,-0.00591560732573,-0.0972172170877,-0.00503524765372,0.00466006901115,0.447365880013
1495718279387771798,274,0,,0.825636148453,-53.4982147217,-0.000293730088742,-0.0211568679661,0.658884048462,-0.168600425124,-0.0816793143749,-0.0152205228806,0.00518583832309,0.22201859951
1495718279479436178,275,0,,0.831944227219,-53.6901741028,-0.0161143895239,0.0214050170034,0.64180791378,0.269294381142,-0.0771803855896,-0.158206596971,0.425618827343,0.263245522976
1495718279580658687,276,0,,0.834572255611,-53.8555145264,-0.0122945988551,-0.00259432452731,0.615413427353,0.213932007551,-0.0868276283145,0.0381979122758,-0.239993408322,0.0467935875058
1495718279681524237,277,0,,0.835051476955,-54.0104179382,0.0047082491219,-0.019696360454,0.590969383717,0.165354043245,-0.0875591188669,0.170028477907,-0.171020358801,-0.164785549045
1495718279783047412,278,0,,0.839024782181,-54.0163078308,0.0115357041359,-0.023506777361,0.56551772356,0.00287335109897,-0.0710002854466,0.0682745501399,-0.0381041578948,-0.380522280931
1495718279882309756,279,0,,0.821587741375,-54.184841156,0.0115560870618,-0.0223827306181,0.540788114071,0.0184472240508,-0.0691401138902,0.000203832925763,0.0112404627725,-0.592445611954
1495718280003856776,280,0,,0.811216890812,-54.1965065002,0.00958830211312,-0.0212690979242,0.52816671133,-0.144786864519,-0.0583627223969,-0.0196778550744,0.0111363297328,-0.797735869884
1495718280080975871,281,0,,0.784121215343,-54.3706932068,0.0115468436852,-0.0208481661975,0.508908867836,-0.0361886061728,-0.0646146908402,0.0195854138583,0.00420930469409,-0.997421622276
1495718280200620066,282,0,,0.768445432186,-54.5140075684,0.0122283454984,-0.0209249798208,0.489702135324,0.0275151822716,-0.0657632574439,0.00681502697989,-0.000768136233091,-1.19346284866
1495718280289432058,283,0,,0.757586419582,-54.5238761902,0.0122645655647,-0.0210477039218,0.468180030584,-0.135925844312,-0.0553223863244,0.000362193561159,-0.00122722995002,-1.38439774513
1495718280323911931,284,0,,0.73592543602,-54.6727485657,0.0148390959948,-0.0209939386696,0.445935577154,-0.0217955745757,-0.0574460141361,0.0257453024387,0.000537650310434,-1.57110786438
1495718280373741452,285,0,,0.725601732731,-54.7955703735,0.015890641138,-0.0210313964635,0.424103915691,0.047593832016,-0.0557601749897,0.0105154598132,-0.00037457596045,-1.75467121601
1495718280388128408,286,0,,0.71535462141,-54.8027915955,0.0163850542158,-0.0210802871734,0.40376919508,-0.11627393961,-0.0468827970326,0.00494413031265,-0.000488911464345,-1.93373441696
1495718280496244391,287,0,,0.698955237865,-54.9385452271,0.018650136888,-0.0210055299103,0.386886060238,0.0143218347803,-0.0519113913178,0.0226508229971,0.00074757047696,-2.10896086693
1495718280592304441,288,0,,0.694977104664,-55.0515365601,0.0187910459936,-0.0210508089513,0.369384944439,0.0958569571376,-0.0525791756809,0.0014090850018,-0.000452782463981,-2.28080105782
1495718280696144392,289,0,,0.697974801064,-55.1702804565,0.0184909403324,-0.021106749773,0.352176874876,-0.200210854411,0.0256762690842,-0.00300105870701,-0.000559410895221,-2.44776821136
1495718280793855630,290,0,,0.674054205418,-55.2704086304,0.0353947579861,-0.0208872687072,0.333468675613,-0.432072788477,0.0757976621389,0.169038191438,0.0021948039066,-2.61572527885
1495718280897198520,291,0,,0.631854712963,-55.3811950684,0.0532926358283,-0.0207991078496,0.33298510313,-0.690754055977,0.0612222030759,0.178978741169,0.000881604326423,-2.7939209938
1495718281004633062,292,0,,0.547873079777,-55.3792114258,0.0525899119675,-0.0207919646055,0.290388703346,-0.838576376438,0.0497424975038,-0.00702720694244,7.14422931196e-05,-2.97354364395
1495718281096305404,293,0,,0.485617011786,-55.504234314,0.0447844006121,-0.0206398591399,0.266810178757,-0.877944529057,-0.050662137568,-0.0780551433563,0.00152105966117,-3.14254331589
1495718281196640719,294,0,,0.383413255215,-55.5015640259,0.0210507288575,-0.0205911099911,0.24253167212,-1.0216999054,-0.0374473892152,-0.237336710095,0.000487489771331,-3.29557657242
1495718281358000345,295,0,,0.340721189976,-55.6428718567,-0.0021826531738,-0.00519933085889,0.225447893143,-0.615248322487,-0.10896217078,-0.232333824039,0.153917789459,-3.21094346046
1495718281372308379,296,0,,0.279796272516,-55.6457557678,-0.0232189465314,0.00130202691071,0.225346341729,-0.604502856731,-0.0811886712909,-0.210362926126,0.0650135800242,-3.11680793762
1495718281420291646,297,0,,0.28631785512,-55.7809753418,-0.0181364510208,0.00185333495028,0.188267782331,-0.287943601608,-0.143601864576,0.0508249402046,0.0055130799301,-3.01949214935
1495718281444127009,298,0,,0.25715470314,-55.7884902954,-0.0222263596952,0.000691106310114,0.169801399112,-0.282185405493,-0.105224072933,-0.0408990867436,-0.0116222854704,-2.92894887924
1495718281511008559,299,0,,0.228836745024,-55.7933197021,-0.0172174461186,0.000215407751966,0.150323137641,-0.275841027498,-0.0802040174603,0.0500891469419,-0.0047569856979,-2.83913111687
1495718281592866734,300,0,,0.275762677193,-55.9484825134,-0.0089296028018,0.000138480740134,0.150173142552,-0.047102291137,-0.117132924497,0.0828784257174,-0.000769270060118,-2.75764274597
1495718281721441394,301,0,,0.332028597593,-56.1061973572,-0.015296892263,-3.49939473381e-05,0.101820260286,-0.25247952342,-0.130139946938,-0.0636728927493,-0.00173474685289,-2.67963147163
1495718281794003973,302,0,,0.289344668388,-56.1094093323,-0.00394477229565,-0.0149993030354,0.0759901180863,-0.414191275835,-0.108031563461,0.113521203399,-0.149643093348,-2.81791090965
1495718281903143411,303,0,,0.299899160862,-56.26537323,0.0113234510645,-0.021500736475,0.0509837009013,-0.612333476543,-0.128535225987,0.152682229877,-0.0650143325329,-2.9615778923
1495718282004300269,304,0,,0.223937302828,-56.2552757263,0.00941027700901,-0.0220236070454,0.0246237516403,-0.760063886642,-0.0975327044725,-0.0191317386925,-0.00522871641442,-3.10718822479
1495718282104987584,305,0,,0.215907409787,-56.4010620117,0.0100410794839,-0.0210290979594,-0.000902856176253,-0.840334892273,-0.116684861481,0.0063080242835,0.00994510296732,-3.24627017975
1495718282208440194,306,0,,0.119971610606,-56.3769264221,0.00691137230024,-0.0205175708979,6.17428922653,-0.98502177,-0.0914526134729,-0.0312970764935,0.00511525664479,-3.38162994385
1495718282314153079,307,0,,0.112616725266,-56.5076751709,0.0112083833665,-0.020313968882,6.22727537155,-1.00880634785,-0.1185567379,0.042970109731,0.00203602551483,-3.51315593719
1495718282317899854,308,0,,0.00390040548518,-56.4691429138,0.00855979602784,-0.0203873794526,6.19927978516,-1.14976584911,-0.0917469337583,-0.0264858659357,-0.000734104483854,-3.64313077927
1495718282368354175,309,0,,-0.114721499383,-56.4185371399,0.0122493235394,-0.0202994011343,6.16721916199,-1.28752815723,-0.0741614699364,0.0368952676654,0.000879782077391,-3.76880931854
1495718282408883980,310,0,,-0.242041364312,-56.3548545837,0.0186090711504,-0.0202173721045,6.13547611237,-1.42234253883,-0.059403989464,0.0635974854231,0.000820294721052,-3.89566850662
1495718282500277096,311,0,,-0.376982361078,-56.2775917053,0.0234779994935,-0.0201624073088,6.1012172699,-1.55422949791,-0.0467467047274,0.04868927598,0.000549634743948,-4.02346038818
1495718282610486013,312,0,,-0.518252789974,-56.186000824,0.0264760404825,-0.0200914274901,6.06960201263,-1.68323397636,-0.0366923511028,0.0299804136157,0.000709813786671,-4.15032720566
1495718282709337690,313,0,,-0.665000915527,-56.0801086426,0.0286310091615,-0.0200014710426,6.03290653229,-1.80943048,-0.0290103778243,0.0215496793389,0.000899560400285,-4.2753200531
1495718282810853672,314,0,,-0.815528213978,-55.9588317871,0.0305250808597,-0.0199108794332,5.9955368042,-1.93288648129,-0.0230503026396,0.0189407225698,0.000905916502234,-4.39829063416
1495718282911854435,315,0,,-0.734154641628,-56.2244911194,0.0322111733258,-0.0198280196637,5.95614910126,-1.50190210342,-0.0762946978211,0.016860941425,0.000828600663226,-4.51923179626
1495718283013607528,316,0,,-0.840174674988,-56.1281509399,0.00410619471222,-0.00196761102416,5.92308616638,-1.43179631233,-0.0465191341937,-0.281049787998,0.178604081273,-4.4305229187
1495718283104344276,317,0,,-0.726341485977,-56.3991661072,-0.00820702686906,0.00304857245646,5.88836574554,-1.11329436302,-0.0958291739225,-0.12313221395,0.0501618348062,-4.31153440475
1495718283203151114,318,0,,-0.816729187965,-56.3112754822,0.00562100857496,-0.0128748426214,5.88777208328,-1.25809860229,-0.0815367177129,0.13828034699,-0.159234151244,-4.41289377213
1495718283302205400,319,0,,-0.7132345438,-56.5501213074,0.0229596085846,-0.02067396231,5.82214069366,-1.10573327541,-0.11895044148,0.173385992646,-0.0779911950231,-4.52278518677
1495718283319133810,320,0,,-0.794986009598,-56.4561500549,0.0175813883543,-0.0218015871942,5.82112312317,-1.24252140522,-0.0867529138923,-0.0537821911275,-0.0112762507051,-4.63487577438
1495718283369590925,321,0,,-0.882209777832,-56.3492889404,0.0162986759096,-0.0208226535469,5.75619029999,-1.37768888474,-0.0685108602047,-0.0128271207213,0.00978933833539,-4.73858118057
1495718283403462830,322,0,,-0.967042565346,-56.2241783142,0.0212334804237,-0.0201530121267,5.7228140831,-1.5106317997,-0.0547321289778,0.0493480451405,0.00669640023261,-4.84178113937
1495718283504025548,323,0,,-0.817586958408,-56.4874725342,0.0268008820713,-0.0199960395694,5.68967628479,-1.23710274696,-0.110019318759,0.0556740052998,0.00156973034609,-4.94688653946
1495718283605052711,324,0,,-0.699386775494,-56.6929092407,0.016102226451,-0.0202560257167,5.6891040802,-1.09016811848,-0.143040344119,-0.106986552477,-0.00259985588491,-5.04776525497
1495718283707267036,325,0,,-0.607347428799,-56.8714256287,0.00343722314574,-0.0203518308699,5.62772369385,-0.999431669712,-0.166897535324,-0.126650035381,-0.000958049378823,-5.13541030884
1495718283805807918,326,0,,-0.663180351257,-56.7711257935,-0.00310445879586,-0.0203417632729,5.62680721283,-1.14048147202,-0.130586624146,-0.0654168203473,0.000100676246802,-5.21400260925
1495718283905744510,327,0,,-0.571004331112,-56.9498825073,0.00615347409621,-0.0202102549374,5.56990289688,-1.02048790455,-0.170521989465,0.0925793275237,0.00131507311016,-5.29239177704
1495718284002789392,328,0,,-0.619749248028,-56.8437080383,0.00363147561438,-0.0203920919448,5.54112768173,-1.16120386124,-0.128559559584,-0.0252199843526,-0.0018183683278,-5.37381982803
1495718284116038430,329,0,,-0.52402061224,-57.0187721252,0.00890619494021,-0.020297549665,5.51331710815,-1.01909780502,-0.167300224304,0.0527471899986,0.000945429666899,-5.45193099976
1495718284199372631,330,0,,-0.564724624157,-56.9094352722,0.00376173504628,-0.0204094517976,5.48626852036,-1.1598123312,-0.126234635711,-0.0514445975423,-0.00111902749632,-5.52952289581
1495718284298571279,331,0,,-0.519994616508,-57.0928764343,0.00901316106319,-0.0202730819583,5.45999765396,-1.00685274601,-0.178429216146,0.0525142587721,0.00136369047686,-5.60324239731
1495718284314259447,332,0,,-0.553742170334,-56.9823455811,0.00181890500244,-0.0204126369208,5.43536043167,-1.14785432816,-0.134169429541,-0.0719425603747,-0.00139553344343,-5.67632389069
1495718284368778880,333,0,,-0.504025638103,-57.1543960571,0.00693401088938,-0.0202687773854,5.40965414047,-0.984598696232,-0.18459521234,0.0511510558426,0.00143858988304,-5.74454879761
1495718284410645377,334,0,,-0.530867338181,-57.0441513062,0.000681036151946,-0.0204131864011,5.38627386093,-1.1260881424,-0.139041692019,-0.0625297501683,-0.00144408387132,-5.8128695488
1495718284512173442,335,0,,-0.477672994137,-57.2284622192,0.00647868867964,-0.0202818866819,5.36162614822,-0.956166505814,-0.188803419471,0.0579765215516,0.00131299183704,-5.87718343735
1495718284605645035,336,0,,-0.4978928864,-57.1195831299,0.000335356249707,-0.0204356834292,5.33907318115,-1.09827363491,-0.141989633441,-0.0614333227277,-0.00153796735685,-5.94191789627
1495718284707473207,337,0,,-0.442803025246,-57.3154182434,0.00622030626982,-0.0203022919595,5.33869409561,-0.754778325558,-0.024922920391,0.0588494986296,0.00133390852716,-6.00270605087
1495718284810070891,338,0,,-0.44684612751,-57.2253570557,0.0353915803134,-0.0203381162137,5.29660987854,-0.9012337327,-0.0235385019332,0.291712731123,-0.000358238758054,-6.07555675507
1495718284908154942,339,0,,-0.434486657381,-57.4438095093,0.0457547828555,-0.0205884166062,5.27748918533,-0.655581474304,0.0849370881915,0.103632055223,-0.00250301067717,-6.1638174057
1495718285009907895,340,0,,-0.423066794872,-57.3639450073,0.0640157163143,-0.0206305962056,5.26165962219,-0.80408346653,0.0656975209713,0.182609289885,-0.000421795004513,-6.25605201721
1495718285109576715,341,0,,-0.403710335493,-57.5933113098,0.0642401576042,-0.0207043644041,5.26132059097,-0.582277417183,-0.0383354574442,0.0022444522474,-0.000737677677535,-6.35357570648
1495718285214560945,342,0,,-0.398861557245,-57.5201950073,0.0368355289102,-0.0208571720868,5.24611282349,-0.732459068298,-0.0208898689598,-0.274046301842,-0.00152807170525,-6.43664264679
1495718285311034666,343,0,,-0.387567698956,-57.7617683411,0.0297606121749,-0.0205212384462,5.22054576874,-0.873518049717,-0.0657320320606,-0.0707491710782,0.00335933617316,-6.50114107132
1495718285320931525,344,0,,-0.376254051924,-57.9420814514,0.0261113997549,-0.0204096194357,5.21039199829,-0.980424880981,-0.0929590091109,-0.0364921241999,0.00111618987285,-6.56390190125
1495718285368378410,345,0,,-0.367827028036,-57.8459396362,0.0147505439818,-0.00598210655153,5.2007689476,-0.962895452976,-0.0655286386609,-0.113608554006,0.144275128841,-6.53379249573
1495718285422226179,346,0,,-0.358443260193,-57.7543907166,-0.00034650231828,0.00329816597514,5.19430398941,-0.919354200363,-0.0413948446512,-0.150970458984,0.0928027257323,-6.35518693924
1495718285508631860,347,0,,-0.405798733234,-58.0189285278,0.00345265842043,0.0286414157599,5.1944770813,-0.539607167244,0.0658695697784,0.0379916094244,0.253432512283,-6.15975522995
1495718285611501575,348,0,,-0.397695451975,-57.997089386,0.0256823636591,0.0407960526645,5.18412017822,-0.226232349873,0.0554990768433,0.222297042608,0.12154635787,-5.96816539764
1495718285716765660,349,0,,-0.438343554735,-58.292755127,0.0268994756043,0.0237031430006,5.18177318573,0.155770510435,0.102069281042,0.0121711175889,-0.170929089189,-5.77660036087
1495718285818758588,350,0,,-0.431500434875,-58.3086395264,0.0404115766287,0.00392029667273,5.18160390854,0.151597693563,0.0832801163197,0.135121002793,-0.197828471661,-5.6497168541
1495718285909764085,351,0,,-0.47022074461,-58.6400527954,0.0431208908558,0.0263677816838,5.18200063705,0.239207208157,-0.0318423844874,0.0270931441337,0.224474847317,-5.48422574997
1495718286021042831,352,0,,-0.472529560328,-58.6622161865,0.00719648273662,0.0105016920716,5.18272638321,0.222647547722,-0.00823532231152,-0.359244078398,-0.158660903573,-5.36454391479
1495718286111006575,353,0,,-0.511825442314,-58.979019165,0.00331850093789,0.0291037280113,5.18548202515,0.23234885931,-0.0749832764268,-0.0387798175216,0.186020359397,-5.17466068268
1495718286215628120,354,0,,-0.518071949482,-59.0319099426,-0.00845775846392,0.0393773205578,5.18814325333,0.530369818211,-0.04845630005,-0.117762595415,0.102735936642,-4.99540805817
1495718286308917567,355,0,,-0.602203965187,-59.3518867493,-0.00672950549051,0.0409298278391,5.19211673737,0.465333938599,-0.092665694654,0.0172825343907,0.0155250700191,-4.81592273712
1495718286328413831,356,0,,-0.607323586941,-59.4279785156,-0.0111233815551,0.0398983582854,5.19240045547,0.759997963905,-0.0630281120539,-0.0439387634397,-0.0103147001937,-4.64169216156
1495718286369231871,357,0,,-0.608253896236,-59.5329742432,-0.00717729702592,0.0391630455852,5.20414495468,1.04910433292,-0.0439160764217,0.0394608490169,-0.00735313119367,-4.47035169601
1495718286412525505,358,0,,-0.602920532227,-59.6660919189,-0.000634481257293,0.0388237424195,5.21234130859,1.3319491148,-0.0278130657971,0.065428160131,-0.00339301652275,-4.30833911896
1495718286526504314,359,0,,-0.669826686382,-60.0087356567,0.00366567773744,0.0386261790991,5.22164535522,0.984533727169,-0.0709333717823,0.043001588434,-0.00197565183043,-4.15463352203
1495718286617505621,360,0,,-0.660498738289,-60.1353492737,-0.00620452268049,0.0386895947158,5.22196960449,1.2687432766,-0.0449821837246,-0.098702006042,0.000634184922092,-4.00275754929
1495718286716848911,361,0,,-0.713630199432,-60.4300613403,-0.00649261381477,0.0387740693986,5.23260974884,0.969165563583,-0.0870352163911,-0.00288091227412,0.000844740483444,-3.84897708893
1495718286815476606,362,0,,-0.700774848461,-60.5549049377,-0.0128402123228,0.0388371683657,5.25420856476,1.25362575054,-0.0599043928087,-0.0634759888053,0.00063099397812,-3.69863677025
1495718286911012358,363,0,,-0.739909529686,-60.8075752258,-0.00998491607606,0.0388159565628,5.26708602905,0.970076978207,-0.0981664955616,0.0285529643297,-0.000212134968024,-3.54993319511
1495718287022297809,364,0,,-0.72381734848,-60.9121780396,-0.0196975320578,0.0207817442715,5.27993869781,1.05621099472,-0.0668107569218,-0.0971261635423,-0.180342122912,-3.38880562782
1495718287119404012,365,0,,-0.763062357903,-61.0997962952,-0.00910290610045,0.00261651468463,5.29438447952,0.614245355129,-0.101339295506,0.10594625771,-0.181652292609,-3.28948879242
1495718287219259517,366,0,,-0.745652794838,-61.190284729,-0.00789218489081,0.0260677449405,5.30875396729,0.918763935566,-0.0707092508674,0.0121072130278,0.234512299299,-3.15112876892
1495718287318240261,367,0,,-0.771782040596,-61.372882843,-0.0129900733009,0.0389714203775,5.32268857956,0.757900178432,-0.090175896883,-0.0509788878262,0.129036739469,-3.02014064789
1495718287328882256,368,0,,-0.744916439056,-61.4739456177,-0.0197179764509,0.0410232879221,5.3375711441,1.04374289513,-0.064520701766,-0.0672790333629,0.0205186810344,-2.88741374016
1495718287401368010,369,0,,-0.715393304825,-61.5708312988,-0.0140266679227,0.0113330995664,5.33787870407,1.01163649559,-0.0496217794716,0.0569130927324,-0.296901881695,-2.80391120911
1495718287420654821,370,0,,-0.672931611538,-61.6946563721,0.000459505070467,0.0266163554043,5.37395620346,1.30850982666,-0.0358002595603,0.144861727953,0.152832552791,-2.67777895927
1495718287517067430,371,0,,-0.689715504646,-61.8569984436,-0.00094811595045,0.0375893414021,5.39518785477,1.07598412037,0.0756938531995,-0.0140762096271,0.109729848802,-2.56723976135
1495718287624503089,372,0,,-0.627105712891,-61.9773864746,0.0167498942465,0.0402940027416,5.41631746292,1.35567104816,0.0583835802972,0.176980108023,0.0270466282964,-2.46255946159
1495718287721303946,373,0,,-0.645834088326,-62.0944137573,0.0216025430709,0.0108935134485,5.43791437149,0.931415200233,0.125421240926,0.048526480794,-0.294004887342,-2.41833615303
1495718287821670201,374,0,,-0.59431040287,-62.1707763672,0.0396994501352,-0.00192870700266,5.45761299133,0.916075706482,0.0969937220216,0.180969059467,-0.128222212195,-2.37455368042
1495718287918793236,375,0,,-0.612384915352,-62.2702484131,0.0378341451287,0.0254069231451,5.47679758072,0.878350496292,0.153712823987,-0.0186530407518,0.273356318474,-2.29299116135
1495718288017089116,376,0,,-0.541831254959,-62.3632545471,0.034665863961,0.039425894618,5.47715425491,1.16083168983,0.1236153543,-0.0316828079522,0.140189707279,-2.21524548531
1495718288117879028,377,0,,-0.498381316662,-62.4712142944,0.0278215575963,0.0411022230983,5.52778291702,1.06304705143,0.170123115182,-0.0684430599213,0.0167632829398,-2.13566446304
1495718288223009086,378,0,,-0.410591810942,-62.5739059448,0.0372954010963,0.0398061797023,5.52855730057,1.34458971024,0.13168938458,0.0947384238243,-0.0129604488611,-2.05701494217
1495718288329870161,379,0,,-0.330872654915,-62.655620575,0.0380374677479,0.013166770339,5.57856273651,1.00264358521,0.182536661625,0.00742068840191,-0.266394078732,-2.05113744736
1495718288351356064,380,0,,-0.257279068232,-62.7272872925,0.0524937845767,0.00210410449654,5.60682868958,1.01761949062,0.140166148543,0.144563168287,-0.110626660287,-2.04381012917
1495718288385276998,381,0,,-0.164063632488,-62.8203125,0.0453494042158,0.0267461966723,5.63051462173,1.31160581112,0.118029490113,-0.071443811059,0.246420934796,-1.97755277157
1495718288417072731,382,0,,-0.0513189658523,-62.932144165,0.0254395231605,0.0391176827252,5.65805959702,1.58497130871,0.0983568578959,-0.199098825455,0.123714864254,-1.90646648407
1495718288517870465,383,0,,0.0145106296986,-62.9945487976,0.0157988984138,0.0406694710255,5.65853261948,1.56022465229,0.125699132681,-0.0964062362909,0.0155178811401,-1.82476091385
1495718288618556174,384,0,,0.149075970054,-63.1190872192,0.0251305997372,0.0394588038325,5.68263721466,1.83101117611,0.0961759835482,0.0933170095086,-0.0121066719294,-1.74558150768
1495718288728992145,385,0,,0.187452286482,-63.1631889343,0.0263222157955,0.00986408814788,5.71323442459,1.52111959457,0.118505112827,0.0119161587209,-0.295947164297,-1.722412467
1495718288821938531,386,0,,0.327796399593,-63.2774124146,0.035242728889,0.0259697232395,5.77740383148,1.80712175369,0.0934142395854,0.0892051383853,0.161056354642,-1.64856255054
1495718288927968006,387,0,,0.427174299955,-63.3177642822,0.0247348044068,0.0372799709439,5.8101682663,1.63735985756,0.167679205537,-0.105079255998,0.11310248822,-1.58404994011
1495718289017950398,388,0,,0.58918595314,-63.4187469482,0.0328089557588,0.0399994552135,5.84832668304,1.9047358036,0.128515064716,0.0807415172458,0.0271948110312,-1.517329216
1495718289129221741,389,0,,0.669621646404,-63.4384346008,0.0317793004215,0.039103616029,5.8489112854,1.83666098118,0.0200073290616,-0.0102965459228,-0.00895838532597,-1.45720660686
1495718289221684756,390,0,,0.84759914875,-63.5503501892,0.00629458250478,0.0382511280477,5.91956233978,2.10226464272,0.0246488824487,-0.254847198725,-0.00852488633245,-1.38794291019
1495718289329773501,391,0,,0.940813422203,-63.5557823181,-0.00232107378542,0.00965898483992,5.96407270432,1.43238961697,0.114773884416,-0.0861565619707,-0.285921424627,-1.35226869583
1495718289344323186,392,0,,1.07088077068,-63.6098327637,0.0281559303403,-0.00220682797953,6.00638866425,1.40619218349,0.0808631852269,0.304770022631,-0.118658132851,-1.32185554504
1495718289378897625,393,0,,1.22940576077,-63.6696395874,0.0342269353569,0.0252086464316,6.04124069214,1.69278216362,0.0719934552908,0.0607100538909,0.274154752493,-1.26464045048
1495718289428548282,394,0,,1.38504493237,-63.7227859497,0.0170288961381,0.0103524308652,6.08421421051,1.64341783524,0.0631876811385,-0.171980381012,-0.148562163115,-1.25546181202
1495718289674448896,395,0,,1.36626911163,-63.6509208679,0.0139020625502,-0.000100920173281,6.09670639038,0.864162147045,0.0466874241829,-0.0312683396041,-0.104533515871,-1.2296705246
1495718289677493138,396,0,,1.47832238674,-63.6818733215,0.0145741300657,0.026480935514,6.12154006958,1.16188097,0.0380772911012,0.00672067189589,0.265818566084,-1.15813493729
1495718289722490759,397,0,,1.58739125729,-63.7092819214,0.00617555947974,0.0109166214243,6.1937713623,1.12410664558,0.0331827290356,-0.0839857012033,-0.155643135309,-1.14051759243
1495718289824141744,398,0,,1.72668814659,-63.7343292236,0.00871647056192,0.0286753308028,6.21600341797,1.41507446766,0.0256555043161,0.0254091061652,0.177587091923,-1.06619739532
1495718289932504407,399,0,,1.89348888397,-63.7600135803,0.00397293781862,0.0385576337576,0.082120321691,1.68749392033,0.0243195556104,-0.0474353246391,0.0988230258226,-1.00022149086
1495718290023692819,400,0,,2.05748271942,-63.7606658936,0.00130110536702,0.0114966500551,0.031692173332,1.6398345232,0.0194805823267,-0.0267183221877,-0.27060982585,-0.979714989662
1495718290124034489,401,0,,2.24946331978,-63.7704963684,0.00828247051686,0.0267879925668,0.114165760577,1.92226099968,0.0151992505416,0.0698136538267,0.152913436294,-0.907511532307
1495718290228226510,402,0,,2.46777510643,-63.7623023987,0.00318337301724,0.0373788289726,0.166176632047,2.18458580971,0.0172478985041,-0.0509909763932,0.105908341706,-0.845587670803
1495718290312154012,403,0,,2.7107026577,-63.7392845154,-0.00122667371761,0.0395587980747,0.230628013611,2.44010806084,0.0154605470598,-0.0441004671156,0.0217997264117,-0.780394434929
1495718290331020866,404,0,,2.97626328468,-63.6953430176,-0.000997351598926,0.0387556441128,0.288487374783,2.69168281555,0.0130131850019,0.00229322165251,-0.00803155545145,-0.714824795723
1495718290390848726,405,0,,3.26256775856,-63.6291007996,0.000267326686298,0.0379224717617,0.354666084051,2.93865942955,0.0119709651917,0.0126467831433,-0.0083317104727,-0.651846170425
1495718290422041868,406,0,,3.53688240051,-63.5459365845,0.000786076067016,0.00904265698045,0.41650608182,2.86641597748,0.0102230403572,0.00518749421462,-0.2887981534,-0.638758778572
1495718290529364175,407,0,,3.80008554459,-63.4478187561,0.00716528343037,-0.00329036638141,0.482571572065,2.80896162987,0.00725448224694,0.0637920722365,-0.123330235481,-0.622584223747
1495718290627288709,408,0,,4.07879829407,-63.3202400208,0.00739596085623,0.0243299305439,0.550131797791,3.06522727013,0.00930448714644,0.00230677332729,0.276202976704,-0.563367247581
1495718290739685963,409,0,,4.36794233322,-63.1611976624,-0.00279521383345,0.0381096154451,0.619716465473,3.29996728897,0.0117787765339,-0.101911745965,0.137796834111,-0.508187294006
1495718290836782947,410,0,,4.66369867325,-62.968460083,-0.00604319060221,0.0397867411375,0.689275145531,3.53012442589,0.00919642299414,-0.0324797667563,0.0167712625116,-0.447722822428
1495718290937348668,411,0,,4.96231555939,-62.740322113,-0.00332785397768,0.0382415689528,0.758133232594,3.75791025162,0.00741938827559,0.027153365314,-0.0154517330229,-0.388576477766
1495718291038383723,412,0,,5.25989627838,-62.4757537842,-0.00116065435577,0.0371566824615,0.82656955719,3.9818315506,0.00764042185619,0.0216719955206,-0.0108488453552,-0.333135128021
1495718291134320434,413,0,,5.5524187088,-62.1742362976,-0.00122107437346,0.0368137732148,0.893750369549,4.20096349716,0.00815667584538,-0.000604199653026,-0.00342910573818,-0.279730051756
1495718291240805763,414,0,,5.83615016937,-61.8359527588,-0.002049226081,0.0367442294955,0.961874842644,4.41518831253,0.00810811854899,-0.00828151684254,-0.000695434049703,-0.227103188634
1495718291315308044,415,0,,6.10665607452,-61.460849762,-0.00256457435898,0.0366756506264,1.03024327755,4.62467050552,0.00772915733978,-0.00515348417684,-0.00068577384809,-0.175292775035
1495718291338093204,416,0,,6.35970640182,-61.0494918823,-0.0027426474262,0.036559317261,1.09814548492,4.82957983017,0.00736695947126,-0.00178073067218,-0.00116334448103,-0.124648116529
1495718291374676069,417,0,,6.59143304825,-60.6030464172,-0.00286488491111,0.0364223606884,1.16750741005,5.03003883362,0.00709555996582,-0.00122237449978,-0.00136956467759,-0.0752670615911
1495718291437860151,418,0,,6.79720163345,-60.1226425171,-0.00304925255477,0.0362873114645,1.2352181673,5.22614240646,0.00685309991241,-0.0018436757382,-0.00135050446261,-0.0270688384771
1495718291540001631,419,0,,6.97397565842,-59.6104927063,-0.00326968869194,0.0361593402922,1.30278503895,5.41798019409,0.00659773452207,-0.00220436183736,-0.00127970217727,0.0200278423727
1495718291639322222,420,0,,7.11823558807,-59.0688095093,-0.00348592107184,0.0360361784697,1.3037405014,5.6056432724,0.00633043097332,-0.00216232333332,-0.00123162940145,0.0660570710897
1495718291737961861,421,0,,7.26421308517,-58.5085945129,-0.00368860759772,0.0359156951308,1.42651665211,5.78922176361,0.00606324290857,-0.00202686572447,-0.00120480696205,0.111033834517
1495718291839647068,422,0,,7.34029245377,-57.9165802002,-0.00388393760659,0.0357974208891,1.48757398129,5.96880578995,0.00580140622333,-0.00195330101997,-0.0011827693088,0.154976978898
1495718291939085551,423,0,,7.37868833542,-57.3033332825,-0.00407645339146,0.035681553185,1.55079448223,6.14448213577,0.00554454978555,-0.00192515784875,-0.00115868076682,0.19791097939
