%time,field.DevID,field.MsgID,field.Data,field.Time
1495718257000946350,10,5,136,1495718257.0
1495718257001609702,10,3,-110,1495718257.0
1495718257045993140,10,5,136,1495718257.04
1495718257046047756,10,3,103,1495718257.04
1495718257097560242,10,5,136,1495718257.09
1495718257097741829,10,3,124,1495718257.09
1495718257145949077,10,5,-113,1495718257.14
1495718257146001667,10,3,136,1495718257.14
1495718257196742687,10,5,-111,1495718257.19
1495718257196933633,10,3,136,1495718257.19
1495718257244782525,10,5,-156,1495718257.24
1495718257245193192,10,3,136,1495718257.24
1495718257295081728,10,5,-155,1495718257.29
1495718257295277563,10,3,136,1495718257.29
1495718257345613294,10,5,-153,1495718257.34
1495718257345983802,10,3,136,1495718257.34
1495718257397614460,10,5,84,1495718257.4
1495718257397813996,10,3,136,1495718257.4
1495718257443999339,10,5,95,1495718257.44
1495718257444397923,10,3,136,1495718257.44
1495718257494171431,10,5,84,1495718257.49
1495718257494579933,10,3,136,1495718257.49
1495718257543985936,10,5,136,1495718257.54
1495718257544399117,10,3,136,1495718257.54
1495718257594000536,10,5,136,1495718257.59
1495718257594436416,10,3,136,1495718257.59
1495718257644028686,10,5,136,1495718257.64
1495718257644806089,10,3,136,1495718257.64
1495718257694216562,10,5,136,1495718257.69
1495718257694622759,10,3,136,1495718257.69
1495718257744270414,10,5,-131,1495718257.74
1495718257744595664,10,3,136,1495718257.74
1495718257794378322,10,5,-133,1495718257.79
1495718257795068354,10,3,136,1495718257.79
1495718257845299392,10,5,-177,1495718257.84
1495718257845931735,10,3,136,1495718257.84
1495718257895093504,10,5,-177,1495718257.89
1495718257895312456,10,3,136,1495718257.89
1495718257944972123,10,5,-177,1495718257.94
1495718257945353806,10,3,136,1495718257.94
1495718257995600279,10,5,-177,1495718257.99
1495718257995986711,10,3,136,1495718257.99
1495718258043978917,10,5,-168,1495718258.04
1495718258044313666,10,3,136,1495718258.04
1495718258094254095,10,5,-166,1495718258.09
1495718258094452235,10,3,136,1495718258.09
1495718258144061267,10,5,85,1495718258.14
1495718258144407121,10,3,136,1495718258.14
1495718258194313467,10,5,86,1495718258.19
1495718258194912775,10,3,136,1495718258.19
1495718258245496931,10,5,-130,1495718258.24
1495718258246092398,10,3,136,1495718258.24
1495718258294560084,10,5,-137,1495718258.29
1495718258294615049,10,3,136,1495718258.29
1495718258344011763,10,5,-157,1495718258.34
1495718258344364043,10,3,136,1495718258.34
1495718258397725298,10,5,-177,1495718258.39
1495718258398130168,10,3,136,1495718258.39
1495718258444503663,10,5,-177,1495718258.44
1495718258445347834,10,3,136,1495718258.44
1495718258494131342,10,5,-177,1495718258.49
1495718258494812225,10,3,136,1495718258.49
1495718258544803847,10,5,-177,1495718258.54
1495718258545464616,10,3,136,1495718258.54
1495718258595474327,10,5,-177,1495718258.59
1495718258596063299,10,3,136,1495718258.59
1495718258645251397,10,5,-177,1495718258.64
1495718258646093264,10,3,136,1495718258.64
1495718258695258385,10,5,-177,1495718258.69
1495718258696142995,10,3,136,1495718258.69
1495718258745034757,10,5,-177,1495718258.74
1495718258745327811,10,3,136,1495718258.74
1495718258797265910,10,5,-177,1495718258.79
1495718258797588646,10,3,136,1495718258.79
1495718258845447456,10,5,-113,1495718258.84
1495718258845879634,10,3,136,1495718258.84
1495718258895012418,10,5,-98,1495718258.89
1495718258897258933,10,3,136,1495718258.89
1495718258945372733,10,5,74,1495718258.94
1495718258945987406,10,3,136,1495718258.94
1495718258997603606,10,5,77,1495718258.99
1495718258998636419,10,3,136,1495718258.99
1495718259045200930,10,5,-120,1495718259.04
1495718259045774606,10,3,136,1495718259.04
1495718259095079340,10,5,-116,1495718259.09
1495718259095737943,10,3,136,1495718259.09
1495718259144885045,10,5,-110,1495718259.14
1495718259145327140,10,3,136,1495718259.14
1495718259194991137,10,5,-105,1495718259.19
1495718259195602318,10,3,136,1495718259.19
1495718259245424017,10,5,-177,1495718259.24
1495718259246206309,10,3,136,1495718259.24
1495718259294844268,10,5,-177,1495718259.29
1495718259295092065,10,3,136,1495718259.29
1495718259344891065,10,5,-159,1495718259.34
1495718259345227421,10,3,136,1495718259.34
1495718259394967824,10,5,84,1495718259.39
1495718259395298243,10,3,136,1495718259.39
1495718259444833802,10,5,-121,1495718259.44
1495718259445485421,10,3,136,1495718259.44
1495718259494716542,10,5,-141,1495718259.49
1495718259494919990,10,3,136,1495718259.49
1495718259544912451,10,5,90,1495718259.54
1495718259545471111,10,3,136,1495718259.54
1495718259594869083,10,5,101,1495718259.59
1495718259595057235,10,3,136,1495718259.59
1495718259643969810,10,5,133,1495718259.64
1495718259644578546,10,3,136,1495718259.64
1495718259695413782,10,5,133,1495718259.69
1495718259696006664,10,3,136,1495718259.69
1495718259744904363,10,5,136,1495718259.74
1495718259745560033,10,3,136,1495718259.74
1495718259794819998,10,5,136,1495718259.79
1495718259795419725,10,3,136,1495718259.79
1495718259844897106,10,5,136,1495718259.84
1495718259845645665,10,3,136,1495718259.84
1495718259893997415,10,5,136,1495718259.89
1495718259894052380,10,3,136,1495718259.89
1495718259944000212,10,5,115,1495718259.94
1495718259944372466,10,3,136,1495718259.94
1495718259994271828,10,5,111,1495718259.99
1495718259994613142,10,3,136,1495718259.99
1495718260044812333,10,5,-155,1495718260.04
1495718260045452987,10,3,136,1495718260.04
1495718260094981981,10,5,-159,1495718260.09
1495718260102044262,10,3,136,1495718260.09
1495718260145015648,10,5,136,1495718260.14
1495718260145752055,10,3,136,1495718260.14
1495718260195117690,10,5,136,1495718260.19
1495718260195488896,10,3,136,1495718260.19
1495718260244937852,10,5,136,1495718260.24
1495718260245657217,10,3,136,1495718260.24
1495718260294950566,10,5,136,1495718260.29
1495718260295345030,10,3,136,1495718260.29
1495718260344991078,10,5,136,1495718260.34
1495718260345392316,10,3,136,1495718260.34
1495718260394029227,10,5,136,1495718260.39
1495718260394225621,10,3,136,1495718260.39
1495718260445012387,10,5,136,1495718260.44
1495718260445704374,10,3,136,1495718260.44
1495718260494950301,10,5,136,1495718260.49
1495718260495314104,10,3,136,1495718260.49
1495718260544957708,10,5,136,1495718260.54
1495718260545339879,10,3,136,1495718260.54
1495718260595039705,10,5,136,1495718260.59
1495718260595418873,10,3,136,1495718260.59
1495718260643932654,10,5,136,1495718260.64
1495718260644583086,10,3,136,1495718260.64
1495718260695559401,10,5,136,1495718260.69
1495718260695898690,10,3,136,1495718260.69
1495718260745350369,10,5,136,1495718260.74
1495718260745609830,10,3,136,1495718260.74
1495718260794386424,10,5,136,1495718260.79
1495718260795083719,10,3,136,1495718260.79
1495718260844904929,10,5,136,1495718260.84
1495718260845582948,10,3,136,1495718260.84
1495718260894895923,10,5,136,1495718260.89
1495718260895152380,10,3,136,1495718260.89
1495718260944915621,10,5,136,1495718260.94
1495718260945576390,10,3,136,1495718260.94
1495718260994895022,10,5,136,1495718260.99
1495718260995585543,10,3,136,1495718260.99
1495718261044946778,10,5,136,1495718261.04
1495718261045665794,10,3,136,1495718261.04
1495718261094515860,10,5,136,1495718261.09
1495718261095212876,10,3,136,1495718261.09
1495718261144029000,10,5,136,1495718261.14
1495718261144085432,10,3,136,1495718261.14
1495718261194183144,10,5,136,1495718261.19
1495718261194799283,10,3,136,1495718261.19
1495718261244941903,10,5,136,1495718261.24
1495718261245717490,10,3,136,1495718261.24
1495718261295892306,10,5,136,1495718261.29
1495718261296559919,10,3,136,1495718261.29
1495718261344956995,10,5,136,1495718261.34
1495718261345767294,10,3,136,1495718261.34
1495718261395023767,10,5,136,1495718261.39
1495718261395366688,10,3,136,1495718261.39
1495718261444951275,10,5,136,1495718261.44
1495718261445639910,10,3,136,1495718261.44
1495718261494877247,10,5,136,1495718261.49
1495718261495401266,10,3,136,1495718261.49
1495718261544924673,10,5,136,1495718261.54
1495718261545580762,10,3,136,1495718261.54
1495718261594968187,10,5,136,1495718261.59
1495718261595568334,10,3,136,1495718261.59
1495718261646232458,10,5,136,1495718261.64
1495718261646855931,10,3,136,1495718261.64
1495718261694023312,10,5,136,1495718261.69
1495718261694626671,10,3,136,1495718261.69
1495718261744183880,10,5,136,1495718261.74
1495718261744786680,10,3,136,1495718261.74
1495718261795091960,10,5,136,1495718261.79
1495718261795687217,10,3,136,1495718261.79
1495718261844951792,10,5,136,1495718261.84
1495718261845648948,10,3,136,1495718261.84
1495718261894837954,10,5,136,1495718261.89
1495718261895218240,10,3,136,1495718261.89
1495718261943971647,10,5,136,1495718261.94
1495718261944029475,10,3,136,1495718261.94
1495718261994071523,10,5,136,1495718261.99
1495718261994414653,10,3,136,1495718261.99
1495718262044223082,10,5,136,1495718262.04
1495718262044867647,10,3,136,1495718262.04
1495718262095022768,10,5,136,1495718262.09
1495718262095270705,10,3,136,1495718262.09
1495718262145376239,10,5,136,1495718262.14
1495718262145721185,10,3,136,1495718262.14
1495718262194801239,10,5,136,1495718262.19
1495718262195058744,10,3,136,1495718262.19
1495718262245021871,10,5,136,1495718262.24
1495718262245781046,10,3,136,1495718262.24
1495718262295090040,10,5,136,1495718262.29
1495718262295874357,10,3,136,1495718262.29
1495718262345851872,10,5,136,1495718262.34
1495718262346335453,10,3,136,1495718262.34
1495718262395371996,10,5,136,1495718262.39
1495718262395670986,10,3,136,1495718262.39
1495718262445843707,10,5,136,1495718262.44
1495718262446165257,10,3,136,1495718262.44
1495718262494987247,10,5,136,1495718262.49
1495718262495431996,10,3,136,1495718262.49
1495718262544940667,10,5,136,1495718262.54
1495718262545651721,10,3,136,1495718262.54
1495718262595306988,10,5,136,1495718262.59
1495718262596028588,10,3,136,1495718262.59
1495718262645606820,10,5,136,1495718262.64
1495718262645812363,10,3,136,1495718262.64
1495718262695333814,10,5,136,1495718262.69
1495718262695780309,10,3,136,1495718262.69
1495718262745157817,10,5,136,1495718262.74
1495718262745423284,10,3,136,1495718262.74
1495718262795316849,10,5,136,1495718262.79
1495718262795932989,10,3,136,1495718262.79
1495718262845212789,10,5,136,1495718262.84
1495718262845647691,10,3,136,1495718262.84
1495718262895220755,10,5,136,1495718262.89
1495718262895596012,10,3,136,1495718262.89
1495718262944957596,10,5,136,1495718262.94
1495718262945248695,10,3,136,1495718262.94
1495718262994839149,10,5,136,1495718262.99
1495718262995435314,10,3,136,1495718262.99
1495718263044948454,10,5,136,1495718263.04
1495718263045339565,10,3,136,1495718263.04
1495718263094008533,10,5,136,1495718263.09
1495718263094617130,10,3,136,1495718263.09
1495718263144127756,10,5,136,1495718263.14
1495718263144296283,10,3,136,1495718263.14
1495718263194924439,10,5,136,1495718263.19
1495718263195520325,10,3,136,1495718263.19
1495718263243993388,10,5,136,1495718263.24
1495718263244048772,10,3,136,1495718263.24
1495718263294930662,10,5,136,1495718263.29
1495718263294978713,10,3,136,1495718263.29
1495718263344269897,10,5,136,1495718263.34
1495718263344500722,10,3,136,1495718263.34
1495718263394259913,10,5,136,1495718263.39
1495718263394946104,10,3,136,1495718263.39
1495718263444290996,10,5,136,1495718263.44
1495718263444546475,10,3,136,1495718263.44
1495718263494013241,10,5,136,1495718263.49
1495718263494071838,10,3,136,1495718263.49
1495718263544820121,10,5,136,1495718263.54
1495718263545222895,10,3,136,1495718263.54
1495718263594910848,10,5,136,1495718263.59
1495718263595506035,10,3,136,1495718263.59
1495718263644998432,10,5,136,1495718263.64
1495718263645423626,10,3,136,1495718263.64
1495718263694846182,10,5,136,1495718263.69
1495718263695212150,10,3,136,1495718263.69
1495718263745019741,10,5,136,1495718263.74
1495718263745435017,10,3,136,1495718263.74
1495718263794842348,10,5,136,1495718263.79
1495718263795177865,10,3,136,1495718263.79
1495718263844952491,10,5,136,1495718263.84
1495718263845607881,10,3,136,1495718263.84
1495718263894128507,10,5,136,1495718263.89
1495718263894191015,10,3,136,1495718263.89
1495718263944637444,10,5,136,1495718263.94
1495718263945273837,10,3,116,1495718263.94
1495718263994777339,10,5,136,1495718263.99
1495718263995030374,10,3,118,1495718263.99
1495718264044939025,10,5,136,1495718264.04
1495718264045410733,10,3,116,1495718264.04
1495718264094816667,10,5,136,1495718264.09
1495718264095060622,10,3,120,1495718264.09
1495718264144851521,10,5,136,1495718264.14
1495718264145283210,10,3,134,1495718264.14
1495718264194841188,10,5,136,1495718264.19
1495718264195187741,10,3,136,1495718264.19
1495718264244944836,10,5,136,1495718264.24
1495718264245593173,10,3,136,1495718264.24
1495718264294805157,10,5,136,1495718264.29
1495718264295042408,10,3,136,1495718264.29
1495718264344096202,10,5,136,1495718264.34
1495718264344142995,10,3,136,1495718264.34
1495718264394435354,10,5,136,1495718264.39
1495718264395026142,10,3,136,1495718264.39
1495718264444927529,10,5,136,1495718264.44
1495718264445607993,10,3,136,1495718264.44
1495718264494784288,10,5,136,1495718264.49
1495718264494996746,10,3,136,1495718264.49
1495718264544945416,10,5,136,1495718264.54
1495718264545589702,10,3,136,1495718264.54
1495718264594856581,10,5,136,1495718264.59
1495718264595450092,10,3,136,1495718264.59
1495718264644971194,10,5,136,1495718264.64
1495718264645686159,10,3,136,1495718264.64
1495718264694955553,10,5,136,1495718264.69
1495718264695555630,10,3,136,1495718264.69
1495718264744903455,10,5,136,1495718264.74
1495718264745561989,10,3,136,1495718264.74
1495718264793986303,10,5,136,1495718264.79
1495718264794234170,10,3,136,1495718264.79
1495718264843989868,10,5,136,1495718264.84
1495718264844178021,10,3,136,1495718264.84
1495718264894426589,10,5,136,1495718264.89
1495718264895039726,10,3,136,1495718264.89
1495718264945072764,10,5,136,1495718264.94
1495718264945839622,10,3,136,1495718264.94
1495718264994941187,10,5,136,1495718264.99
1495718264995536305,10,3,136,1495718264.99
1495718265044922194,10,5,136,1495718265.04
1495718265045588410,10,3,136,1495718265.04
1495718265094837759,10,5,136,1495718265.09
1495718265095450686,10,3,136,1495718265.09
1495718265143913902,10,5,136,1495718265.14
1495718265143970054,10,3,136,1495718265.14
1495718265193973480,10,5,136,1495718265.19
1495718265194574744,10,3,136,1495718265.19
1495718265244127903,10,5,136,1495718265.24
1495718265244388690,10,3,136,1495718265.24
1495718265296248218,10,5,136,1495718265.29
1495718265296307513,10,3,136,1495718265.29
1495718265344064633,10,5,136,1495718265.34
1495718265344625668,10,3,136,1495718265.34
1495718265394260542,10,5,136,1495718265.39
1495718265394867951,10,3,136,1495718265.39
1495718265444939822,10,5,136,1495718265.44
1495718265445645638,10,3,136,1495718265.44
1495718265494928092,10,5,136,1495718265.49
1495718265495244962,10,3,136,1495718265.49
1495718265544885352,10,5,136,1495718265.54
1495718265545537111,10,3,136,1495718265.54
1495718265594957851,10,5,136,1495718265.59
1495718265595556880,10,3,136,1495718265.59
1495718265644950940,10,5,136,1495718265.64
1495718265645622953,10,3,118,1495718265.64
1495718265694967915,10,5,136,1495718265.69
1495718265695536563,10,3,117,1495718265.69
1495718265744919519,10,5,136,1495718265.74
1495718265745530560,10,3,136,1495718265.74
1495718265794837040,10,5,136,1495718265.79
1495718265795460024,10,3,136,1495718265.79
1495718265844862605,10,5,136,1495718265.84
1495718265845198332,10,3,136,1495718265.84
1495718265894736615,10,5,136,1495718265.89
1495718265894791859,10,3,136,1495718265.89
1495718265944287888,10,5,136,1495718265.94
1495718265944346415,10,3,136,1495718265.94
1495718265994999225,10,5,136,1495718265.99
1495718265995259104,10,3,136,1495718265.99
1495718266044909133,10,5,136,1495718266.04
1495718266045566899,10,3,136,1495718266.04
1495718266095070540,10,5,136,1495718266.09
1495718266095268959,10,3,136,1495718266.09
1495718266144935959,10,5,136,1495718266.14
1495718266145347883,10,3,121,1495718266.14
1495718266194950350,10,5,136,1495718266.19
1495718266195291944,10,3,123,1495718266.19
1495718266244854881,10,5,136,1495718266.24
1495718266245522982,10,3,136,1495718266.24
1495718266294785462,10,5,136,1495718266.29
1495718266294845944,10,3,136,1495718266.29
1495718266355804185,10,5,136,1495718266.34
1495718266356261017,10,3,136,1495718266.34
1495718266394082027,10,5,136,1495718266.39
1495718266394456866,10,3,136,1495718266.39
1495718266444920685,10,5,136,1495718266.44
1495718266445296711,10,3,136,1495718266.44
1495718266494962733,10,5,136,1495718266.49
1495718266495204733,10,3,136,1495718266.49
1495718266543995574,10,5,136,1495718266.54
1495718266544053263,10,3,108,1495718266.54
1495718266594570511,10,5,136,1495718266.59
1495718266595167515,10,3,109,1495718266.59
1495718266645040128,10,5,136,1495718266.64
1495718266645864045,10,3,136,1495718266.64
1495718266695130925,10,5,136,1495718266.69
1495718266695798398,10,3,136,1495718266.69
1495718266743939296,10,5,136,1495718266.74
1495718266744137576,10,3,120,1495718266.74
1495718266794370430,10,5,136,1495718266.79
1495718266794969529,10,3,119,1495718266.79
1495718266844084084,10,5,136,1495718266.84
1495718266844295494,10,3,136,1495718266.84
1495718266894914850,10,5,136,1495718266.89
1495718266895174171,10,3,136,1495718266.89
1495718266945025622,10,5,136,1495718266.94
1495718266945305406,10,3,107,1495718266.94
1495718266994846762,10,5,136,1495718266.99
1495718266995477009,10,3,106,1495718266.99
1495718267044971990,10,5,136,1495718267.04
1495718267045299616,10,3,103,1495718267.04
1495718267095085277,10,5,136,1495718267.09
1495718267095550140,10,3,122,1495718267.09
1495718267144120632,10,5,136,1495718267.14
1495718267144465788,10,3,136,1495718267.14
1495718267194199347,10,5,136,1495718267.19
1495718267194801588,10,3,135,1495718267.19
1495718267244112049,10,5,136,1495718267.24
1495718267244740620,10,3,136,1495718267.24
1495718267294071963,10,5,136,1495718267.29
1495718267294121900,10,3,136,1495718267.29
1495718267344176240,10,5,136,1495718267.34
1495718267344514551,10,3,136,1495718267.34
1495718267395013501,10,5,136,1495718267.39
1495718267395619513,10,3,136,1495718267.39
1495718267443971612,10,5,136,1495718267.44
1495718267444020012,10,3,136,1495718267.44
1495718267494315234,10,5,136,1495718267.49
1495718267494645514,10,3,118,1495718267.49
1495718267544101244,10,5,136,1495718267.54
1495718267544396673,10,3,-116,1495718267.54
1495718267594171857,10,5,136,1495718267.59
1495718267594772003,10,3,-111,1495718267.59
1495718267645324172,10,5,136,1495718267.64
1495718267645557721,10,3,73,1495718267.64
1495718267694916023,10,5,136,1495718267.69
1495718267695234639,10,3,72,1495718267.69
1495718267744933068,10,5,136,1495718267.74
1495718267745175417,10,3,113,1495718267.74
1495718267794954513,10,5,136,1495718267.79
1495718267795563459,10,3,117,1495718267.79
1495718267844877621,10,5,136,1495718267.84
1495718267845532173,10,3,107,1495718267.84
1495718267895345771,10,5,-160,1495718267.89
1495718267896012336,10,3,136,1495718267.89
1495718267944887406,10,5,-174,1495718267.94
1495718267945588892,10,3,136,1495718267.94
1495718267995187308,10,5,-177,1495718267.99
1495718267995798628,10,3,136,1495718267.99
1495718268046608721,10,5,-177,1495718268.04
1495718268046670042,10,3,136,1495718268.04
1495718268094372756,10,5,134,1495718268.09
1495718268094976184,10,3,136,1495718268.09
1495718268144225324,10,5,136,1495718268.14
1495718268145195420,10,3,136,1495718268.14
1495718268195340833,10,5,92,1495718268.19
1495718268195938744,10,3,136,1495718268.19
1495718268244116030,10,5,84,1495718268.24
1495718268244706398,10,3,136,1495718268.24
1495718268294448338,10,5,80,1495718268.29
1495718268294498414,10,3,136,1495718268.29
1495718268348132330,10,5,-177,1495718268.35
1495718268348400730,10,3,136,1495718268.35
1495718268394149913,10,5,-177,1495718268.39
1495718268394395964,10,3,136,1495718268.39
1495718268444151802,10,5,-177,1495718268.44
1495718268444387098,10,3,136,1495718268.44
1495718268494252238,10,5,-177,1495718268.49
1495718268494500733,10,3,136,1495718268.49
1495718268544214108,10,5,-177,1495718268.54
1495718268544764457,10,3,136,1495718268.54
1495718268595126797,10,5,-177,1495718268.59
1495718268595931648,10,3,136,1495718268.59
1495718268645199785,10,5,-177,1495718268.64
1495718268645599137,10,3,136,1495718268.64
1495718268694057744,10,5,-177,1495718268.69
1495718268694258956,10,3,136,1495718268.69
1495718268744072763,10,5,-177,1495718268.74
1495718268744281239,10,3,136,1495718268.74
1495718268795341433,10,5,-148,1495718268.79
1495718268796162069,10,3,136,1495718268.79
1495718268845778853,10,5,-147,1495718268.84
1495718268846374250,10,3,136,1495718268.84
1495718268895091688,10,5,84,1495718268.89
1495718268895722983,10,3,136,1495718268.89
1495718268944044980,10,5,81,1495718268.94
1495718268944256529,10,3,136,1495718268.94
1495718268994116222,10,5,-116,1495718268.99
1495718268994319809,10,3,136,1495718268.99
1495718269045926092,10,5,-121,1495718269.04
1495718269045984969,10,3,136,1495718269.04
1495718269094956908,10,5,-177,1495718269.09
1495718269095172997,10,3,136,1495718269.09
1495718269145038486,10,5,-177,1495718269.14
1495718269145372188,10,3,136,1495718269.14
1495718269194991277,10,5,-177,1495718269.19
1495718269195195074,10,3,136,1495718269.19
1495718269244919484,10,5,-177,1495718269.24
1495718269245276233,10,3,136,1495718269.24
1495718269294937716,10,5,-177,1495718269.29
1495718269295136484,10,3,136,1495718269.29
1495718269345194316,10,5,-177,1495718269.34
1495718269345463834,10,3,136,1495718269.34
1495718269395083971,10,5,-177,1495718269.39
1495718269395654504,10,3,136,1495718269.39
1495718269445716457,10,5,-177,1495718269.44
1495718269446085847,10,3,136,1495718269.44
1495718269494213546,10,5,102,1495718269.49
1495718269494429216,10,3,136,1495718269.49
1495718269544097054,10,5,109,1495718269.54
1495718269544472730,10,3,136,1495718269.54
1495718269595468042,10,5,-98,1495718269.59
1495718269596093331,10,3,136,1495718269.59
1495718269646465099,10,5,-109,1495718269.64
1495718269646671830,10,3,136,1495718269.64
1495718269694886690,10,5,-118,1495718269.69
1495718269695128899,10,3,136,1495718269.69
1495718269745506744,10,5,-112,1495718269.74
1495718269745698319,10,3,136,1495718269.74
1495718269795223611,10,5,93,1495718269.79
1495718269795666265,10,3,136,1495718269.79
1495718269844955354,10,5,93,1495718269.84
1495718269845625551,10,3,136,1495718269.84
1495718269894142894,10,5,-177,1495718269.89
1495718269896094679,10,3,136,1495718269.89
1495718269944092821,10,5,-177,1495718269.94
1495718269944362898,10,3,136,1495718269.94
1495718269994125022,10,5,98,1495718269.99
1495718269994356127,10,3,136,1495718269.99
1495718270044921635,10,5,106,1495718270.04
1495718270045626822,10,3,136,1495718270.04
1495718270094681175,10,5,136,1495718270.09
1495718270094899848,10,3,136,1495718270.09
1495718270145018372,10,5,133,1495718270.14
1495718270145620055,10,3,136,1495718270.14
1495718270194860604,10,5,136,1495718270.19
1495718270195526052,10,3,136,1495718270.19
1495718270244876392,10,5,136,1495718270.24
1495718270245505941,10,3,136,1495718270.24
1495718270295065665,10,5,136,1495718270.29
1495718270298388225,10,3,136,1495718270.29
1495718270344968240,10,5,136,1495718270.34
1495718270345655618,10,3,136,1495718270.34
1495718270395024186,10,5,136,1495718270.39
1495718270395213945,10,3,136,1495718270.39
1495718270444856990,10,5,136,1495718270.44
1495718270445094869,10,3,136,1495718270.44
1495718270494895895,10,5,136,1495718270.49
1495718270495127768,10,3,-93,1495718270.49
1495718270545168699,10,5,136,1495718270.54
1495718270545227714,10,3,73,1495718270.54
1495718270594988023,10,5,136,1495718270.59
1495718270595264804,10,3,-177,1495718270.59
1495718270645078820,10,5,136,1495718270.64
1495718270645219061,10,3,-177,1495718270.64
1495718270694129820,10,5,136,1495718270.69
1495718270694333268,10,3,-177,1495718270.69
1495718270744040915,10,5,136,1495718270.74
1495718270744289411,10,3,-177,1495718270.74
1495718270794199249,10,5,136,1495718270.79
1495718270794399275,10,3,71,1495718270.79
1495718270844117469,10,5,136,1495718270.84
1495718270844487837,10,3,79,1495718270.84
1495718270894003072,10,5,136,1495718270.89
1495718270894614113,10,3,136,1495718270.89
1495718270944079901,10,5,136,1495718270.94
1495718270944644288,10,3,136,1495718270.94
1495718270994164971,10,5,136,1495718270.99
1495718270994367441,10,3,136,1495718270.99
1495718271044825394,10,5,136,1495718271.04
1495718271045019343,10,3,136,1495718271.04
1495718271094926458,10,5,136,1495718271.09
1495718271095276851,10,3,136,1495718271.09
1495718271144837623,10,5,136,1495718271.14
1495718271145043306,10,3,136,1495718271.14
1495718271194955449,10,5,136,1495718271.19
1495718271195329169,10,3,136,1495718271.19
1495718271244784900,10,5,136,1495718271.24
1495718271245030951,10,3,136,1495718271.24
1495718271295022643,10,5,136,1495718271.29
1495718271295395456,10,3,98,1495718271.29
1495718271344950710,10,5,136,1495718271.34
1495718271345312348,10,3,-161,1495718271.34
1495718271394994644,10,5,136,1495718271.39
1495718271395192364,10,3,-177,1495718271.39
1495718271444955257,10,5,136,1495718271.44
1495718271444991085,10,3,-177,1495718271.44
1495718271494925997,10,5,136,1495718271.49
1495718271495126581,10,3,-177,1495718271.49
1495718271545301956,10,5,136,1495718271.54
1495718271545626997,10,3,-177,1495718271.54
1495718271595177362,10,5,136,1495718271.59
1495718271595413775,10,3,-177,1495718271.59
1495718271644859588,10,5,136,1495718271.64
1495718271645068623,10,3,-177,1495718271.64
1495718271694927338,10,5,136,1495718271.69
1495718271695127852,10,3,108,1495718271.69
1495718271744978535,10,5,136,1495718271.74
1495718271745633227,10,3,114,1495718271.74
1495718271794960729,10,5,136,1495718271.79
1495718271795169205,10,3,136,1495718271.79
1495718271847307050,10,5,136,1495718271.84
1495718271847500022,10,3,136,1495718271.84
1495718271895044685,10,5,136,1495718271.89
1495718271895414844,10,3,136,1495718271.89
1495718271944873088,10,5,136,1495718271.94
1495718271945093158,10,3,136,1495718271.94
1495718271994957181,10,5,136,1495718271.99
1495718271995166355,10,3,121,1495718271.99
1495718272044068175,10,5,136,1495718272.04
1495718272044274695,10,3,122,1495718272.04
1495718272095242070,10,5,136,1495718272.09
1495718272095801778,10,3,92,1495718272.09
1495718272146823769,10,5,136,1495718272.14
1495718272147204125,10,3,92,1495718272.14
1495718272195198915,10,5,136,1495718272.19
1495718272195516623,10,3,-116,1495718272.19
1495718272246604405,10,5,136,1495718272.24
1495718272246987135,10,3,-114,1495718272.24
1495718272295086687,10,5,136,1495718272.29
1495718272295333437,10,3,-177,1495718272.29
1495718272344495065,10,5,136,1495718272.34
1495718272344713739,10,3,-177,1495718272.34
1495718272394136713,10,5,136,1495718272.39
1495718272394385139,10,3,-177,1495718272.39
1495718272444204183,10,5,136,1495718272.44
1495718272444805238,10,3,-177,1495718272.44
1495718272494286041,10,5,136,1495718272.49
1495718272494654733,10,3,136,1495718272.49
1495718272544274521,10,5,136,1495718272.54
1495718272544648451,10,3,136,1495718272.54
1495718272594230734,10,5,136,1495718272.59
1495718272594612835,10,3,136,1495718272.59
1495718272644292756,10,5,136,1495718272.64
1495718272644664172,10,3,136,1495718272.64
1495718272694212722,10,5,136,1495718272.69
1495718272694591750,10,3,136,1495718272.69
1495718272744163696,10,5,136,1495718272.74
1495718272744537976,10,3,136,1495718272.74
1495718272794399135,10,5,136,1495718272.79
1495718272794776906,10,3,136,1495718272.79
1495718272844150434,10,5,136,1495718272.84
1495718272844530231,10,3,136,1495718272.84
1495718272894175510,10,5,136,1495718272.89
1495718272894551466,10,3,136,1495718272.89
1495718272944259044,10,5,136,1495718272.94
1495718272944860168,10,3,136,1495718272.94
1495718272994731943,10,5,136,1495718272.99
1495718272995255892,10,3,122,1495718272.99
1495718273044830213,10,5,136,1495718273.04
1495718273045037083,10,3,120,1495718273.04
1495718273094204718,10,5,136,1495718273.09
1495718273094812197,10,3,-150,1495718273.09
1495718273145022563,10,5,136,1495718273.14
1495718273145264842,10,3,-153,1495718273.14
1495718273194903347,10,5,136,1495718273.19
1495718273195114757,10,3,-177,1495718273.19
1495718273244968862,10,5,136,1495718273.24
1495718273245202760,10,3,-177,1495718273.24
1495718273296368415,10,5,136,1495718273.29
1495718273296709031,10,3,-177,1495718273.29
1495718273344144532,10,5,136,1495718273.34
1495718273344479351,10,3,-177,1495718273.34
1495718273395028167,10,5,136,1495718273.39
1495718273395234898,10,3,136,1495718273.39
1495718273444929276,10,5,136,1495718273.44
1495718273445173371,10,3,136,1495718273.44
1495718273494848473,10,5,136,1495718273.49
1495718273495088867,10,3,136,1495718273.49
1495718273544780032,10,5,136,1495718273.54
1495718273545066661,10,3,136,1495718273.54
1495718273594980620,10,5,136,1495718273.59
1495718273595232537,10,3,136,1495718273.59
1495718273644805740,10,5,136,1495718273.64
1495718273645004579,10,3,136,1495718273.64
1495718273694155871,10,5,136,1495718273.69
1495718273694630582,10,3,136,1495718273.69
1495718273744023246,10,5,136,1495718273.74
1495718273744269087,10,3,136,1495718273.74
1495718273795087840,10,5,136,1495718273.79
1495718273795443262,10,3,136,1495718273.79
1495718273844871545,10,5,136,1495718273.84
1495718273845158174,10,3,136,1495718273.84
1495718273894832367,10,5,136,1495718273.89
1495718273895069618,10,3,136,1495718273.89
1495718273944853393,10,5,136,1495718273.94
1495718273945250441,10,3,136,1495718273.94
1495718273995217340,10,5,136,1495718273.99
1495718273995466813,10,3,76,1495718273.99
1495718274044952854,10,5,136,1495718274.04
1495718274045732842,10,3,74,1495718274.04
1495718274095025981,10,5,136,1495718274.09
1495718274095624521,10,3,-177,1495718274.09
1495718274144979680,10,5,136,1495718274.14
1495718274145349420,10,3,-177,1495718274.14
1495718274194999938,10,5,136,1495718274.19
1495718274195342090,10,3,-177,1495718274.19
1495718274244845801,10,5,136,1495718274.24
1495718274245094297,10,3,-177,1495718274.24
1495718274295007837,10,5,136,1495718274.29
1495718274295267157,10,3,136,1495718274.29
1495718274345049675,10,5,136,1495718274.34
1495718274345333440,10,3,136,1495718274.34
1495718274394278840,10,5,136,1495718274.39
1495718274394576225,10,3,136,1495718274.39
1495718274444086291,10,5,136,1495718274.44
1495718274444691396,10,3,136,1495718274.44
1495718274494364612,10,5,136,1495718274.49
1495718274494750765,10,3,136,1495718274.49
1495718274544079314,10,5,136,1495718274.54
1495718274544796095,10,3,136,1495718274.54
1495718274594714873,10,5,136,1495718274.59
1495718274595274302,10,3,136,1495718274.59
1495718274644793239,10,5,136,1495718274.64
1495718274645047531,10,3,136,1495718274.64
1495718274695000671,10,5,136,1495718274.69
1495718274695543477,10,3,136,1495718274.69
1495718274744878103,10,5,136,1495718274.74
1495718274745286325,10,3,136,1495718274.74
1495718274794881459,10,5,136,1495718274.79
1495718274795078830,10,3,136,1495718274.79
1495718274845010250,10,5,136,1495718274.84
1495718274845604250,10,3,136,1495718274.84
1495718274895054602,10,5,136,1495718274.89
1495718274895245828,10,3,136,1495718274.89
1495718274944904866,10,5,136,1495718274.94
1495718274945566473,10,3,136,1495718274.94
1495718274994968495,10,5,136,1495718274.99
1495718274995582679,10,3,-152,1495718274.99
1495718275044894187,10,5,136,1495718275.04
1495718275045725718,10,3,-156,1495718275.04
1495718275095023048,10,5,136,1495718275.09
1495718275095646172,10,3,-173,1495718275.09
1495718275144915915,10,5,136,1495718275.14
1495718275145573191,10,3,-162,1495718275.14
1495718275194206401,10,5,136,1495718275.19
1495718275194765550,10,3,90,1495718275.19
1495718275244095916,10,5,136,1495718275.24
1495718275244790278,10,3,90,1495718275.24
1495718275294108979,10,5,136,1495718275.29
1495718275294305024,10,3,136,1495718275.29
1495718275344042215,10,5,106,1495718275.34
1495718275344242170,10,3,136,1495718275.34
1495718275394443386,10,5,-102,1495718275.39
1495718275394645856,10,3,136,1495718275.39
1495718275445240000,10,5,-94,1495718275.44
1495718275445604012,10,3,136,1495718275.44
1495718275494935774,10,5,121,1495718275.49
1495718275495231273,10,3,136,1495718275.49
1495718275544825429,10,5,123,1495718275.54
1495718275545082584,10,3,136,1495718275.54
1495718275595174499,10,5,86,1495718275.59
1495718275595781839,10,3,136,1495718275.59
1495718275643914636,10,5,82,1495718275.64
1495718275644525398,10,3,136,1495718275.64
1495718275694125001,10,5,-141,1495718275.69
1495718275694495579,10,3,136,1495718275.69
1495718275744021709,10,5,-129,1495718275.74
1495718275744262173,10,3,136,1495718275.74
1495718275795012551,10,5,74,1495718275.79
1495718275795211110,10,3,136,1495718275.79
1495718275844882301,10,5,85,1495718275.84
1495718275845171583,10,3,136,1495718275.84
1495718275895091479,10,5,93,1495718275.89
1495718275895290736,10,3,136,1495718275.89
1495718275943895101,10,5,91,1495718275.94
1495718275944465844,10,3,136,1495718275.94
1495718275995117676,10,5,-143,1495718275.99
1495718275995348781,10,3,136,1495718275.99
1495718276044885178,10,5,-145,1495718276.04
1495718276045519686,10,3,136,1495718276.04
1495718276094298585,10,5,-151,1495718276.09
1495718276094860388,10,3,136,1495718276.09
1495718276144024671,10,5,-142,1495718276.14
1495718276144362004,10,3,136,1495718276.14
1495718276194135931,10,5,-118,1495718276.19
1495718276194371715,10,3,136,1495718276.19
1495718276245055255,10,5,-122,1495718276.24
1495718276245358087,10,3,136,1495718276.24
1495718276294173932,10,5,136,1495718276.29
1495718276294456999,10,3,136,1495718276.29
1495718276344173516,10,5,102,1495718276.34
1495718276344482215,10,3,136,1495718276.34
1495718276395041577,10,5,81,1495718276.39
1495718276395242510,10,3,136,1495718276.39
1495718276445062044,10,5,83,1495718276.44
1495718276445384920,10,3,136,1495718276.44
1495718276494955190,10,5,119,1495718276.49
1495718276495161013,10,3,136,1495718276.49
1495718276544768997,10,5,122,1495718276.54
1495718276545206483,10,3,136,1495718276.54
1495718276595115064,10,5,-156,1495718276.59
1495718276595418944,10,3,136,1495718276.59
1495718276644930407,10,5,-165,1495718276.64
1495718276645272909,10,3,136,1495718276.64
1495718276694882220,10,5,-120,1495718276.69
1495718276695087344,10,3,136,1495718276.69
1495718276744814268,10,5,-111,1495718276.74
1495718276745184427,10,3,136,1495718276.74
1495718276794643999,10,5,-96,1495718276.79
1495718276795259021,10,3,136,1495718276.79
1495718276843949989,10,5,-102,1495718276.84
1495718276844266091,10,3,136,1495718276.84
1495718276895087568,10,5,71,1495718276.89
1495718276895771523,10,3,136,1495718276.89
1495718276944862752,10,5,70,1495718276.94
1495718276945064873,10,3,136,1495718276.94
1495718276995056146,10,5,112,1495718276.99
1495718276995796952,10,3,136,1495718276.99
1495718277045039318,10,5,113,1495718277.04
1495718277045343686,10,3,136,1495718277.04
1495718277094229023,10,5,79,1495718277.09
1495718277094479893,10,3,136,1495718277.09
1495718277144008467,10,5,77,1495718277.14
1495718277144208283,10,3,136,1495718277.14
1495718277194488630,10,5,-114,1495718277.19
1495718277194828617,10,3,136,1495718277.19
1495718277244791116,10,5,-110,1495718277.24
1495718277245001268,10,3,136,1495718277.24
1495718277294114427,10,5,-132,1495718277.29
1495718277294319411,10,3,136,1495718277.29
1495718277344082653,10,5,-163,1495718277.34
1495718277344131681,10,3,136,1495718277.34
1495718277395365082,10,5,-177,1495718277.39
1495718277395732307,10,3,136,1495718277.39
1495718277444959168,10,5,-177,1495718277.44
1495718277445716946,10,3,136,1495718277.44
1495718277494208308,10,5,-146,1495718277.49
1495718277494456035,10,3,136,1495718277.49
1495718277544736521,10,5,-145,1495718277.54
1495718277545413702,10,3,136,1495718277.54
1495718277595444785,10,5,88,1495718277.59
1495718277596067769,10,3,136,1495718277.59
1495718277644834026,10,5,88,1495718277.64
1495718277645434941,10,3,136,1495718277.64
1495718277695076449,10,5,93,1495718277.69
1495718277695449052,10,3,136,1495718277.69
1495718277744854427,10,5,90,1495718277.74
1495718277745102084,10,3,136,1495718277.74
1495718277795043770,10,5,112,1495718277.79
1495718277795642589,10,3,136,1495718277.79
1495718277844809316,10,5,115,1495718277.84
1495718277845232205,10,3,136,1495718277.84
1495718277895088685,10,5,86,1495718277.89
1495718277895525263,10,3,136,1495718277.89
1495718277944921489,10,5,83,1495718277.94
1495718277945664949,10,3,136,1495718277.94
1495718277994886362,10,5,126,1495718277.99
1495718277995095397,10,3,136,1495718277.99
1495718278044834543,10,5,127,1495718278.04
1495718278045047559,10,3,136,1495718278.04
1495718278095086953,10,5,136,1495718278.09
1495718278095383080,10,3,136,1495718278.09
1495718278144759541,10,5,136,1495718278.14
1495718278144963337,10,3,136,1495718278.14
1495718278195183131,10,5,136,1495718278.19
1495718278195722655,10,3,136,1495718278.19
1495718278244817516,10,5,136,1495718278.24
1495718278245016144,10,3,136,1495718278.24
1495718278295235100,10,5,136,1495718278.29
1495718278295432751,10,3,87,1495718278.29
1495718278345059523,10,5,136,1495718278.34
1495718278345311720,10,3,-127,1495718278.34
1495718278395075520,10,5,136,1495718278.39
1495718278395341336,10,3,-177,1495718278.39
1495718278444792527,10,5,136,1495718278.44
1495718278444988082,10,3,-165,1495718278.44
1495718278494964479,10,5,136,1495718278.49
1495718278495157590,10,3,-177,1495718278.49
1495718278544795118,10,5,136,1495718278.54
1495718278544995981,10,3,-177,1495718278.54
1495718278594272918,10,5,136,1495718278.59
1495718278594873274,10,3,136,1495718278.59
1495718278644309099,10,5,136,1495718278.64
1495718278644918325,10,3,136,1495718278.64
1495718278695087833,10,5,136,1495718278.69
1495718278695477198,10,3,-177,1495718278.69
1495718278744818668,10,5,136,1495718278.74
1495718278745229125,10,3,-177,1495718278.74
1495718278795221516,10,5,136,1495718278.79
1495718278795565345,10,3,-177,1495718278.79
1495718278844899901,10,5,136,1495718278.84
1495718278845720466,10,3,-177,1495718278.84
1495718278895086660,10,5,136,1495718278.89
1495718278895794012,10,3,-177,1495718278.89
1495718278944838866,10,5,136,1495718278.94
1495718278945475609,10,3,-177,1495718278.94
1495718278994999994,10,5,-124,1495718278.99
1495718278995196876,10,3,136,1495718278.99
1495718279044773153,10,5,-166,1495718279.04
1495718279044972619,10,3,136,1495718279.04
1495718279095040788,10,5,136,1495718279.09
1495718279095236553,10,3,-177,1495718279.09
1495718279144890633,10,5,136,1495718279.14
1495718279145565649,10,3,-177,1495718279.14
1495718279195123627,10,5,136,1495718279.19
1495718279195307519,10,3,-177,1495718279.19
1495718279244830436,10,5,136,1495718279.24
1495718279245072716,10,3,-177,1495718279.24
1495718279297196733,10,5,136,1495718279.29
1495718279297510739,10,3,-177,1495718279.29
1495718279345443650,10,5,136,1495718279.34
1495718279345774907,10,3,-177,1495718279.34
1495718279395035780,10,5,136,1495718279.39
1495718279395390784,10,3,136,1495718279.39
1495718279444792596,10,5,136,1495718279.44
1495718279444990247,10,3,129,1495718279.44
1495718279494951279,10,5,136,1495718279.49
1495718279495173025,10,3,-177,1495718279.49
1495718279544813696,10,5,136,1495718279.54
1495718279545054438,10,3,-177,1495718279.54
1495718279595020080,10,5,136,1495718279.59
1495718279595743147,10,3,-177,1495718279.59
1495718279645057798,10,5,136,1495718279.64
1495718279645401138,10,3,-177,1495718279.64
1495718279695048373,10,5,136,1495718279.69
1495718279695431243,10,3,-177,1495718279.69
1495718279744774319,10,5,136,1495718279.74
1495718279745019741,10,3,-177,1495718279.74
1495718279793938183,10,5,136,1495718279.79
1495718279794144424,10,3,-177,1495718279.79
1495718279844982174,10,5,136,1495718279.84
1495718279845266567,10,3,-177,1495718279.84
1495718279894993422,10,5,136,1495718279.89
1495718279895310780,10,3,-177,1495718279.89
1495718279944857863,10,5,136,1495718279.94
1495718279945333133,10,3,-177,1495718279.94
1495718279995408006,10,5,136,1495718279.99
1495718279995609359,10,3,-177,1495718279.99
1495718280044908365,10,5,136,1495718280.04
1495718280045146175,10,3,-177,1495718280.04
1495718280094947480,10,5,136,1495718280.09
1495718280095185359,10,3,-177,1495718280.09
1495718280144770156,10,5,136,1495718280.14
1495718280144966830,10,3,-177,1495718280.14
1495718280195234325,10,5,136,1495718280.19
1495718280195580668,10,3,-177,1495718280.19
1495718280244978640,10,5,136,1495718280.24
1495718280245642062,10,3,-177,1495718280.24
1495718280295081170,10,5,136,1495718280.29
1495718280295319539,10,3,-177,1495718280.29
1495718280344223453,10,5,136,1495718280.34
1495718280344406018,10,3,-177,1495718280.34
1495718280395217857,10,5,136,1495718280.39
1495718280395460346,10,3,-177,1495718280.39
1495718280444881714,10,5,136,1495718280.44
1495718280445319409,10,3,-177,1495718280.44
1495718280495049825,10,5,136,1495718280.49
1495718280495657933,10,3,-177,1495718280.49
1495718280544888356,10,5,136,1495718280.54
1495718280545311943,10,3,-177,1495718280.54
1495718280594970842,10,5,136,1495718280.59
1495718280595280937,10,3,-177,1495718280.59
1495718280644835214,10,5,136,1495718280.64
1495718280645033563,10,3,-177,1495718280.64
1495718280695112766,10,5,136,1495718280.69
1495718280695437319,10,3,-177,1495718280.69
1495718280745205798,10,5,136,1495718280.74
1495718280745458065,10,3,-177,1495718280.74
1495718280795173675,10,5,136,1495718280.79
1495718280795219561,10,3,-177,1495718280.79
1495718280843930224,10,5,136,1495718280.84
1495718280844604542,10,3,-177,1495718280.84
1495718280897174844,10,5,136,1495718280.89
1495718280897534108,10,3,-177,1495718280.89
1495718280945170892,10,5,136,1495718280.94
1495718280945493140,10,3,-177,1495718280.94
1495718280994992171,10,5,136,1495718280.99
1495718280995302756,10,3,-177,1495718280.99
1495718281044970035,10,5,136,1495718281.04
1495718281045576188,10,3,-177,1495718281.04
1495718281094162045,10,5,136,1495718281.09
1495718281094546032,10,3,-177,1495718281.09
1495718281145420449,10,5,136,1495718281.14
1495718281146027719,10,3,-177,1495718281.14
1495718281195528217,10,5,136,1495718281.19
1495718281195578363,10,3,-177,1495718281.19
1495718281244913967,10,5,136,1495718281.24
1495718281245207230,10,3,-177,1495718281.24
1495718281262874700,10,5,0,0.0
1495718281267131806,10,3,0,0.0
1495718281270291984,10,5,0,0.0
1495718281273097020,10,3,0,0.0
1495718281275875655,10,5,0,0.0
1495718281278476754,10,3,0,0.0
1495718281281978806,10,5,0,0.0
1495718281283854393,10,3,0,0.0
1495718281287958756,10,5,0,0.0
1495718281290936579,10,3,0,0.0
1495718281294710453,10,5,0,0.0
1495718281295125729,10,5,136,1495718281.29
1495718281295389869,10,3,-177,1495718281.29
1495718281298712777,10,3,0,0.0
1495718281303655096,10,5,0,0.0
1495718281310799999,10,3,0,0.0
1495718281317758845,10,5,0,0.0
1495718281322993728,10,3,0,0.0
1495718281331745539,10,5,0,0.0
1495718281338804607,10,3,0,0.0
1495718281343685396,10,5,0,0.0
1495718281345028374,10,5,136,1495718281.34
1495718281345388615,10,3,-177,1495718281.34
1495718281348434882,10,3,0,0.0
1495718281352914083,10,5,0,0.0
1495718281358622002,10,3,0,0.0
1495718281371027979,10,5,0,0.0
1495718281376794355,10,3,0,0.0
1495718281381918400,10,5,0,0.0
1495718281389026357,10,3,0,0.0
1495718281394312085,10,5,0,0.0
1495718281399395832,10,5,136,1495718281.39
1495718281399446397,10,3,-177,1495718281.39
1495718281399593204,10,3,0,0.0
1495718281403833617,10,5,0,0.0
1495718281407137459,10,3,0,0.0
1495718281416457778,10,5,0,0.0
1495718281421243582,10,3,0,0.0
1495718281427747412,10,5,0,0.0
1495718281440070977,10,3,0,0.0
1495718281445420889,10,5,136,1495718281.44
1495718281446830775,10,3,-177,1495718281.44
1495718281450834426,10,5,0,0.0
1495718281453735494,10,3,0,0.0
1495718281457891818,10,5,0,0.0
1495718281461723171,10,3,0,0.0
1495718281465668156,10,5,0,0.0
1495718281469855700,10,3,0,0.0
1495718281474896983,10,5,0,0.0
1495718281482002985,10,3,0,0.0
1495718281496497216,10,5,0,0.0
1495718281498107477,10,3,0,0.0
1495718281500092855,10,5,136,1495718281.49
1495718281502483452,10,3,-177,1495718281.49
1495718281516628687,10,5,0,0.0
1495718281523985558,10,3,0,0.0
1495718281529210594,10,5,0,0.0
1495718281533366919,10,3,0,0.0
1495718281541706108,10,5,0,0.0
1495718281552263805,10,5,136,1495718281.54
1495718281552777278,10,3,-177,1495718281.54
1495718281556751457,10,3,0,0.0
1495718281556811380,10,5,0,0.0
1495718281556847488,10,3,0,0.0
1495718281558946708,10,5,0,0.0
1495718281565796951,10,3,0,0.0
1495718281572354907,10,5,0,0.0
1495718281593566404,10,3,0,0.0
1495718281601647808,10,5,136,1495718281.59
1495718281601896653,10,3,-177,1495718281.59
1495718281601934647,10,5,0,0.0
1495718281602747948,10,3,0,0.0
1495718281607924445,10,5,0,0.0
1495718281610635334,10,3,0,0.0
1495718281617923621,10,5,0,0.0
1495718281624174276,10,3,0,0.0
1495718281630943363,10,5,0,0.0
1495718281640064216,10,3,0,0.0
1495718281645695658,10,5,136,1495718281.64
1495718281645756769,10,3,-177,1495718281.64
1495718281652853133,10,5,0,0.0
1495718281652905863,10,3,0,0.0
1495718281653594428,10,5,0,0.0
1495718281658765966,10,3,0,0.0
1495718281663758709,10,5,0,0.0
1495718281671161955,10,3,0,0.0
1495718281683089170,10,5,0,0.0
1495718281700831301,10,5,136,1495718281.69
1495718281701464971,10,3,-177,1495718281.69
1495718281701821790,10,3,0,0.0
1495718281701854755,10,5,0,0.0
1495718281705406813,10,3,0,0.0
1495718281708293493,10,5,0,0.0
1495718281712790783,10,3,0,0.0
1495718281722843737,10,5,0,0.0
1495718281730195929,10,3,0,0.0
1495718281744622694,10,5,136,1495718281.74
1495718281744677798,10,3,-177,1495718281.74
1495718281797249428,10,5,136,1495718281.79
1495718281798074184,10,3,-177,1495718281.79
1495718281849890200,10,5,136,1495718281.84
1495718281849948867,10,3,-177,1495718281.84
1495718281902787010,10,5,136,1495718281.9
1495718281902971950,10,3,-177,1495718281.9
1495718281947259146,10,5,136,1495718281.94
1495718281947785470,10,3,-177,1495718281.94
1495718281995821956,10,5,136,1495718281.99
1495718281995877130,10,3,-177,1495718281.99
1495718282045473521,10,5,136,1495718282.04
1495718282045709375,10,3,-177,1495718282.04
1495718282095876229,10,5,136,1495718282.09
1495718282095933639,10,3,-177,1495718282.09
1495718282148679592,10,5,136,1495718282.14
1495718282149764646,10,3,-177,1495718282.14
1495718282200041571,10,5,136,1495718282.19
1495718282200094161,10,3,-177,1495718282.19
1495718282245723288,10,5,136,1495718282.24
1495718282245776646,10,3,-177,1495718282.24
1495718282297793387,10,5,136,1495718282.29
1495718282297840320,10,3,-177,1495718282.29
1495718282344641174,10,5,136,1495718282.34
1495718282349925854,10,3,-177,1495718282.34
1495718282394645926,10,5,136,1495718282.39
1495718282394695304,10,3,-177,1495718282.39
1495718282447432597,10,5,136,1495718282.44
1495718282447478064,10,3,-177,1495718282.44
1495718282498839902,10,5,136,1495718282.49
1495718282499388296,10,3,-177,1495718282.49
1495718282548510395,10,5,136,1495718282.54
1495718282549407576,10,3,-177,1495718282.54
1495718282598719782,10,5,136,1495718282.59
1495718282598769998,10,3,-177,1495718282.59
1495718282648607202,10,5,136,1495718282.64
1495718282648660560,10,3,-177,1495718282.64
1495718282698985675,10,5,136,1495718282.69
1495718282700326139,10,3,-177,1495718282.69
1495718282748396218,10,5,136,1495718282.74
1495718282748447133,10,3,-177,1495718282.74
1495718282798996298,10,5,136,1495718282.79
1495718282799046374,10,3,-177,1495718282.79
1495718282849034086,10,5,136,1495718282.84
1495718282849080879,10,3,-177,1495718282.84
1495718282900011308,10,5,136,1495718282.89
1495718282900065435,10,3,-177,1495718282.89
1495718282946927540,10,5,136,1495718282.94
1495718282946980689,10,3,-177,1495718282.94
1495718282956074024,10,5,0,0.0
1495718282962222711,10,3,0,0.0
1495718282965415296,10,5,0,0.0
1495718282966383575,10,3,0,0.0
1495718282972800383,10,5,0,0.0
1495718282976003444,10,3,0,0.0
1495718282980788480,10,5,0,0.0
1495718282986701173,10,3,0,0.0
1495718282996037626,10,5,136,1495718282.99
1495718282996214534,10,3,-177,1495718282.99
1495718282996247080,10,5,0,0.0
1495718283002407221,10,3,0,0.0
1495718283014327242,10,5,0,0.0
1495718283018127725,10,3,0,0.0
1495718283019920761,10,5,0,0.0
1495718283020673719,10,3,0,0.0
1495718283029385023,10,5,0,0.0
1495718283029437334,10,3,0,0.0
1495718283029466318,10,5,0,0.0
1495718283031304122,10,3,0,0.0
1495718283036457780,10,5,0,0.0
1495718283042077000,10,3,0,0.0
1495718283048036207,10,5,136,1495718283.04
1495718283048301604,10,3,-177,1495718283.04
1495718283054573421,10,5,0,0.0
1495718283059133289,10,3,0,0.0
1495718283095845988,10,5,136,1495718283.09
1495718283096047830,10,3,-177,1495718283.09
1495718283145510614,10,5,136,1495718283.14
1495718283145568163,10,3,-177,1495718283.14
1495718283201224822,10,5,136,1495718283.19
1495718283202695470,10,3,-177,1495718283.19
1495718283231108301,10,5,0,0.0
1495718283239542404,10,3,0,0.0
1495718283250040946,10,5,136,1495718283.24
1495718283250536958,10,3,-177,1495718283.24
1495718283299175057,10,5,136,1495718283.29
1495718283299431235,10,3,-177,1495718283.29
1495718283348752590,10,5,136,1495718283.34
1495718283348971822,10,3,-177,1495718283.34
1495718283397465209,10,5,136,1495718283.39
1495718283398347445,10,3,-177,1495718283.39
1495718283450458960,10,5,136,1495718283.44
1495718283450512248,10,3,-177,1495718283.44
1495718283498139604,10,5,136,1495718283.49
1495718283501946932,10,3,-177,1495718283.49
1495718283548539519,10,5,136,1495718283.54
1495718283548595112,10,3,-177,1495718283.54
1495718283596972633,10,5,136,1495718283.59
1495718283597024246,10,3,-177,1495718283.59
1495718283650444237,10,5,136,1495718283.64
1495718283650937037,10,3,-177,1495718283.64
1495718283702672666,10,5,136,1495718283.7
1495718283703095276,10,3,-177,1495718283.7
1495718283750227038,10,5,136,1495718283.74
1495718283750733527,10,3,-177,1495718283.74
1495718283800733251,10,5,136,1495718283.8
1495718283800788425,10,3,-177,1495718283.8
1495718283846308949,10,5,136,1495718283.84
1495718283846545850,10,3,-177,1495718283.84
1495718283894517384,10,5,136,1495718283.89
1495718283894743949,10,3,-177,1495718283.89
1495718283948053870,10,5,136,1495718283.94
1495718283948103667,10,3,-177,1495718283.94
1495718284001063335,10,5,136,1495718283.99
1495718284001179481,10,3,-177,1495718283.99
1495718284045604962,10,5,136,1495718284.04
1495718284045857020,10,3,-177,1495718284.04
1495718284096162858,10,5,136,1495718284.09
1495718284096642388,10,3,-177,1495718284.09
1495718284145338734,10,5,136,1495718284.14
1495718284148732253,10,3,-177,1495718284.14
1495718284198655920,10,5,136,1495718284.19
1495718284198690631,10,3,-177,1495718284.19
1495718284246525973,10,5,136,1495718284.24
1495718284246728373,10,3,-177,1495718284.24
1495718284297864834,10,5,136,1495718284.3
1495718284297895844,10,3,-177,1495718284.3
1495718284347460177,10,5,136,1495718284.34
1495718284347513606,10,3,-177,1495718284.34
1495718284394655565,10,5,136,1495718284.39
1495718284394708295,10,3,-177,1495718284.39
1495718284447508724,10,5,136,1495718284.44
1495718284447655111,10,3,-177,1495718284.44
1495718284494411337,10,5,136,1495718284.49
1495718284494874454,10,3,-177,1495718284.49
1495718284544626032,10,5,136,1495718284.54
1495718284544682324,10,3,-177,1495718284.54
1495718284595261521,10,5,136,1495718284.59
1495718284595317045,10,3,-177,1495718284.59
1495718284644573938,10,5,136,1495718284.64
1495718284644818452,10,3,-177,1495718284.64
1495718284694603414,10,5,136,1495718284.69
1495718284694663897,10,3,-177,1495718284.69
1495718284744548313,10,5,136,1495718284.74
1495718284744774738,10,3,-177,1495718284.74
1495718284794662856,10,5,136,1495718284.79
1495718284794718240,10,3,-177,1495718284.79
1495718284844560751,10,5,136,1495718284.84
1495718284847003101,10,3,-177,1495718284.84
1495718284895857009,10,5,136,1495718284.89
1495718284895909739,10,3,-177,1495718284.89
1495718284947064429,10,5,136,1495718284.94
1495718284947120232,10,3,-177,1495718284.94
1495718284996048661,10,5,136,1495718284.99
1495718284996103835,10,3,-177,1495718284.99
1495718285045930563,10,5,136,1495718285.04
1495718285045983083,10,3,-177,1495718285.04
1495718285095933010,10,5,136,1495718285.09
1495718285095981969,10,3,-177,1495718285.09
1495718285146627865,10,5,136,1495718285.14
1495718285146848005,10,3,-177,1495718285.14
1495718285195292084,10,5,136,1495718285.19
1495718285195345094,10,3,-177,1495718285.19
1495718285245572081,10,5,136,1495718285.24
1495718285245629142,10,3,-177,1495718285.24
1495718285295532694,10,5,136,1495718285.29
1495718285295586682,10,3,-177,1495718285.29
1495718285348325651,10,5,136,1495718285.34
1495718285348378381,10,3,-100,1495718285.34
1495718285398528613,10,5,136,1495718285.39
1495718285398769984,10,3,92,1495718285.39
1495718285404216836,10,5,0,0.0
1495718285418989665,10,3,0,0.0
1495718285427865235,10,5,0,0.0
1495718285432949680,10,3,0,0.0
1495718285440190615,10,5,0,0.0
1495718285444508203,10,3,0,0.0
1495718285453488744,10,5,136,1495718285.44
1495718285453724948,10,3,136,1495718285.44
1495718285453757214,10,5,0,0.0
1495718285454521697,10,3,0,0.0
1495718285498503268,10,5,136,1495718285.49
1495718285498730461,10,3,121,1495718285.49
1495718285547405855,10,5,136,1495718285.54
1495718285547458725,10,3,136,1495718285.54
1495718285596508049,10,5,136,1495718285.59
1495718285596568252,10,3,136,1495718285.59
1495718285647339303,10,5,136,1495718285.64
1495718285647393989,10,3,136,1495718285.64
1495718285677787169,10,5,0,0.0
1495718285679638383,10,3,0,0.0
1495718285685756689,10,5,0,0.0
1495718285688424556,10,3,0,0.0
1495718285695578678,10,5,136,1495718285.69
1495718285695635878,10,3,136,1495718285.69
1495718285708449937,10,5,0,0.0
1495718285713809558,10,3,0,0.0
1495718285747400142,10,5,136,1495718285.74
1495718285747448402,10,3,136,1495718285.74
1495718285797457974,10,5,136,1495718285.79
1495718285799215809,10,3,136,1495718285.79
1495718285803039200,10,5,0,0.0
1495718285804365906,10,3,0,0.0
1495718285845822853,10,5,136,1495718285.84
1495718285845885431,10,3,136,1495718285.84
1495718285870094306,10,5,0,0.0
1495718285872362052,10,3,0,0.0
1495718285897931854,10,5,136,1495718285.89
1495718285898152762,10,3,136,1495718285.89
1495718285911351298,10,5,0,0.0
1495718285916278531,10,3,0,0.0
1495718285944504955,10,5,136,1495718285.94
1495718285944720625,10,3,136,1495718285.94
1495718285994516273,10,5,136,1495718285.99
1495718285994569003,10,3,136,1495718285.99
1495718286002069119,10,5,0,0.0
1495718286003090618,10,3,0,0.0
1495718286044505800,10,5,136,1495718286.04
1495718286044559019,10,3,136,1495718286.04
1495718286087272552,10,5,0,0.0
1495718286087795593,10,3,0,0.0
1495718286093968375,10,5,136,1495718286.09
1495718286094065105,10,3,136,1495718286.09
1495718286144497496,10,5,136,1495718286.14
1495718286144549179,10,3,136,1495718286.14
1495718286163897589,10,5,0,0.0
1495718286166241113,10,3,0,0.0
1495718286199519577,10,5,136,1495718286.19
1495718286201253317,10,3,136,1495718286.19
1495718286248286183,10,5,136,1495718286.24
1495718286248343453,10,3,136,1495718286.24
1495718286248981733,10,5,0,0.0
1495718286249033485,10,3,0,0.0
1495718286297272301,10,5,136,1495718286.29
1495718286297332923,10,3,136,1495718286.29
1495718286332399463,10,5,0,0.0
1495718286333088168,10,3,0,0.0
1495718286347450679,10,5,136,1495718286.34
1495718286348622756,10,3,136,1495718286.34
1495718286394685317,10,5,136,1495718286.39
1495718286395168758,10,3,136,1495718286.39
1495718286424058186,10,5,0,0.0
1495718286426792542,10,3,0,0.0
1495718286444558139,10,5,136,1495718286.44
1495718286445755289,10,3,136,1495718286.44
1495718286494640835,10,5,136,1495718286.49
1495718286494697127,10,3,136,1495718286.49
1495718286521892974,10,5,0,0.0
1495718286522729323,10,3,0,0.0
1495718286545094877,10,5,136,1495718286.54
1495718286549817265,10,3,136,1495718286.54
1495718286589227444,10,5,0,0.0
1495718286595659896,10,5,136,1495718286.59
1495718286595713255,10,3,136,1495718286.59
1495718286600300989,10,3,0,0.0
1495718286645511557,10,5,136,1495718286.64
1495718286645568687,10,3,136,1495718286.64
1495718286678547881,10,5,0,0.0
1495718286680590668,10,3,0,0.0
1495718286694708735,10,5,136,1495718286.69
1495718286694935509,10,3,136,1495718286.69
1495718286751066390,10,5,136,1495718286.74
1495718286751642930,10,3,136,1495718286.74
1495718286763734272,10,5,0,0.0
1495718286766207142,10,3,0,0.0
1495718286797845174,10,5,136,1495718286.79
1495718286798682571,10,3,136,1495718286.79
1495718286844059012,10,5,0,0.0
1495718286845497114,10,5,136,1495718286.84
1495718286846902809,10,3,136,1495718286.84
1495718286852525731,10,3,0,0.0
1495718286897906083,10,5,136,1495718286.89
1495718286898444699,10,3,136,1495718286.89
1495718286927330565,10,5,0,0.0
1495718286938561602,10,3,0,0.0
1495718286947457286,10,5,136,1495718286.94
1495718286948005610,10,3,136,1495718286.94
1495718286995302896,10,5,136,1495718286.99
1495718286997778210,10,3,136,1495718286.99
1495718287012999978,10,5,0,0.0
1495718287013042162,10,3,0,0.0
1495718287049038290,10,5,136,1495718287.04
1495718287049087458,10,3,136,1495718287.04
1495718287098591100,10,5,136,1495718287.09
1495718287099428637,10,3,136,1495718287.09
1495718287103601793,10,5,0,0.0
1495718287103658574,10,3,0,0.0
1495718287148488437,10,5,136,1495718287.14
1495718287148556322,10,3,136,1495718287.14
1495718287190207150,10,5,0,0.0
1495718287192435226,10,3,0,0.0
1495718287198736726,10,5,136,1495718287.19
1495718287198788409,10,3,136,1495718287.19
1495718287247292831,10,5,136,1495718287.24
1495718287248083644,10,3,136,1495718287.24
1495718287270829902,10,5,0,0.0
1495718287274316379,10,3,0,0.0
1495718287294337012,10,5,136,1495718287.29
1495718287294390999,10,3,136,1495718287.29
1495718287344630209,10,5,136,1495718287.34
1495718287345100590,10,3,136,1495718287.34
1495718287362475565,10,5,0,0.0
1495718287365331375,10,3,0,0.0
1495718287394543609,10,5,136,1495718287.39
1495718287395024536,10,3,136,1495718287.39
1495718287440531231,10,5,0,0.0
1495718287445465587,10,5,136,1495718287.44
1495718287445517829,10,3,136,1495718287.44
1495718287448275721,10,3,0,0.0
1495718287494584264,10,5,136,1495718287.49
1495718287494824937,10,3,136,1495718287.49
1495718287523749984,10,5,0,0.0
1495718287536476951,10,3,0,0.0
1495718287547406065,10,5,136,1495718287.54
1495718287547699398,10,3,136,1495718287.54
1495718287597679357,10,5,136,1495718287.59
1495718287598460671,10,3,136,1495718287.59
1495718287618912434,10,5,0,0.0
1495718287620163012,10,3,0,0.0
1495718287647403348,10,5,136,1495718287.64
1495718287649405208,10,3,136,1495718287.64
1495718287698499370,10,5,136,1495718287.69
1495718287698555313,10,3,136,1495718287.69
1495718287703968432,10,5,0,0.0
1495718287704023257,10,3,0,0.0
1495718287745312656,10,5,136,1495718287.74
1495718287747892942,10,3,136,1495718287.74
1495718287794944037,10,5,136,1495718287.79
1495718287795168088,10,3,136,1495718287.79
1495718287801283810,10,5,0,0.0
1495718287804094502,10,3,0,0.0
1495718287844997329,10,5,136,1495718287.84
1495718287847565044,10,3,136,1495718287.84
1495718287868390528,10,5,0,0.0
1495718287870183912,10,3,0,0.0
1495718287894405917,10,5,136,1495718287.89
1495718287894864495,10,3,136,1495718287.89
1495718287944620124,10,5,136,1495718287.94
1495718287945199946,10,3,136,1495718287.94
1495718287953237071,10,5,0,0.0
1495718287956961917,10,3,0,0.0
1495718287994489594,10,5,136,1495718287.99
1495718287994953968,10,3,136,1495718287.99
1495718288047771369,10,5,136,1495718288.04
1495718288048008830,10,3,136,1495718288.04
1495718288048142296,10,5,0,0.0
1495718288048327795,10,3,0,0.0
1495718288094019290,10,5,136,1495718288.09
1495718288094453283,10,3,136,1495718288.09
1495718288120471117,10,5,0,0.0
1495718288122403975,10,3,0,0.0
1495718288149900069,10,5,136,1495718288.14
1495718288149952310,10,3,136,1495718288.14
1495718288198842745,10,5,136,1495718288.19
1495718288199316339,10,3,136,1495718288.19
1495718288218835651,10,5,0,0.0
1495718288226425792,10,3,0,0.0
1495718288247632958,10,5,136,1495718288.24
1495718288248261529,10,3,136,1495718288.24
1495718288297232212,10,5,136,1495718288.29
1495718288298873412,10,3,136,1495718288.29
1495718288298934244,10,5,0,0.0
1495718288299159971,10,3,0,0.0
1495718288345985758,10,5,136,1495718288.34
1495718288349014006,10,3,136,1495718288.34
1495718288377790920,10,5,0,0.0
1495718288386532744,10,3,0,0.0
1495718288398363927,10,5,136,1495718288.39
1495718288398958696,10,3,136,1495718288.39
1495718288447878534,10,5,136,1495718288.44
1495718288448107474,10,3,136,1495718288.44
1495718288470991878,10,5,0,0.0
1495718288473504558,10,3,0,0.0
1495718288497401172,10,5,136,1495718288.49
1495718288497665102,10,3,136,1495718288.49
1495718288542522064,10,5,0,0.0
1495718288545458470,10,5,136,1495718288.54
1495718288545685944,10,3,136,1495718288.54
1495718288551690129,10,3,0,0.0
1495718288595290226,10,5,136,1495718288.59
1495718288595571128,10,3,136,1495718288.59
1495718288626203655,10,5,0,0.0
1495718288626260994,10,3,0,0.0
1495718288647457964,10,5,136,1495718288.64
1495718288647728319,10,3,136,1495718288.64
1495718288697769669,10,5,136,1495718288.69
1495718288698017815,10,3,136,1495718288.69
1495718288716473444,10,5,0,0.0
1495718288719037876,10,3,0,0.0
1495718288745489634,10,5,136,1495718288.74
1495718288745697551,10,3,136,1495718288.74
1495718288798107358,10,5,0,0.0
1495718288799483581,10,5,136,1495718288.79
1495718288799546159,10,3,136,1495718288.79
1495718288800668927,10,3,0,0.0
1495718288848544568,10,5,136,1495718288.84
1495718288848601559,10,3,136,1495718288.84
1495718288876688231,10,5,0,0.0
1495718288876743894,10,3,0,0.0
1495718288898806826,10,5,136,1495718288.89
1495718288899065448,10,3,136,1495718288.89
1495718288944526536,10,5,136,1495718288.94
1495718288947775273,10,3,136,1495718288.94
1495718288967145334,10,5,0,0.0
1495718288969956795,10,3,0,0.0
1495718288999951462,10,5,136,1495718288.99
1495718289000010757,10,3,136,1495718288.99
1495718289048992963,10,5,136,1495718289.04
1495718289049046811,10,3,136,1495718289.04
1495718289052743161,10,5,0,0.0
1495718289052805320,10,3,0,0.0
1495718289099057151,10,5,136,1495718289.09
1495718289100679913,10,3,136,1495718289.09
1495718289134563412,10,5,0,0.0
1495718289140237597,10,3,0,0.0
1495718289150119440,10,5,136,1495718289.14
1495718289150172729,10,3,136,1495718289.14
1495718289197876212,10,5,136,1495718289.19
1495718289198921177,10,3,136,1495718289.19
1495718289220932286,10,5,0,0.0
1495718289223697861,10,3,0,0.0
1495718289250023904,10,5,136,1495718289.24
1495718289250512095,10,3,136,1495718289.24
1495718289298026447,10,5,136,1495718289.29
1495718289298240511,10,3,136,1495718289.29
1495718289301681870,10,5,0,0.0
1495718289303332569,10,3,0,0.0
1495718289345996653,10,5,136,1495718289.34
1495718289348625130,10,3,136,1495718289.34
1495718289395801800,10,5,136,1495718289.39
1495718289398345210,10,3,136,1495718289.39
1495718289410107669,10,5,0,0.0
1495718289411092571,10,3,0,0.0
1495718289448521493,10,5,136,1495718289.44
1495718289448580788,10,3,136,1495718289.44
1495718289535107084,10,5,136,1495718289.49
1495718289535166170,10,3,136,1495718289.49
1495718289535197599,10,5,0,0.0
1495718289536289148,10,3,0,0.0
1495718289568968862,10,5,136,1495718289.54
1495718289569055605,10,3,136,1495718289.54
1495718289588975457,10,5,0,0.0
1495718289600103757,10,3,0,0.0
1495718289607897765,10,5,136,1495718289.6
1495718289608957816,10,3,136,1495718289.6
1495718289647766313,10,5,136,1495718289.64
1495718289648258135,10,3,136,1495718289.64
1495718289695116887,10,5,136,1495718289.69
1495718289696336037,10,3,136,1495718289.69
1495718289703853403,10,5,0,0.0
1495718289704687099,10,3,0,0.0
1495718289747620282,10,5,136,1495718289.74
1495718289747691310,10,3,136,1495718289.74
1495718289765018165,10,5,0,0.0
1495718289768488787,10,3,0,0.0
1495718289795522812,10,5,136,1495718289.79
1495718289795631555,10,3,136,1495718289.79
1495718289845333406,10,5,136,1495718289.84
1495718289847240352,10,3,136,1495718289.84
1495718289857320545,10,5,0,0.0
1495718289860021307,10,3,0,0.0
1495718289895527498,10,5,136,1495718289.89
1495718289895637847,10,3,136,1495718289.89
1495718289934613753,10,5,0,0.0
1495718289934659430,10,3,0,0.0
1495718289948544436,10,5,136,1495718289.94
1495718289949215401,10,3,136,1495718289.94
1495718289997371664,10,5,136,1495718289.99
1495718289997442972,10,3,136,1495718289.99
1495718290002681837,10,5,0,0.0
1495718290002899113,10,3,0,0.0
1495718290044703381,10,5,136,1495718290.04
1495718290044791870,10,3,136,1495718290.04
1495718290072518511,10,5,0,0.0
1495718290073949000,10,3,0,0.0
1495718290094636826,10,5,136,1495718290.09
1495718290095680744,10,3,136,1495718290.09
1495718290155442673,10,5,136,1495718290.14
1495718290156024521,10,3,136,1495718290.14
1495718290159583004,10,5,0,0.0
1495718290164364618,10,3,0,0.0
1495718290195350960,10,5,136,1495718290.19
1495718290195454814,10,3,136,1495718290.19
1495718290230441666,10,5,0,0.0
1495718290231977755,10,3,0,0.0
1495718290245076837,10,5,136,1495718290.24
1495718290245265757,10,3,136,1495718290.24
1495718290297669977,10,5,136,1495718290.29
1495718290297751761,10,3,136,1495718290.29
1495718290319709302,10,5,0,0.0
1495718290324591487,10,3,0,0.0
1495718290344613307,10,5,136,1495718290.34
1495718290345404399,10,3,136,1495718290.34
1495718290395182028,10,5,136,1495718290.39
1495718290395428009,10,3,136,1495718290.39
1495718290403170265,10,5,0,0.0
1495718290408649802,10,3,0,0.0
1495718290445576845,10,5,136,1495718290.44
1495718290448607537,10,3,136,1495718290.44
1495718290494682461,10,5,136,1495718290.49
1495718290494750695,10,3,136,1495718290.49
1495718290516526090,10,5,0,0.0
1495718290520393342,10,3,0,0.0
1495718290548087785,10,5,136,1495718290.54
1495718290548933284,10,3,136,1495718290.54
1495718290580490998,10,5,0,0.0
1495718290589680854,10,3,0,0.0
1495718290594271871,10,5,136,1495718290.59
1495718290594322087,10,3,136,1495718290.59
1495718290644870623,10,5,136,1495718290.64
1495718290644955900,10,3,136,1495718290.64
1495718290695347154,10,5,136,1495718290.69
1495718290696711923,10,3,136,1495718290.69
1495718290744847094,10,5,136,1495718290.74
1495718290747129996,10,3,136,1495718290.74
1495718290801856019,10,5,136,1495718290.79
1495718290801959943,10,3,136,1495718290.79
1495718290847299508,10,5,136,1495718290.84
1495718290847373470,10,3,136,1495718290.84
1495718290901384807,10,5,136,1495718290.89
1495718290901518064,10,3,136,1495718290.89
1495718290944535127,10,5,136,1495718290.94
1495718290945093508,10,3,136,1495718290.94
1495718290995772648,10,5,136,1495718290.99
1495718290999351385,10,3,136,1495718290.99
1495718291046407509,10,5,136,1495718291.04
1495718291046619058,10,3,136,1495718291.04
1495718291099858021,10,5,136,1495718291.09
1495718291100122580,10,3,136,1495718291.09
1495718291150004831,10,5,136,1495718291.14
1495718291150328685,10,3,136,1495718291.14
1495718291196121519,10,5,136,1495718291.19
1495718291196219297,10,3,136,1495718291.19
1495718291245192494,10,5,136,1495718291.24
1495718291245325123,10,3,136,1495718291.24
1495718291297050834,10,5,136,1495718291.29
1495718291297545031,10,3,136,1495718291.29
1495718291345551276,10,5,136,1495718291.34
1495718291345627123,10,3,136,1495718291.34
1495718291395387082,10,5,136,1495718291.39
1495718291395492473,10,3,136,1495718291.39
1495718291444320121,10,5,136,1495718291.44
1495718291444374806,10,3,136,1495718291.44
1495718291495709477,10,5,136,1495718291.49
1495718291497008455,10,3,136,1495718291.49
1495718291546968788,10,5,136,1495718291.54
1495718291547031157,10,3,136,1495718291.54
1495718291594879280,10,5,136,1495718291.59
1495718291594943395,10,3,136,1495718291.59
1495718291645291557,10,5,136,1495718291.64
1495718291648836212,10,3,136,1495718291.64
1495718291695290303,10,5,136,1495718291.69
1495718291695391503,10,3,136,1495718291.69
1495718291744305405,10,5,136,1495718291.74
1495718291744362605,10,3,136,1495718291.74
1495718291795419517,10,5,136,1495718291.79
1495718291796245599,10,3,136,1495718291.79
1495718291847915368,10,5,136,1495718291.84
1495718291848025927,10,3,136,1495718291.84
1495718291895875517,10,5,136,1495718291.89
1495718291895983213,10,3,136,1495718291.89
1495718291944818403,10,5,136,1495718291.94
1495718291944886568,10,3,136,1495718291.94
