%time,field.DevID,field.MsgID,field.Data,field.Time
1495801448163309642,10,5,-177,1495801448.16
1495801448163667927,10,3,136,1495801448.16
1495801448214003239,10,5,-177,1495801448.21
1495801448214384154,10,3,136,1495801448.21
1495801448260646810,10,5,-177,1495801448.26
1495801448260846346,10,3,136,1495801448.26
1495801448312666067,10,5,-177,1495801448.31
1495801448313382011,10,3,136,1495801448.31
1495801448360673219,10,5,-177,1495801448.36
1495801448361446782,10,3,136,1495801448.36
1495801448411157991,10,5,-177,1495801448.41
1495801448411788238,10,3,136,1495801448.41
1495801448460423892,10,5,-177,1495801448.46
1495801448461027669,10,3,136,1495801448.46
1495801448511204510,10,5,-177,1495801448.51
1495801448511910885,10,3,136,1495801448.51
1495801448560236793,10,5,-177,1495801448.56
1495801448561768622,10,3,136,1495801448.56
1495801448611403077,10,5,-177,1495801448.61
1495801448611669941,10,3,136,1495801448.61
1495801448663799475,10,5,-177,1495801448.66
1495801448664128148,10,3,136,1495801448.66
1495801448712604075,10,5,-177,1495801448.71
1495801448712667840,10,3,136,1495801448.71
1495801448761299861,10,5,-177,1495801448.76
1495801448761911461,10,3,136,1495801448.76
1495801448812356563,10,5,-177,1495801448.81
1495801448812413414,10,3,136,1495801448.81
1495801448861189519,10,5,-177,1495801448.86
1495801448861789385,10,3,136,1495801448.86
1495801448909486931,10,5,-177,1495801448.91
1495801448909668449,10,3,136,1495801448.91
1495801448961742323,10,5,-177,1495801448.96
1495801448962427535,10,3,136,1495801448.96
1495801449012048578,10,5,-177,1495801449.01
1495801449012451772,10,3,136,1495801449.01
1495801449063487520,10,5,-177,1495801449.06
1495801449063680352,10,3,136,1495801449.06
1495801449111878730,10,5,-177,1495801449.11
1495801449112159632,10,3,136,1495801449.11
1495801449162400728,10,5,-177,1495801449.16
1495801449162622195,10,3,136,1495801449.16
1495801449213765363,10,5,-177,1495801449.21
1495801449214314175,10,3,136,1495801449.21
1495801449260956070,10,5,-177,1495801449.26
1495801449261327486,10,3,136,1495801449.26
1495801449310774765,10,5,-177,1495801449.31
1495801449311409273,10,3,136,1495801449.31
1495801449360979262,10,5,-177,1495801449.36
1495801449361228246,10,3,136,1495801449.36
1495801449412437132,10,5,-177,1495801449.41
1495801449414989273,10,3,136,1495801449.41
1495801449464935710,10,5,-177,1495801449.46
1495801449464984320,10,3,136,1495801449.46
1495801449509565126,10,5,-177,1495801449.51
1495801449510131190,10,3,136,1495801449.51
1495801449559780591,10,5,-177,1495801449.56
1495801449560191049,10,3,136,1495801449.56
1495801449613715800,10,5,-177,1495801449.61
1495801449617948112,10,3,136,1495801449.61
1495801449662254514,10,5,-177,1495801449.66
1495801449662807937,10,3,136,1495801449.66
1495801449711498905,10,5,-177,1495801449.71
1495801449712154505,10,3,136,1495801449.71
1495801449759988451,10,5,-177,1495801449.76
1495801449760601448,10,3,136,1495801449.76
1495801449810701046,10,5,-177,1495801449.81
1495801449811522590,10,3,136,1495801449.81
1495801449864175514,10,5,79,1495801449.86
1495801449864463190,10,3,136,1495801449.86
1495801449914031015,10,5,82,1495801449.91
1495801449914819453,10,3,136,1495801449.91
1495801449963216180,10,5,109,1495801449.96
1495801449963738733,10,3,136,1495801449.96
1495801450013025866,10,5,103,1495801450.01
1495801450013629225,10,3,136,1495801450.01
1495801450062802308,10,5,104,1495801450.06
1495801450063711782,10,3,136,1495801450.06
1495801450110348368,10,5,101,1495801450.11
1495801450110692965,10,3,136,1495801450.11
1495801450160654488,10,5,-97,1495801450.16
1495801450160988749,10,3,136,1495801450.16
1495801450211554256,10,5,-104,1495801450.21
1495801450211936986,10,3,136,1495801450.21
1495801450260023408,10,5,-177,1495801450.26
1495801450260356411,10,3,136,1495801450.26
1495801450312945709,10,5,-177,1495801450.31
1495801450313285627,10,3,136,1495801450.31
1495801450361340760,10,5,106,1495801450.36
1495801450361676557,10,3,136,1495801450.36
1495801450412180747,10,5,136,1495801450.41
1495801450412817909,10,3,136,1495801450.41
1495801450460465728,10,5,136,1495801450.46
1495801450461685716,10,3,136,1495801450.46
1495801450513315882,10,5,136,1495801450.51
1495801450513562352,10,3,136,1495801450.51
1495801450563388939,10,5,136,1495801450.56
1495801450563632686,10,3,136,1495801450.56
1495801450613628149,10,5,136,1495801450.61
1495801450614637846,10,3,136,1495801450.61
1495801450661093822,10,5,136,1495801450.66
1495801450662350547,10,3,136,1495801450.66
1495801450713359131,10,5,136,1495801450.71
1495801450713729639,10,3,136,1495801450.71
1495801450761259775,10,5,136,1495801450.76
1495801450761715560,10,3,136,1495801450.76
1495801450813048411,10,5,136,1495801450.81
1495801450814041065,10,3,136,1495801450.81
1495801450863849284,10,5,136,1495801450.86
1495801450864492173,10,3,136,1495801450.86
1495801450911424608,10,5,136,1495801450.91
1495801450911819560,10,3,136,1495801450.91
1495801450961228777,10,5,136,1495801450.96
1495801450961598027,10,3,136,1495801450.96
1495801451015817703,10,5,136,1495801451.01
1495801451015878814,10,3,136,1495801451.01
1495801451063519230,10,5,136,1495801451.06
1495801451064362773,10,3,136,1495801451.06
1495801451109791736,10,5,136,1495801451.11
1495801451110063977,10,3,136,1495801451.11
1495801451160104347,10,5,136,1495801451.16
1495801451160748004,10,3,136,1495801451.16
1495801451210958718,10,5,136,1495801451.21
1495801451211146102,10,3,136,1495801451.21
1495801451263402609,10,5,136,1495801451.26
1495801451263636228,10,3,136,1495801451.26
1495801451319222834,10,5,136,1495801451.31
1495801451319691399,10,3,136,1495801451.31
1495801451363661308,10,5,136,1495801451.36
1495801451363776826,10,3,136,1495801451.36
1495801451419165573,10,5,136,1495801451.41
1495801451419549770,10,3,136,1495801451.41
1495801451462577447,10,5,136,1495801451.46
1495801451463197567,10,3,136,1495801451.46
1495801451511158345,10,5,136,1495801451.51
1495801451511906485,10,3,136,1495801451.51
1495801451564244148,10,5,136,1495801451.56
1495801451564437679,10,3,136,1495801451.56
1495801451616730640,10,5,136,1495801451.61
1495801451617284271,10,3,136,1495801451.61
1495801451662601698,10,5,136,1495801451.66
1495801451664041266,10,3,136,1495801451.66
1495801451712768551,10,5,136,1495801451.71
1495801451713092824,10,3,136,1495801451.71
1495801451759580091,10,5,136,1495801451.76
1495801451759888370,10,3,136,1495801451.76
1495801451809625769,10,5,136,1495801451.81
1495801451810110887,10,3,136,1495801451.81
1495801451863776512,10,5,136,1495801451.86
1495801451864387623,10,3,136,1495801451.86
1495801451913136491,10,5,136,1495801451.91
1495801451914479399,10,3,136,1495801451.91
1495801451959731451,10,5,136,1495801451.96
1495801451960083451,10,3,-177,1495801451.96
1495801452009781113,10,5,136,1495801452.01
1495801452010621303,10,3,-177,1495801452.01
1495801452060910518,10,5,136,1495801452.06
1495801452061453184,10,3,-177,1495801452.06
1495801452112338356,10,5,136,1495801452.11
1495801452112547321,10,3,-177,1495801452.11
1495801452164476482,10,5,136,1495801452.16
1495801452169615611,10,3,-177,1495801452.16
1495801452212681425,10,5,136,1495801452.21
1495801452213279686,10,3,-177,1495801452.21
1495801452260925410,10,5,136,1495801452.26
1495801452261779639,10,3,-94,1495801452.26
1495801452310819604,10,5,136,1495801452.31
1495801452311214835,10,3,79,1495801452.31
1495801452362999351,10,5,136,1495801452.36
1495801452363630157,10,3,136,1495801452.36
1495801452412715240,10,5,136,1495801452.41
1495801452413042167,10,3,136,1495801452.41
1495801452459633427,10,5,136,1495801452.46
1495801452464256852,10,3,136,1495801452.46
1495801452509678618,10,5,136,1495801452.51
1495801452510366765,10,3,136,1495801452.51
1495801452562877913,10,5,136,1495801452.56
1495801452563215526,10,3,136,1495801452.56
1495801452619156926,10,5,136,1495801452.61
1495801452619222647,10,3,136,1495801452.61
1495801452660911048,10,5,136,1495801452.66
1495801452661160940,10,3,136,1495801452.66
1495801452710148803,10,5,136,1495801452.71
1495801452710390315,10,3,136,1495801452.71
1495801452761591379,10,5,136,1495801452.76
1495801452762078522,10,3,136,1495801452.76
1495801452809577718,10,5,136,1495801452.81
1495801452809925737,10,3,136,1495801452.81
1495801452863060220,10,5,136,1495801452.86
1495801452863621674,10,3,129,1495801452.86
1495801452909882725,10,5,136,1495801452.91
1495801452910271881,10,3,136,1495801452.91
1495801452960627095,10,5,136,1495801452.96
1495801452961144828,10,3,-177,1495801452.96
1495801453011333263,10,5,136,1495801453.01
1495801453011935155,10,3,-177,1495801453.01
1495801453063369630,10,5,136,1495801453.06
1495801453063596195,10,3,-177,1495801453.06
1495801453114505394,10,5,136,1495801453.11
1495801453114658486,10,3,-177,1495801453.11
1495801453162684775,10,5,136,1495801453.16
1495801453163059123,10,3,-163,1495801453.16
1495801453215642973,10,5,136,1495801453.21
1495801453215953697,10,3,-156,1495801453.21
1495801453262210277,10,5,136,1495801453.26
1495801453262650836,10,3,136,1495801453.26
1495801453309495969,10,5,136,1495801453.31
1495801453310002877,10,3,136,1495801453.31
1495801453359729592,10,5,136,1495801453.36
1495801453360075166,10,3,136,1495801453.36
1495801453413365396,10,5,136,1495801453.41
1495801453413539999,10,3,136,1495801453.41
1495801453461440993,10,5,136,1495801453.46
1495801453462148485,10,3,136,1495801453.46
1495801453509606475,10,5,136,1495801453.51
1495801453509952120,10,3,136,1495801453.51
1495801453559602496,10,5,136,1495801453.56
1495801453559883537,10,3,136,1495801453.56
1495801453609636790,10,5,136,1495801453.61
1495801453610000593,10,3,136,1495801453.61
1495801453663849621,10,5,136,1495801453.66
1495801453664185488,10,3,136,1495801453.66
1495801453713459423,10,5,136,1495801453.71
1495801453713656865,10,3,136,1495801453.71
1495801453761033838,10,5,136,1495801453.76
1495801453761337928,10,3,136,1495801453.76
1495801453810891575,10,5,136,1495801453.81
1495801453811110457,10,3,136,1495801453.81
1495801453864966116,10,5,136,1495801453.86
1495801453870003003,10,3,82,1495801453.86
1495801453911097611,10,5,136,1495801453.91
1495801453911419021,10,3,83,1495801453.91
1495801453961623589,10,5,136,1495801453.96
1495801453962265152,10,3,94,1495801453.96
1495801454011387670,10,5,136,1495801454.01
1495801454011785766,10,3,-115,1495801454.01
1495801454064085992,10,5,136,1495801454.06
1495801454064406284,10,3,-121,1495801454.06
1495801454113787632,10,5,136,1495801454.11
1495801454114782661,10,3,-148,1495801454.11
1495801454164091934,10,5,136,1495801454.16
1495801454164762550,10,3,-142,1495801454.16
1495801454212264750,10,5,136,1495801454.21
1495801454212871252,10,3,70,1495801454.21
1495801454268251270,10,5,136,1495801454.26
1495801454268620730,10,3,72,1495801454.26
1495801454310646256,10,5,136,1495801454.31
1495801454311536803,10,3,136,1495801454.31
1495801454362190592,10,5,136,1495801454.36
1495801454362599303,10,3,136,1495801454.36
1495801454411699121,10,5,136,1495801454.41
1495801454412356467,10,3,136,1495801454.41
1495801454461617548,10,5,136,1495801454.46
1495801454462317498,10,3,136,1495801454.46
1495801454510980110,10,5,136,1495801454.51
1495801454512012993,10,3,136,1495801454.51
1495801454562835169,10,5,136,1495801454.56
1495801454562954668,10,3,136,1495801454.56
1495801454612928133,10,5,136,1495801454.61
1495801454613210571,10,3,136,1495801454.61
1495801454664515418,10,5,136,1495801454.66
1495801454665133303,10,3,136,1495801454.66
1495801454713198633,10,5,136,1495801454.71
1495801454714424836,10,3,136,1495801454.71
1495801454760805665,10,5,136,1495801454.76
1495801454761932833,10,3,136,1495801454.76
1495801454813757090,10,5,136,1495801454.81
1495801454814448310,10,3,136,1495801454.81
1495801454862702002,10,5,136,1495801454.86
1495801454863321775,10,3,136,1495801454.86
1495801454913145849,10,5,136,1495801454.91
1495801454913395253,10,3,-144,1495801454.91
1495801454963422074,10,5,136,1495801454.96
1495801454965006213,10,3,-144,1495801454.96
1495801455012985988,10,5,136,1495801455.01
1495801455013845244,10,3,-177,1495801455.01
1495801455062879692,10,5,136,1495801455.06
1495801455063255368,10,3,-172,1495801455.06
1495801455114450496,10,5,136,1495801455.11
1495801455114686909,10,3,-177,1495801455.11
1495801455162903446,10,5,136,1495801455.16
1495801455163759561,10,3,-148,1495801455.16
1495801455212231927,10,5,136,1495801455.21
1495801455212421616,10,3,-136,1495801455.21
1495801455260759886,10,5,136,1495801455.26
1495801455261129137,10,3,-134,1495801455.26
1495801455313140078,10,5,136,1495801455.31
1495801455313539430,10,3,136,1495801455.31
1495801455363315103,10,5,136,1495801455.36
1495801455363674716,10,3,136,1495801455.36
1495801455410522503,10,5,136,1495801455.41
1495801455411211976,10,3,136,1495801455.41
1495801455464110674,10,5,136,1495801455.46
1495801455467828605,10,3,136,1495801455.46
1495801455512262678,10,5,136,1495801455.51
1495801455512889783,10,3,136,1495801455.51
1495801455563002859,10,5,136,1495801455.56
1495801455563621653,10,3,136,1495801455.56
1495801455611128183,10,5,136,1495801455.61
1495801455614539508,10,3,136,1495801455.61
1495801455663642331,10,5,136,1495801455.66
1495801455664499493,10,3,136,1495801455.66
1495801455710744200,10,5,136,1495801455.71
1495801455710940943,10,3,136,1495801455.71
1495801455761190629,10,5,136,1495801455.76
1495801455761767309,10,3,136,1495801455.76
1495801455810791421,10,5,136,1495801455.81
1495801455810985719,10,3,136,1495801455.81
1495801455863667839,10,5,136,1495801455.86
1495801455863834899,10,3,136,1495801455.86
1495801455915294514,10,5,136,1495801455.91
1495801455919741240,10,3,136,1495801455.91
1495801455963657298,10,5,136,1495801455.96
1495801455963854110,10,3,136,1495801455.96
1495801456012997231,10,5,136,1495801456.01
1495801456013332888,10,3,94,1495801456.01
1495801456063892183,10,5,136,1495801456.06
1495801456064620768,10,3,80,1495801456.06
1495801456112145246,10,5,136,1495801456.11
1495801456112585666,10,3,-170,1495801456.11
1495801456159742430,10,5,136,1495801456.16
1495801456159916964,10,3,-174,1495801456.16
1495801456209683350,10,5,136,1495801456.21
1495801456210117622,10,3,-115,1495801456.21
1495801456263873198,10,5,136,1495801456.26
1495801456264211300,10,3,88,1495801456.26
1495801456318501307,10,5,136,1495801456.31
1495801456319361960,10,3,76,1495801456.31
1495801456360840277,10,5,136,1495801456.36
1495801456362313091,10,3,-110,1495801456.36
1495801456412864005,10,5,136,1495801456.41
1495801456413488456,10,3,136,1495801456.41
1495801456463038681,10,5,136,1495801456.46
1495801456463234725,10,3,136,1495801456.46
1495801456513073254,10,5,136,1495801456.51
1495801456513478822,10,3,136,1495801456.51
1495801456563402559,10,5,136,1495801456.56
1495801456563453613,10,3,136,1495801456.56
1495801456612937908,10,5,136,1495801456.61
1495801456613737870,10,3,136,1495801456.61
1495801456664641902,10,5,136,1495801456.66
1495801456664870911,10,3,136,1495801456.66
1495801456712731956,10,5,136,1495801456.71
1495801456713100369,10,3,136,1495801456.71
1495801456763048340,10,5,136,1495801456.76
1495801456763807025,10,3,136,1495801456.76
1495801456812376399,10,5,136,1495801456.81
1495801456813030951,10,3,136,1495801456.81
1495801456862724491,10,5,136,1495801456.86
1495801456863335462,10,3,136,1495801456.86
1495801456912008272,10,5,136,1495801456.91
1495801456912645923,10,3,136,1495801456.91
1495801456962420409,10,5,136,1495801456.96
1495801456963025026,10,3,136,1495801456.96
1495801457010517727,10,5,136,1495801457.01
1495801457011135054,10,3,136,1495801457.01
1495801457060361776,10,5,136,1495801457.06
1495801457060556913,10,3,117,1495801457.06
1495801457109635012,10,5,136,1495801457.11
1495801457110352631,10,3,-151,1495801457.11
1495801457162659978,10,5,136,1495801457.16
1495801457164246702,10,3,-165,1495801457.16
1495801457213370896,10,5,136,1495801457.21
1495801457214367322,10,3,-177,1495801457.21
1495801457259384918,10,5,136,1495801457.26
1495801457259958804,10,3,-177,1495801457.26
1495801457310482967,10,5,136,1495801457.31
1495801457311123062,10,3,-177,1495801457.31
1495801457362391595,10,5,136,1495801457.36
1495801457362972115,10,3,-177,1495801457.36
1495801457412746181,10,5,136,1495801457.41
1495801457413190441,10,3,112,1495801457.41
1495801457462321199,10,5,136,1495801457.46
1495801457462702393,10,3,136,1495801457.46
1495801457512716225,10,5,136,1495801457.51
1495801457513087292,10,3,136,1495801457.51
1495801457561559796,10,5,136,1495801457.56
1495801457562040724,10,3,136,1495801457.56
1495801457611476551,10,5,136,1495801457.61
1495801457612978838,10,3,136,1495801457.61
1495801457663086746,10,5,136,1495801457.66
1495801457663680606,10,3,136,1495801457.66
1495801457712892240,10,5,136,1495801457.71
1495801457713093243,10,3,136,1495801457.71
1495801457763933576,10,5,136,1495801457.76
1495801457764259176,10,3,136,1495801457.76
1495801457812592557,10,5,136,1495801457.81
1495801457812784760,10,3,136,1495801457.81
1495801457862531171,10,5,136,1495801457.86
1495801457863192847,10,3,136,1495801457.86
1495801457910515205,10,5,136,1495801457.91
1495801457911138400,10,3,136,1495801457.91
1495801457961666196,10,5,136,1495801457.96
1495801457962396526,10,3,136,1495801457.96
1495801458013708984,10,5,136,1495801458.01
1495801458014881479,10,3,136,1495801458.01
1495801458062573438,10,5,136,1495801458.06
1495801458062776257,10,3,136,1495801458.06
1495801458109429467,10,5,136,1495801458.11
1495801458109729295,10,3,136,1495801458.11
1495801458160753591,10,5,136,1495801458.16
1495801458161397457,10,3,136,1495801458.16
1495801458212218447,10,5,136,1495801458.21
1495801458212821807,10,3,136,1495801458.21
1495801458263010591,10,5,136,1495801458.26
1495801458263246445,10,3,136,1495801458.26
1495801458310487509,10,5,136,1495801458.31
1495801458311118384,10,3,136,1495801458.31
1495801458364378507,10,5,136,1495801458.36
1495801458366331689,10,3,136,1495801458.36
1495801458412835297,10,5,136,1495801458.41
1495801458413433139,10,3,136,1495801458.41
1495801458463499283,10,5,136,1495801458.46
1495801458464180935,10,3,136,1495801458.46
1495801458511270721,10,5,136,1495801458.51
1495801458512211205,10,3,136,1495801458.51
1495801458561483603,10,5,136,1495801458.56
1495801458562146327,10,3,136,1495801458.56
1495801458611463770,10,5,136,1495801458.61
1495801458611744043,10,3,136,1495801458.61
1495801458662060077,10,5,136,1495801458.66
1495801458662659245,10,3,136,1495801458.66
1495801458711253902,10,5,136,1495801458.71
1495801458712338607,10,3,136,1495801458.71
1495801458763203037,10,5,136,1495801458.76
1495801458763803883,10,3,136,1495801458.76
1495801458812973893,10,5,136,1495801458.81
1495801458813995323,10,3,136,1495801458.81
1495801458862645852,10,5,136,1495801458.86
1495801458864484702,10,3,136,1495801458.86
1495801458910600763,10,5,136,1495801458.91
1495801458911203703,10,3,136,1495801458.91
1495801458962942891,10,5,136,1495801458.96
1495801458963190409,10,3,136,1495801458.96
1495801459013908521,10,5,136,1495801459.01
1495801459014163581,10,3,136,1495801459.01
1495801459061630511,10,5,136,1495801459.06
1495801459062668074,10,3,136,1495801459.06
1495801459111235214,10,5,136,1495801459.11
1495801459111840249,10,3,136,1495801459.11
1495801459160572495,10,5,136,1495801459.16
1495801459161195689,10,3,136,1495801459.16
1495801459210318207,10,5,136,1495801459.21
1495801459211740034,10,3,136,1495801459.21
1495801459260003713,10,5,136,1495801459.26
1495801459260596875,10,3,136,1495801459.26
1495801459309969563,10,5,136,1495801459.31
1495801459310673144,10,3,136,1495801459.31
1495801459364232680,10,5,136,1495801459.36
1495801459364856224,10,3,136,1495801459.36
1495801459412981478,10,5,136,1495801459.41
1495801459413233326,10,3,136,1495801459.41
1495801459463424414,10,5,136,1495801459.46
1495801459464980337,10,3,136,1495801459.46
1495801459512620264,10,5,136,1495801459.51
1495801459513206791,10,3,136,1495801459.51
1495801459562642267,10,5,136,1495801459.56
1495801459562990006,10,3,136,1495801459.56
1495801459613438880,10,5,136,1495801459.61
1495801459614094550,10,3,136,1495801459.61
1495801459662857176,10,5,136,1495801459.66
1495801459663536174,10,3,136,1495801459.66
1495801459711383669,10,5,136,1495801459.71
1495801459712209124,10,3,136,1495801459.71
1495801459760859515,10,5,136,1495801459.76
1495801459761713185,10,3,136,1495801459.76
1495801459813475491,10,5,136,1495801459.81
1495801459814663561,10,3,136,1495801459.81
1495801459863777139,10,5,136,1495801459.86
1495801459864384478,10,3,136,1495801459.86
1495801459913077262,10,5,136,1495801459.91
1495801459913946856,10,3,136,1495801459.91
1495801459964211491,10,5,136,1495801459.96
1495801459964779650,10,3,136,1495801459.96
1495801460013002333,10,5,136,1495801460.01
1495801460013555197,10,3,136,1495801460.01
1495801460062921320,10,5,136,1495801460.06
1495801460063222824,10,3,136,1495801460.06
1495801460113466223,10,5,136,1495801460.11
1495801460114023137,10,3,136,1495801460.11
1495801460169946313,10,5,136,1495801460.16
1495801460171041493,10,3,136,1495801460.16
1495801460212628204,10,5,136,1495801460.21
1495801460212836401,10,3,136,1495801460.21
1495801460261333909,10,5,136,1495801460.26
1495801460261539242,10,3,136,1495801460.26
1495801460310644440,10,5,136,1495801460.31
1495801460311022491,10,3,136,1495801460.31
1495801460361583951,10,5,136,1495801460.36
1495801460361911157,10,3,136,1495801460.36
1495801460411140741,10,5,136,1495801460.41
1495801460411346004,10,3,136,1495801460.41
1495801460462910101,10,5,136,1495801460.46
1495801460464068628,10,3,136,1495801460.46
1495801460512403755,10,5,136,1495801460.51
1495801460513185349,10,3,136,1495801460.51
1495801460563664605,10,5,136,1495801460.56
1495801460565100473,10,3,136,1495801460.56
1495801460614320699,10,5,136,1495801460.61
1495801460614659918,10,3,136,1495801460.61
1495801460662441413,10,5,136,1495801460.66
1495801460663014879,10,3,136,1495801460.66
1495801460710713124,10,5,136,1495801460.71
1495801460711380946,10,3,136,1495801460.71
1495801460763064471,10,5,136,1495801460.76
1495801460764022274,10,3,136,1495801460.76
1495801460812802011,10,5,136,1495801460.81
1495801460813371637,10,3,136,1495801460.81
1495801460864802551,10,5,136,1495801460.86
1495801460865413034,10,3,136,1495801460.86
1495801460911371041,10,5,136,1495801460.91
1495801460912602205,10,3,136,1495801460.91
1495801460959852277,10,5,136,1495801460.96
1495801460960507877,10,3,136,1495801460.96
