%time,field.timestamp,field.delx,field.dely,field.longitude,field.latitude
1495100716187156991,094516.20,61.7276285374,-492.107531018,9.97777376667,57.0152619167
1495100716371043148,094516.40,61.7529866741,-492.153883637,9.977773,57.015262145
1495100716570643328,094516.60,61.7548376337,-492.182099083,9.97777253333,57.0152621617
1495100716775396738,094516.80,61.7600203182,-492.212329728,9.97777203333,57.0152622083
1495100716968386987,094517.00,61.7722366469,-492.250621542,9.9777714,57.0152623183
1495100717176291924,094517.20,61.7750130852,-492.283875425,9.97777085,57.0152623433
1495100717375321071,094517.40,61.7776044289,-492.332244797,9.97777005,57.0152623667
1495100717577742971,094517.60,61.7937077713,-492.365497886,9.9777695,57.0152625117
1495100717772721605,094517.80,61.8044433324,-492.377589628,9.9777693,57.0152626083
1495100717963799608,094518.00,61.8112918805,-492.429989539,9.97776843333,57.01526267
1495100718183433611,094518.20,61.8199913867,-492.461227673,9.97776791667,57.0152627483
1495100718371327261,094518.40,61.8357245378,-492.476342211,9.97776766667,57.01526289
1495100718573446685,094518.60,61.8510874975,-492.507579947,9.97776715,57.0152630283
1495100718780990534,094518.80,61.8594168117,-492.529748816,9.97776678333,57.0152631033
1495100718969012492,094519.00,61.8681163187,-492.555948457,9.97776635,57.0152631817
1495100719173617766,094519.20,61.8747797707,-492.584163617,9.97776588333,57.0152632417
1495100719374430595,094519.40,61.8903278258,-492.615401341,9.97776536667,57.0152633817
1495100719573487124,094519.60,61.8966210858,-492.637570332,9.977765,57.0152634383
1495100719792466508,094519.80,61.9006931948,-492.664777947,9.97776455,57.015263475
1495100719976088110,094520.00,61.9199431676,-492.69601545,9.97776403333,57.0152636483
1495100720175458228,094520.20,61.9412291953,-492.719191245,9.97776365,57.01526384
1495100720376993906,094520.40,61.9462267852,-492.742368011,9.97776326667,57.015263885
1495100720570063154,094520.60,61.9662171407,-492.766551581,9.97776286667,57.015264065
1495100720798389328,094520.80,61.9701041544,-492.782674524,9.9777626,57.0152641
1495100720966996872,094521.00,61.990834894,-492.816935034,9.97776203333,57.0152642867
1495100721171367410,094521.20,62.0052723736,-492.841118934,9.97776163333,57.0152644167
1495100721374154512,094521.40,62.0173036069,-492.862279884,9.97776128333,57.015264525
1495100721576855008,094521.60,62.0359982916,-492.885455832,9.9777609,57.0152646933
1495100721785133453,094521.80,62.0382194418,-492.902586573,9.97776061667,57.0152647133
1495100721982228483,094522.00,62.0485848123,-492.918709129,9.97776035,57.0152648067
1495100722175331954,094522.20,62.0713516061,-492.945915628,9.9777599,57.0152650117
1495100722371509205,094522.40,62.0922674417,-492.974129935,9.97775943333,57.0152652
1495100722590184568,094522.60,62.1115174144,-492.99730585,9.97775905,57.0152653733
1495100722774934460,094522.80,62.1092962642,-493.004359871,9.97775893333,57.0152653533
1495100722973384906,094523.00,62.1250294153,-493.01846671,9.9777587,57.015265495
1495100723175358353,094523.20,62.1437240986,-493.041642658,9.97775831667,57.0152656633
1495100723378922925,094523.40,62.1694524281,-493.065825884,9.97775791667,57.015265895
1495100723577748561,094523.60,62.1755605927,-493.076910202,9.97775773333,57.01526595
1495100723782482137,094523.80,62.181853852,-493.093033001,9.97775746667,57.0152660067
1495100723965890093,094524.00,62.1890725922,-493.104117252,9.97775728333,57.0152660717
1495100724167959716,094524.20,62.2073970862,-493.127293222,9.9777569,57.0152662367
1495100724372363918,094524.40,62.2373826201,-493.15349159,9.97775646667,57.0152665067
1495100724577694222,094524.60,62.2477479892,-493.164575653,9.97775628333,57.0152666
1495100724792643830,094524.80,62.2381230035,-493.164576228,9.97775628333,57.0152665133
1495100724970986690,094525.00,62.2499691408,-493.175660203,9.9777561,57.01526662
1495100725168528013,094525.20,62.2601494146,-493.185736579,9.97775593333,57.0152667117
1495100725380507138,094525.40,62.269959497,-493.199843771,9.9777557,57.0152668
1495100725571520811,094525.60,62.2880988943,-493.213950466,9.97775546667,57.0152669633
1495100725775644043,094525.80,62.3090147306,-493.2240262,9.9777553,57.0152671517
1495100725969327960,094526.00,62.3158632773,-493.230071982,9.9777552,57.0152672133
1495100726183045846,094526.20,62.3299305655,-493.240148126,9.97775503333,57.01526734
1495100726371470093,094526.40,62.3371493057,-493.244178488,9.97775496667,57.015267405
1495100726581000856,094526.60,62.3612117709,-493.259292527,9.97775471667,57.0152676217
1495100726778570676,094526.80,62.3686156057,-493.264330577,9.97775463333,57.0152676883
1495100726966313193,094527.00,62.3828679899,-493.26836052,9.97775456667,57.0152678167
1495100727191518013,094527.20,62.4026732508,-493.275413225,9.97775445,57.015267995
1495100727369252978,094527.40,62.4043391129,-493.273397729,9.97775448333,57.01526801
1495100727565288805,094527.60,62.419887168,-493.279442991,9.97775438333,57.01526815
1495100727768454721,094527.80,62.4339544562,-493.284480643,9.9777543,57.0152682767
1495100727979018582,094528.00,62.4487621271,-493.28347206,9.97775431667,57.01526841
1495100728172310827,094528.20,62.4683822912,-493.290524777,9.9777542,57.0152685867
1495100728378488511,094528.40,62.4783774697,-493.288508783,9.97775423333,57.0152686767
1495100728570724830,094528.60,62.4918894691,-493.284477183,9.9777543,57.0152687983
1495100728770814730,094528.80,62.5022548389,-493.282461167,9.97775433333,57.0152688917
1495100728977460915,094529.00,62.518358182,-493.278429412,9.9777544,57.0152690367
1495100729173442746,094529.20,62.5352019078,-493.278428406,9.9777544,57.0152691883
1495100729374305785,094529.40,62.5455672783,-493.277420088,9.97775441667,57.0152692817
1495100729565836919,094529.60,62.5683340728,-493.280441824,9.97775436667,57.0152694867
1495100729767997540,094529.80,62.5836970318,-493.276410113,9.97775443333,57.015269625
1495100729981610808,094530.00,62.5844374159,-493.264317688,9.97775463333,57.0152696317
1495100730171307210,094530.20,62.5975792233,-493.259278412,9.97775471667,57.01526975
1495100730372303021,094530.40,62.6105359354,-493.25826994,9.97775473333,57.0152698667
1495100730563014561,094530.60,62.6127570856,-493.246177427,9.97775493333,57.0152698867
1495100730808705651,094530.80,62.6240479348,-493.237107467,9.97775508333,57.0152699883
1495100730965680918,094531.00,62.6375599356,-493.232068169,9.97775516667,57.01527011
1495100731158750511,094531.20,62.6418171408,-493.220983232,9.97775535,57.0152701483
1495100731378108573,094531.40,62.6571801005,-493.216951522,9.97775541667,57.0152702867
1495100731573083575,094531.60,62.6658796074,-493.209897114,9.97775553333,57.015270365
1495100731769731769,094531.80,62.6725430581,-493.202842827,9.97775565,57.015270425
1495100731978059029,094532.00,62.6819829498,-493.195788375,9.97775576667,57.01527051
1495100732172308312,094532.20,62.6877209225,-493.186718747,9.97775591667,57.0152705617
1495100732376781800,094532.40,62.6979011955,-493.178656553,9.97775605,57.0152706533
1495100732600088761,094532.60,62.707896374,-493.170594369,9.97775618333,57.0152707433
1495100732822301373,094532.80,62.7106728115,-493.161524918,9.97775633333,57.0152707683
1495100732971843574,094533.00,62.7180766477,-493.149432096,9.97775653333,57.015270835
1495100733167665265,094533.20,62.7234444297,-493.137339396,9.97775673333,57.0152708833
1495100733379541440,094533.40,62.7301078803,-493.130285109,9.97775685,57.0152709433
1495100733571492667,094533.60,62.7334396074,-493.117184832,9.97775706667,57.0152709733
1495100733776063929,094533.80,62.742139113,-493.101061139,9.97775733333,57.0152710517
1495100733973241172,094534.00,62.7515790047,-493.092998989,9.97775746667,57.0152711367
1495100734174546792,094534.20,62.7497280452,-493.080906719,9.97775766667,57.01527112
1495100734379234139,094534.40,62.7549107297,-493.067806331,9.97775788333,57.0152711667
1495100734579252452,094534.60,62.7654611955,-493.061759512,9.97775798333,57.0152712617
1495100734786538376,094534.80,62.7699034974,-493.045636073,9.97775825,57.0152713017
1495100734966096825,094535.00,62.7784179083,-493.034550883,9.97775843333,57.0152713783
1495100735170483777,094535.20,62.7837856889,-493.024473579,9.9777586,57.0152714267
1495100735372815863,094535.40,62.7321439359,-493.058738405,9.97775803333,57.0152709617
1495100735576763024,094535.60,62.7376968125,-493.043622599,9.97775828333,57.0152710117
1495100735772870162,094535.80,62.7312184565,-493.025484415,9.97775858333,57.0152709533
1495100735975414140,094536.00,62.7367713324,-493.014399402,9.97775876667,57.0152710033
1495100736176480494,094536.20,62.7567616893,-493.012382812,9.9777588,57.0152711833
1495100736371823701,094536.40,62.7610188937,-493.002305575,9.97775896667,57.0152712217
1495100736571530171,094536.60,62.7639804294,-492.986182225,9.97775923333,57.0152712483
1495100736771514959,094536.80,62.7502833332,-492.965021377,9.97775958333,57.015271125
1495100736982352381,094537.00,62.7419540184,-492.946883304,9.97775988333,57.01527105
1495100737224886720,094537.20,62.7486174697,-492.935798224,9.97776006667,57.01527111
1495100737369278407,094537.40,62.7452857433,-492.917659853,9.97776036667,57.01527108
1495100737568580631,094537.60,62.7475068949,-492.906575039,9.97776055,57.0152711
1495100737787111216,094537.80,62.7463963188,-492.896498122,9.97776071667,57.01527109
1495100737963614319,094538.00,62.7467665108,-492.881382624,9.97776096667,57.0152710933
1495100738169654345,094538.20,62.7449155513,-492.865259561,9.97776123333,57.0152710767
1495100738362343932,094538.40,62.7441751686,-492.854174924,9.97776141667,57.01527107
1495100738575756615,094538.60,62.7439900725,-492.834020968,9.97776175,57.0152710683
1495100738787183429,094538.80,62.7512088127,-492.829989744,9.97776181667,57.0152711333
1495100738974244230,094539.00,62.753985251,-492.820920293,9.97776196667,57.0152711583
1495100739172063937,094539.20,62.7532448669,-492.807820259,9.97776218333,57.0152711517
1495100739368554707,094539.40,62.7593530315,-492.799758308,9.97776231667,57.0152712067
1495100739573669687,094539.60,62.720853086,-492.756429576,9.97776303333,57.01527086
1495100739769449753,094539.80,62.6573651958,-492.698994558,9.97776398333,57.0152702883
1495100739963581980,094540.00,62.5749975241,-492.6193913,9.9777653,57.0152695467
1495100740164865747,094540.20,62.4791178538,-492.530719562,9.97776676667,57.0152686833
1495100740371946618,094540.40,62.4023030587,-492.460185256,9.97776793333,57.0152679917
1495100740571621381,094540.60,62.3308560443,-492.372519755,9.97776938333,57.0152673483
1495100740780624290,094540.80,62.2582984564,-492.294931304,9.97777066667,57.015266695
1495100740977181755,094541.00,62.1811134693,-492.213312333,9.97777201667,57.015266
1495100741171543971,094541.20,62.1461303462,-492.161921798,9.97777286667,57.015265685
1495100741435382757,094541.40,62.0911568662,-492.089370788,9.97777406667,57.01526519
1495100741568705016,094541.60,62.0261882092,-492.009766483,9.97777538333,57.015264605
1495100741766710160,094541.80,61.9471522639,-491.91303214,9.97777698333,57.0152638933
1495100741973388742,094542.00,61.8914384005,-491.84048117,9.97777818333,57.0152633917
1495100742171870831,094542.20,61.8357245378,-491.756845516,9.97777956667,57.01526289
1495100742387961994,094542.40,61.8255442633,-491.7064612,9.9777804,57.0152627983
1495100742576540098,094542.60,61.7722366469,-491.6238331,9.97778176667,57.0152623183
1495100742770840501,094542.80,61.7096742361,-491.541205549,9.97778313333,57.015261755
1495100742975383554,094543.00,61.6961622359,-491.48376754,9.97778408333,57.0152616333
1495100743178230015,094543.20,61.6622896883,-491.41524606,9.97778521667,57.0152613283
1495100743374449312,094543.40,61.6250854142,-491.345717078,9.97778636667,57.0152609933
1495100743572057471,094543.60,61.5943594969,-491.268126123,9.97778765,57.0152607167
1495100743768123605,094543.80,61.589547003,-491.208672199,9.97778863333,57.0152606733
1495100743967054627,094544.00,61.5571552222,-491.125035151,9.97779001667,57.0152603817
1495100744176385302,094544.20,61.5303163186,-491.066590234,9.97779098333,57.01526014
1495100744377368888,094544.40,61.5506768668,-490.930549728,9.97779323333,57.0152603233
1495100744568383961,094544.60,61.5360542912,-490.859004004,9.97779441667,57.0152601917
1495100744785934600,094544.80,61.5342033324,-490.811642285,9.9777952,57.015260175
1495100744976961896,094545.00,61.5147682629,-490.742112244,9.97779635,57.01526
1495100745178900494,094545.20,61.5247634413,-490.691726726,9.97779718333,57.01526009
1495100745370327070,094545.40,61.521987003,-490.639326569,9.97779805,57.015260065
1495100745572049722,094545.60,61.521987003,-490.589949343,9.97779886667,57.015260065
1495100745806314635,094545.80,61.5108812498,-490.598011591,9.97779873333,57.015259965
1495100745971314110,094546.00,61.4523909481,-490.632276814,9.97779816667,57.0152594383
1495100746162893432,094546.20,61.3900136333,-490.698788621,9.97779706667,57.0152588767
1495100746375918843,094546.40,61.3583622359,-490.708867486,9.9777969,57.0152585917
1495100746571438537,094546.60,61.3059800996,-490.780417193,9.97779571667,57.01525812
1495100746791103486,094546.80,61.2872854142,-490.844911009,9.97779465,57.0152579517
1495100746966714783,094547.00,61.2767349484,-490.91041204,9.97779356667,57.0152578567
1495100747176230878,094547.20,61.267480154,-490.968859104,9.9777926,57.0152577733
1495100747362310549,094547.40,61.2796964827,-491.024281797,9.97779168333,57.0152578833
1495100747579186733,094547.60,61.288951277,-491.075673871,9.97779083333,57.0152579667
1495100747770480121,094547.80,61.2708118797,-491.194583375,9.97778886667,57.0152578033
1495100747975889135,094548.00,61.282472921,-491.241944512,9.97778808333,57.0152579083
1495100748166358463,094548.20,61.2933935789,-491.281244104,9.97778743333,57.0152580067
1495100748370370652,094548.40,61.3017228938,-491.320543851,9.97778678333,57.0152580817
1495100748576374083,094548.60,61.3174560441,-491.362866253,9.97778608333,57.0152582233
1495100748778472339,094548.80,61.3268959345,-491.39108125,9.97778561667,57.0152583083
1495100748971960281,094549.00,61.3385569765,-491.428365401,9.977785,57.0152584133
1495100749162735098,094549.20,61.3559559897,-491.469680005,9.97778431667,57.01525857
1495100749381111476,094549.40,61.3676170302,-491.500917965,9.9777838,57.015258675
1495100749572723058,094549.60,61.3846458514,-491.527117112,9.97778336667,57.0152588283
1495100749776218141,094549.80,61.4103741809,-491.567423522,9.9777827,57.01525906
1495100749968860516,094550.00,61.4162972502,-491.592615632,9.97778228333,57.0152591133
1495100750166548087,094550.20,61.4296241529,-491.623853492,9.97778176667,57.0152592333
1495100750374453434,094550.40,61.4331409753,-491.642999554,9.97778145,57.015259265
1495100750566530582,094550.60,61.4612755504,-491.681290423,9.97778081667,57.0152595183
1495100750783588492,094550.80,61.4770087014,-491.708497345,9.97778036667,57.01525966
1495100750971196981,094551.00,61.4870038792,-491.73570461,9.97777991667,57.01525975
1495100751169436651,094551.20,61.5210615243,-491.776010522,9.97777925,57.0152600567
1495100751372266492,094551.40,61.5273547843,-491.797171815,9.9777789,57.0152601133
1495100751588049242,094551.60,61.5234677705,-491.81531062,9.9777786,57.0152600783
1495100751766878616,094551.80,61.5332778529,-491.835464005,9.97777826667,57.0152601667
1495100751967337210,094552.00,61.5702970303,-491.879800534,9.97777753333,57.0152605
1495100752176096573,094552.20,61.5751095242,-491.898946519,9.97777721667,57.0152605433
1495100752366994658,094552.40,61.5752946195,-491.920108176,9.97777686667,57.015260545
1495100752570703109,094552.60,61.583068647,-491.936230889,9.9777766,57.015260615
1495100752776227847,094552.80,61.6154604278,-491.973513803,9.97777598333,57.0152609067
1495100752977472994,094553.00,61.6267512771,-491.994674799,9.97777563333,57.0152610083
1495100753175502854,094553.20,61.6410036613,-492.016843316,9.97777526667,57.0152611367
1495100753381458234,094553.40,61.6323041537,-492.026920819,9.9777751,57.0152610583
1495100753567980000,094553.60,61.6376719342,-492.045059072,9.9777748,57.0152611067
1495100753770871093,094553.80,61.6434099076,-492.057151112,9.9777746,57.0152611583
1495100753983721620,094554.00,61.6467416332,-492.070250994,9.97777438333,57.0152611883
1495100754179924927,094554.20,61.6354507847,-492.059166983,9.97777456667,57.0152610867
1495100754372215301,094554.40,61.5943594969,-492.030953874,9.97777503333,57.0152607167
1495100754563857130,094554.60,61.5364244826,-491.98762629,9.97777575,57.015260195
1495100754777934907,094554.80,61.5247634413,-491.973519205,9.97777598333,57.01526009
1495100754975773965,094555.00,61.4638668941,-491.922130209,9.97777683333,57.0152595417
1495100755176046219,094555.20,61.3963068933,-491.86368772,9.9777778,57.0152589333
1495100755375778180,094555.40,61.3176411401,-491.795168905,9.97777893333,57.015258225
1495100755565792851,094555.60,61.2369393321,-491.715565527,9.97778025,57.0152574983
1495100755774352193,094555.80,61.1406894689,-491.628909182,9.97778168333,57.0152566317
1495100755977739927,094556.00,61.049622291,-491.552329513,9.97778295,57.0152558117
1495100756163925406,094556.20,60.9457834964,-491.446527344,9.9777847,57.0152548767
1495100756366688341,094556.40,60.8463870029,-491.342740305,9.97778641667,57.0152539817
1495100756569231834,094556.60,60.7292213042,-491.236938923,9.97778816667,57.0152529267
1495100756778762670,094556.80,60.6164979066,-491.13416037,9.97778986667,57.0152519117
1495100756969613613,094557.00,60.5119187278,-491.043473713,9.97779136667,57.01525097
1495100757181394454,094557.20,60.4127073311,-490.953794433,9.97779285,57.0152500767
1495100757371182766,094557.40,60.3047964274,-490.860084874,9.9777944,57.015249105
1495100757572439992,094557.60,60.2102124264,-490.765366822,9.97779596667,57.0152482533
1495100757764673166,094557.80,60.1161837149,-490.674679529,9.97779746667,57.0152474067
1495100757970434043,094558.00,60.0484386181,-490.597090756,9.97779875,57.0152467967
1495100758163037582,094558.20,59.9560757688,-490.482218592,9.97780065,57.015245965
1495100758371853244,094558.40,59.9527440438,-490.432841555,9.97780146667,57.015245935
1495100758567098951,094558.60,59.9186863987,-490.364320066,9.9778026,57.0152456283
1495100758777161486,094558.80,59.688612207,-490.21217122,9.97780511667,57.0152435567
1495100758967621531,094559.00,59.5977301252,-490.125514523,9.97780655,57.0152427383
1495100759563170240,094559.60,59.4496534131,-489.872590926,9.97781073333,57.015241405
1495100760363268004,094600.40,59.3308218515,-489.738574038,9.97781295,57.015240335
1495100760570156463,094600.60,59.2802906733,-489.703307578,9.97781353333,57.01523988
1495100760970174580,094601.00,59.046514564,-489.59348227,9.97781535,57.015237775
1495100761164490629,094601.20,58.9711805357,-489.54713259,9.97781611667,57.0152370967
1495100761364147444,094601.40,58.9693295769,-489.531009519,9.97781638333,57.01523708
1495100761591807471,094601.60,58.9347166444,-489.508842197,9.97781675,57.0152367683
1495100761769965249,094601.80,58.8854811384,-489.493729632,9.977817,57.015236325
1495100761972405937,094602.00,58.850498016,-489.467531536,9.97781743333,57.01523601
1495100762161903149,094602.20,58.8145894113,-489.444356591,9.97781781667,57.0152356867
1495100762374235456,094602.40,58.8003370285,-489.431257351,9.97781803333,57.0152355583
1495100762569427668,094602.60,58.774238509,-489.41211262,9.97781835,57.0152353233
1495100762799357395,094602.80,58.762022179,-489.39800556,9.97781858333,57.0152352133
1495100763375298228,094603.40,58.8145894113,-489.404048639,9.97781848333,57.0152356867
1495100763575553379,094603.60,58.8455004261,-489.41815459,9.97781825,57.015235965
1495100763773245556,094603.80,58.854014837,-489.412107893,9.97781835,57.0152360417
1495100763967738374,094604.00,58.8529042622,-489.405054067,9.97781846667,57.0152360317
1495100765363637812,094605.40,58.8621590566,-489.317383722,9.97781991667,57.015236115
1495100765567009831,094605.60,59.1684927545,-489.40301997,9.9778185,57.0152388733
1495100765773491957,094605.80,59.035038618,-489.353650637,9.97781931667,57.0152376717
1495100765963978683,094606.00,59.035223714,-489.342565939,9.9778195,57.0152376733
1495100766168709950,094606.20,59.0531780153,-489.345587972,9.97781945,57.015237835
1495100766369696056,094606.40,59.0802020156,-489.348609467,9.9778194,57.0152380783
1495100766564208642,094606.60,59.0946394945,-489.352639407,9.97781933333,57.0152382083
1495100766756516894,094606.80,59.0942693038,-489.349616332,9.97781938333,57.015238205
1495100766970068142,094607.00,59.0916779601,-489.343570293,9.97781948333,57.0152381817
1495100767162333090,094607.20,59.0883462345,-489.345585888,9.97781945,57.0152381517
1495100767362481450,094607.40,59.1085216867,-489.34760009,9.97781941667,57.0152383333
1495100767563193635,094607.60,59.1318437685,-489.351629504,9.97781935,57.0152385433
1495100767778849623,094607.80,59.1127788925,-489.343569043,9.97781948333,57.0152383717
1495100767957874690,094608.00,59.1255505078,-489.347599082,9.97781941667,57.0152384867
1495100768169496153,094608.20,59.1758965913,-489.358680785,9.97781923333,57.01523894
1495100768378638465,094608.40,59.2073628914,-489.370771307,9.97781903333,57.0152392233
1495100768565139975,094608.60,59.2053268372,-489.357671343,9.97781925,57.015239205
1495100768776518601,094608.80,59.2180984539,-489.359685984,9.97781921667,57.01523932
1495100768963917501,094609.00,59.2086585628,-489.365732736,9.97781911667,57.015239235
1495100769156255992,094609.20,59.2164325911,-489.363716878,9.97781915,57.015239305
1495100769362322765,094609.40,59.2702954949,-489.375806072,9.97781895,57.01523979
1495100769553787899,094609.60,59.3013916036,-489.376811928,9.97781893333,57.01524007
1495100769756768044,094609.80,59.2819565362,-489.372782284,9.977819,57.015239895
1495100769964204819,094610.00,59.2697402075,-489.362706021,9.97781916667,57.015239785
1495100770166801820,094610.20,59.2908411385,-489.371774059,9.97781901667,57.015239975
1495100770369391614,094610.40,59.2919517146,-489.363712403,9.97781915,57.015239985
1495100770601860005,094610.60,59.3173098514,-489.370764792,9.97781903333,57.0152402133
1495100770766719868,094610.80,59.3023170844,-489.364719488,9.97781913333,57.0152400783
1495100770964477557,094611.00,59.3213819604,-489.365726057,9.97781911667,57.01524025
1495100771160684978,094611.20,59.3210117684,-489.363710682,9.97781915,57.0152402467
1495100771373247836,094611.40,59.3134228376,-489.352626445,9.97781933333,57.0152401783
1495100771557940522,094611.60,59.3321175223,-489.348594542,9.9778194,57.0152403467
1495100771761498601,094611.80,59.3641391111,-489.342546453,9.9778195,57.015240635
1495100771971220244,094612.00,59.4354010288,-489.347580725,9.97781941667,57.0152412767
1495100772168092694,094612.20,59.4196678785,-489.319366092,9.97781988333,57.015241135
1495100772370869738,094612.40,59.4500236037,-489.293164126,9.97782031667,57.0152414083
1495100772573535106,094612.60,59.4589082074,-489.26091724,9.97782085,57.0152414883
1495100772788000714,094612.80,59.4472471654,-489.236733161,9.97782125,57.0152413833
1495100772961514608,094613.00,59.4265164266,-489.215572715,9.9778216,57.0152411967
1495100773172021408,094613.20,59.427627002,-489.203480265,9.9778218,57.0152412067
1495100773366268105,094613.40,59.4611293576,-489.19541669,9.97782193333,57.0152415083
1495100773967681873,094614.00,59.5553431666,-489.16417245,9.97782245,57.0152423567
1495100774961645143,094615.00,59.5133263993,-489.089605231,9.97782368333,57.0152419783
1495100775156316057,094615.20,59.5188792759,-489.057358543,9.97782421667,57.0152420283
1495100775368574685,094615.40,59.5070331379,-489.048289956,9.97782436667,57.0152419217
1495100775552801671,094615.60,59.4868576864,-489.032167971,9.97782463333,57.01524174
1495100775766157713,094615.80,59.4422495769,-489.039224503,9.97782451667,57.0152413383
1495100775963348499,094616.00,59.4011582891,-489.086588777,9.97782373333,57.0152409683
1495100776356218364,094616.40,59.3032425631,-489.256895666,9.97782091667,57.0152400867
1495100776570710861,094616.60,59.4137448098,-489.390913054,9.9778187,57.0152410817
1495100776963237804,094617.00,59.47093944,-489.632757363,9.9778147,57.0152415967
1495100777154969450,094617.20,59.5547878778,-489.742591554,9.97781288333,57.0152423517
1495100777961560568,094618.00,59.7504342344,-490.159767218,9.97780598333,57.0152441133
1495100778165948218,094618.20,59.810590399,-490.25146423,9.97780446667,57.015244655
1495100778355943679,094618.40,59.8922176865,-490.342152267,9.97780296667,57.01524539
1495100778558278627,094618.60,59.8346528649,-490.39959451,9.97780201667,57.0152448717
1495100778769912243,094618.80,59.8853691391,-490.470130407,9.97780085,57.0152453283
1495100778959127922,094619.00,59.9094316044,-490.538652489,9.97779971667,57.015245545
1495100779155096909,094619.20,59.9795829473,-490.620271916,9.97779836667,57.0152461767
1495100779367182887,094619.40,60.0345564273,-490.690807557,9.9777972,57.0152466717
1495100779571239284,094619.60,60.0304843169,-490.73615424,9.97779645,57.015246635
1495100779754764786,094619.80,60.0760179065,-490.800644249,9.97779538333,57.015247045
1495100779960114710,094620.00,60.1069289198,-490.863119729,9.97779435,57.0152473233
1495100780169870715,094620.20,60.129880811,-490.920557189,9.9777934,57.01524753
1495100780365101618,094620.40,60.1380250292,-490.96187235,9.97779271667,57.0152476033
1495100780569324649,094620.60,60.1709720981,-491.020316913,9.97779175,57.0152479
1495100780763341572,094620.80,60.2050297418,-491.076746013,9.97779081667,57.0152482067
1495100780959462813,094621.00,60.2525993857,-491.134182008,9.97778986667,57.015248635
1495100781179834340,094621.20,60.3221954406,-491.188593596,9.97778896667,57.0152492617
1495100781370617471,094621.40,60.3390391671,-491.238977526,9.97778813333,57.0152494133
1495100781561072488,094621.60,60.3829068925,-491.296413739,9.97778718333,57.0152498083
1495100781757778438,094621.80,60.4195558792,-491.344781093,9.97778638333,57.0152501383
1495100781966024614,094622.00,60.4684211945,-491.394155418,9.97778556667,57.0152505783
1495100782164083107,094622.20,60.5330196602,-491.453605793,9.97778458333,57.01525116
1495100782373958957,094622.40,60.54338503,-491.492905422,9.97778393333,57.0152512533
1495100782572196386,094622.60,60.576702291,-491.532203686,9.97778328333,57.0152515533
1495100782798478795,094622.80,60.6287142352,-491.579562424,9.9777825,57.0152520217
1495100782968085416,094623.00,60.6703608111,-491.636998766,9.97778155,57.0152523967
1495100783168562095,094623.20,60.6437070022,-491.65312353,9.97778128333,57.0152521567
1495100783365308766,094623.40,60.6772093592,-491.690406384,9.97778066667,57.0152524583
1495100783566552441,094623.60,60.7040482628,-491.728697332,9.97778003333,57.0152527
1495100783782752423,094623.80,60.7096011401,-491.754897165,9.9777796,57.01525275
1495100783963189332,094624.00,60.7466203181,-491.792179809,9.97777898333,57.0152530833
1495100784168842511,094624.20,60.7634640446,-491.821402065,9.9777785,57.015253235
1495100784368995685,094624.40,60.7964111121,-491.859692649,9.97777786667,57.0152535317
1495100784575683566,094624.60,60.8189928113,-491.886899166,9.97777741667,57.015253735
1495100784767163778,094624.80,60.8502740167,-491.919143657,9.97777688333,57.0152540167
1495100784973967937,094625.00,60.8908100164,-491.953402994,9.97777631667,57.0152543817
1495100785166861601,094625.20,60.9528171391,-492.000761133,9.97777553333,57.01525494
1495100785369384775,094625.40,60.9955742905,-492.02595105,9.97777511667,57.015255325
1495100785579962248,094625.60,61.0294468381,-492.054164592,9.97777465,57.01525563
1495100785766018519,094625.80,61.0784972502,-492.087415722,9.9777741,57.0152560717
1495100785971385838,094626.00,61.0908986742,-492.107568954,9.97777376667,57.0152561833
1495100786171430273,094626.20,61.1266221814,-492.131751591,9.97777336667,57.015256505
1495100786370842291,094626.40,61.1516101254,-492.155934866,9.97777296667,57.01525673
1495100786576708973,094626.60,61.2030667837,-492.193216646,9.97777235,57.0152571933
1495100786784267839,094626.80,61.2212061803,-492.207323345,9.97777211667,57.0152573567
1495100786965618973,094627.00,61.2345330858,-492.226468822,9.9777718,57.0152574767
1495100787168801933,094627.20,61.266924866,-492.252667054,9.97777136667,57.0152577683
1495100787376088421,094627.40,61.300427223,-492.272819027,9.97777103333,57.01525807
1495100787576026413,094627.60,61.3333742905,-492.294986431,9.97777066667,57.0152583667
1495100787769748046,094627.80,61.371318948,-492.318161235,9.97777028333,57.0152587083
1495100787976644958,094628.00,61.4074126473,-492.337305355,9.97776996667,57.0152590333
1495100788192098469,094628.20,61.4338813587,-492.352419255,9.97776971667,57.0152592717
1495100788379214236,094628.40,61.4666433324,-492.379625162,9.97776926667,57.0152595667
1495100788578947806,094628.60,61.4979245378,-492.39776187,9.97776896667,57.0152598483
1495100788764301682,094628.80,61.5255038247,-492.407837211,9.9777688,57.0152600967
1495100788967624115,094629.00,61.5656696331,-492.428996484,9.97776845,57.0152604583
1495100789175462697,094629.20,61.5989868934,-492.447133071,9.97776815,57.0152607583
1495100789374694736,094629.40,61.6311935789,-492.462246628,9.9777679,57.0152610483
1495100789579598237,094629.60,61.6550709496,-492.479376078,9.97776761667,57.0152612633
1495100789767851714,094629.80,61.6904242633,-492.49247405,9.9777674,57.0152615817
1495100789964333195,094630.00,61.7187439344,-492.503557045,9.97776721667,57.0152618367
1495100790170496912,094630.20,61.7450275513,-492.526732542,9.97776683333,57.0152620733
1495100790385065538,094630.40,61.7653880988,-492.532777519,9.97776673333,57.0152622567
1495100790572476451,094630.60,61.7970394962,-492.544868013,9.97776653333,57.0152625417
1495100790768972037,094630.80,61.812587552,-492.546882483,9.9777665,57.0152626817
1495100790970731075,094631.00,61.8427581819,-492.550911477,9.97776643333,57.0152629533
1495100791173789929,094631.20,61.8736691953,-492.548894237,9.97776646667,57.0152632317
1495100791367839324,094631.40,61.8947701276,-492.54183909,9.97776658333,57.0152634217
1495100791568677226,094631.60,61.9158710585,-492.526722355,9.97776683333,57.0152636117
1495100791803330530,094631.80,61.9212388391,-492.490444891,9.97776743333,57.01526366
1495100791969639109,094632.00,61.942524866,-492.456181875,9.977768,57.0152638517
1495100792170193313,094632.20,61.9582580178,-492.431996174,9.9777684,57.0152639933
1495100792376872805,094632.40,61.9817651957,-492.411840804,9.97776873333,57.015264205
1495100792566504604,094632.60,62.0034214147,-492.382616258,9.97776921667,57.0152644
1495100792766115601,094632.80,62.0163781268,-492.349361438,9.97776976667,57.0152645167
1495100792963972536,094633.00,62.0352579075,-492.323160153,9.9777702,57.0152646867
1495100793165538183,094633.20,62.0628371951,-492.300989144,9.97777056667,57.015264935
1495100793369410753,094633.40,62.0691304566,-492.267734721,9.97777111667,57.0152649917
1495100793576543101,094633.60,62.0826424553,-492.237502963,9.97777161667,57.0152651133
1495100793776990869,094633.80,62.0931929218,-492.195179001,9.97777231667,57.0152652083
1495100793971476559,094634.00,62.1070751126,-492.162931824,9.97777285,57.0152653333
1495100794172586352,094634.20,62.1126279906,-492.128669747,9.97777341667,57.0152653833
1495100794372210413,094634.40,62.1204020174,-492.097430633,9.97777393333,57.0152654533
1495100794583844585,094634.60,62.1276207576,-492.063168457,9.9777745,57.0152655183
1495100794782717993,094634.80,62.1329885374,-492.027898692,9.97777508333,57.0152655667
1495100794969624583,094635.00,62.1479813044,-491.998674545,9.97777556667,57.0152657017
1495100795160959317,094635.20,62.1518683195,-491.960381774,9.9777762,57.0152657367
1495100795375421156,094635.40,62.1694524281,-491.929142076,9.97777671667,57.015265895
1495100795567656771,094635.60,62.1746351133,-491.893872323,9.9777773,57.0152659417
1495100795771916060,094635.80,62.1864812499,-491.858602173,9.97777788333,57.0152660483
1495100795967575295,094636.00,62.2003634414,-491.831393489,9.97777833333,57.0152661733
1495100796167753820,094636.20,62.2144307296,-491.797130906,9.9777789,57.0152663
1495100796367257268,094636.40,62.2199836055,-491.760853432,9.9777795,57.01526635
1495100796562942625,094636.60,62.2203537976,-491.725583966,9.97778008333,57.0152663533
1495100796771662044,094636.80,62.2216494691,-491.688299048,9.9777807,57.015266365
1495100796969940332,094637.00,62.2403441545,-491.656051587,9.97778123333,57.0152665333
1495100797180580596,094637.20,62.2601494146,-491.628842551,9.97778168333,57.0152667117
1495100797367086641,094637.40,62.2688489216,-491.594580287,9.97778225,57.01526679
1495100797571557969,094637.60,62.2688489216,-491.564349335,9.97778275,57.01526679
1495100797786368527,094637.80,62.2777335238,-491.529079363,9.97778333333,57.01526687
1495100797963132832,094638.00,62.2771782372,-491.493809952,9.97778391667,57.015266865
1495100798181818601,094638.20,62.2745868935,-491.461563757,9.97778445,57.0152668417
1495100798363874715,094638.40,62.2782888119,-491.433347982,9.97778491667,57.015266875
1495100798563401555,094638.60,62.2932815796,-491.407146931,9.97778535,57.01526701
1495100798771242159,094638.80,62.2847671679,-491.352731725,9.97778625,57.0152669333
1495100798978012799,094639.00,62.2992046482,-491.326530707,9.97778668333,57.0152670633
1495100799170348567,094639.20,62.2982791681,-491.300330604,9.97778711667,57.015267055
1495100799378418045,094639.40,62.2845820719,-491.265061975,9.9777877,57.0152669317
1495100799566836351,094639.60,62.2868032235,-491.229792399,9.97778828333,57.0152669517
1495100799768530990,094639.80,62.3082743465,-491.200567869,9.97778876667,57.015267145
1495100799976676598,094640.00,62.3145676065,-491.179405828,9.97778911667,57.0152672017
1495100800163383160,094640.20,62.3327070038,-491.169327765,9.97778928333,57.015267365
1495100800368124061,094640.40,62.3141974152,-491.166305771,9.97778933333,57.0152671983
1495100800569748380,094640.60,62.3173440448,-491.177390266,9.97778915,57.0152672267
1495100800775901968,094640.80,62.3053128122,-491.195529553,9.97778885,57.0152671183
1495100800977276252,094641.00,62.2892094698,-491.231807653,9.97778825,57.0152669733
1495100801165266706,094641.20,62.302906566,-491.285214853,9.97778736667,57.0152670967
1495100801362985707,094641.40,62.3421468942,-491.354743708,9.97778621667,57.01526745
1495100801567798410,094641.60,62.3034618526,-491.428307992,9.977785,57.0152671017
1495100801807249741,094641.80,62.3532526474,-491.513959393,9.97778358333,57.01526755
1495100801972648010,094642.00,62.3610266749,-491.619767261,9.97778183333,57.01526762
1495100802167243427,094642.20,62.3684305111,-491.746736817,9.97777973333,57.0152676867
1495100802366388023,094642.40,62.383608374,-491.866652021,9.97777775,57.0152678233
1495100802575271432,094642.60,62.3982309489,-491.994628845,9.97777563333,57.015267955
1495100802768749312,094642.80,62.4067453592,-492.133690715,9.97777333333,57.0152680317
1495100802967406912,094643.00,62.4241443738,-492.278798245,9.97777093333,57.0152681883
1495100803173453984,094643.20,62.4348799349,-492.432975457,9.97776838333,57.015268285
1495100803366413097,094643.40,62.426365524,-492.580099928,9.97776595,57.0152682083
1495100803571555175,094643.60,62.4350650316,-492.725207976,9.97776355,57.0152682867
1495100803795702460,094643.80,62.4687524833,-492.873337627,9.9777611,57.01526859
1495100803969263501,094644.00,62.488002456,-493.017437346,9.97775871667,57.0152687633
1495100804167958528,094644.20,62.5120649213,-493.157505983,9.9777564,57.01526898
1495100804364942240,094644.40,62.5405696884,-493.295558958,9.97775411667,57.0152692367
1495100804579115636,094644.60,62.5561177434,-493.428574213,9.97775191667,57.0152693767
1495100804772334897,094644.80,62.5848076073,-493.554534794,9.97774983333,57.015269635
1495100804973229090,094645.00,62.6184950589,-493.688556663,9.97774761667,57.0152699383
1495100805169437909,094645.20,62.6579204832,-493.8145166,9.97774553333,57.0152702933
1495100805375842857,094645.40,62.6904973608,-493.938461549,9.97774348333,57.0152705867
1495100805574469794,094645.60,62.7149300174,-494.061399286,9.97774145,57.0152708067
1495100805780631066,094645.80,62.748802565,-494.187359553,9.97773936667,57.0152711117
1495100805970415953,094646.00,62.7867472232,-494.307273385,9.97773738333,57.0152714533
1495100806211824931,094646.20,62.8258024561,-494.422148657,9.97773548333,57.015271805
1495100806372415188,094646.40,62.8530115517,-494.534001543,9.97773363333,57.01527205
1495100806573812025,094646.60,62.8859586206,-494.646861782,9.97773176667,57.0152723467
1495100806781905388,094646.80,62.9281604839,-494.759721467,9.9777299,57.0152727267
1495100806971493316,094647.00,62.9549993875,-494.867543579,9.97772811667,57.0152729683
1495100807176636308,094647.20,62.9838743466,-494.972342473,9.97772638333,57.0152732283
1495100807376248985,094647.40,63.0221891961,-495.079156198,9.97772461667,57.0152735733
1495100807571749194,094647.60,63.0493982917,-495.174885906,9.97772303333,57.0152738183
1495100807774758040,094647.80,63.0758670046,-495.272631054,9.97772141667,57.0152740567
1495100807976729259,094648.00,63.1077034974,-495.372391277,9.97771976667,57.0152743433
1495100808182054181,094648.20,63.1289895251,-495.463082846,9.97771826667,57.015274535
1495100808407793431,094648.40,63.1489798805,-495.550751399,9.97771681667,57.015274715
1495100808570927303,094648.60,63.1660087038,-495.628343145,9.97771553333,57.0152748683
1495100808770921731,094648.80,63.1767442649,-495.705935269,9.97771425,57.015274965
1495100808983311727,094649.00,63.2095062378,-495.792595356,9.97771281667,57.01527526
1495100809172358881,094649.20,63.2213523744,-495.863133524,9.97771165,57.0152753667
1495100809369592410,094649.40,63.2406023472,-495.929640455,9.97771055,57.01527554
1495100809580057445,094649.60,63.2356047573,-495.987079557,9.9777096,57.015275495
1495100809776620570,094649.80,63.254669634,-496.045524913,9.97770863333,57.0152756667
1495100809983936736,094650.00,63.2455999357,-496.082810294,9.97770801667,57.015275585
1495100810176670810,094650.20,63.2650350045,-496.125132454,9.97770731667,57.01527576
1495100810387414023,094650.40,63.2837296892,-496.154354581,9.97770683333,57.0152759283
1495100810580061637,094650.60,63.2828042105,-496.167454714,9.97770661667,57.01527592
1495100810784984061,094650.80,63.2754003743,-496.160401271,9.97770673333,57.0152758533
1495100810976767667,094651.00,63.2729941274,-496.157378321,9.97770678333,57.0152758317
1495100811173263953,094651.20,63.2733643194,-496.146293618,9.97770696667,57.015275835
1495100811372700349,094651.40,63.2733643194,-496.135208937,9.97770715,57.015275835
1495100811577755613,094651.60,63.3059411963,-496.130168489,9.97770723333,57.0152761283
1495100811788751998,094651.80,63.3429603736,-496.119081584,9.97770741667,57.0152764617
1495100811970736314,094652.00,63.3762776346,-496.106987204,9.97770761667,57.0152767617
1495100812173726375,094652.20,63.4044122104,-496.09187004,9.97770786667,57.015277015
1495100812373737350,094652.40,63.3934915518,-496.06063205,9.97770838333,57.0152769167
1495100812572573110,094652.60,63.4314362106,-496.045514297,9.97770863333,57.0152772583
1495100812776252922,094652.80,63.4649385663,-496.028381415,9.97770891667,57.01527756
1495100812979032551,094653.00,63.5082510043,-496.01326334,9.97770916667,57.01527795
1495100813182803154,094653.20,63.5125082101,-495.983032137,9.97770966667,57.0152779883
1495100813377343749,094653.40,63.5126933061,-495.949778083,9.97771021667,57.01527799
1495100813586994709,094653.60,63.5521187304,-495.935667941,9.97771045,57.015278345
1495100813772879450,094653.80,63.5889528131,-495.916519463,9.97771076667,57.0152786767
1495100814035030034,094654.00,63.60394558,-495.891326106,9.97771118333,57.0152788117
1495100814179238038,094654.20,63.6115345108,-495.860087005,9.9777117,57.01527888
1495100814372132888,094654.40,63.6209744026,-495.836909379,9.97771208333,57.015278965
1495100814577431413,094654.60,63.6707651966,-495.823806313,9.9777123,57.0152794133
1495100814789397405,094654.80,63.6827964293,-495.795590041,9.97771276667,57.0152795217
1495100814981302664,094655.00,63.6898300734,-495.765358672,9.97771326667,57.015279585
1495100815175985597,094655.20,63.6946425659,-495.736135134,9.97771375,57.0152796283
1495100815381679489,094655.40,63.7044526483,-495.708926694,9.9777142,57.0152797167
1495100815578806307,094655.60,63.7124117711,-495.678695269,9.9777147,57.0152797883
1495100815785987892,094655.80,63.7318468406,-495.656524742,9.97771506667,57.0152799633
1495100815979116012,094656.00,63.7425824018,-495.625285453,9.97771558333,57.01528006
1495100816175952566,094656.20,63.7499862379,-495.594046364,9.9777161,57.0152801267
1495100816378161238,094656.40,63.7616472785,-495.566837812,9.97771655,57.0152802317
1495100816577353328,094656.60,63.7727530317,-495.538621596,9.97771701667,57.0152803317
1495100816832188108,094656.80,63.7840438816,-495.507382274,9.97771753333,57.0152804333
1495100816974209520,094657.00,63.8045895259,-495.509396438,9.9777175,57.0152806183
1495100817180886223,094657.20,63.7818227314,-495.525520975,9.97771723333,57.0152804133
1495100817371743944,094657.40,63.717224265,-495.55978659,9.97771666667,57.0152798317
1495100817575165341,094657.60,63.6144960451,-495.607154571,9.97771588333,57.0152789067
1495100817781079027,094657.80,63.4973303478,-495.675685082,9.97771475,57.0152778517
1495100818002134648,094658.00,63.3507344018,-495.752278948,9.97771348333,57.0152765317
1495100818178788330,094658.20,63.1682298533,-495.826859575,9.97771225,57.0152748883
1495100818380489256,094658.40,62.9672157175,-495.885318144,9.97771128333,57.0152730783
1495100818582568029,094658.60,62.7499131412,-495.947808487,9.97771025,57.0152711217
1495100818775883534,094658.80,62.5157668397,-495.985107386,9.97770963333,57.0152690133
1495100818979731871,094659.00,62.269774401,-495.99620684,9.97770945,57.0152667983
1495100819181747080,094659.20,62.0113805383,-495.972037594,9.97770985,57.0152644717
1495100819365090584,094659.40,61.7559482091,-495.930737295,9.97771053333,57.0152621717
1495100819593189420,094659.60,61.5149533596,-495.860212871,9.9777117,57.0152600017
1495100819782665539,094659.80,61.2959849211,-495.764494657,9.97771328333,57.01525803
1495100819976851126,094700.00,61.1003385645,-495.649628766,9.97771518333,57.0152562683
1495100820175675084,094700.20,60.9021008663,-495.48941659,9.97771783333,57.0152544833
1495100820381179012,094700.40,60.7158943994,-495.297965029,9.977721,57.0152528067
1495100820590343388,094700.60,60.5839210297,-495.105502509,9.97772418333,57.0152516183
1495100820783026342,094700.80,60.4911879897,-494.900945249,9.97772756667,57.0152507833
1495100820981014298,094701.00,60.4362145097,-494.677239448,9.97773126667,57.0152502883
1495100821169856188,094701.20,60.4134477145,-494.45151632,9.977735,57.0152500833
1495100821378194343,094701.40,60.4204813586,-494.223776009,9.97773876667,57.0152501467
1495100821576926951,094701.60,60.4691615772,-494.001071702,9.97774245,57.015250585
1495100821783872119,094701.80,60.5557864547,-493.782395923,9.97774606667,57.015251365
1495100821983066164,094702.00,60.6746180162,-493.581856798,9.97774938333,57.015252435
1495100822180553709,094702.20,60.8156610849,-493.398447229,9.97775241667,57.015253705
1495100822376123413,094702.40,60.9607762634,-493.222091313,9.97775533333,57.0152550117
1495100822585453519,094702.60,61.1225500716,-493.067903776,9.97775788333,57.0152564683
1495100822785662780,094702.80,61.3211579619,-492.949991194,9.97775983333,57.0152582567
1495100822969649865,094703.00,61.5182850846,-492.861301962,9.9777613,57.0152600317
1495100823217790426,094703.20,61.7365131396,-492.810904017,9.97776213333,57.0152619967
1495100823372527764,094703.40,61.9447460177,-492.777637544,9.97776268333,57.0152638717
1495100823583081709,094703.60,62.1800028946,-492.805839064,9.97776221667,57.01526599
1495100823768406744,094703.80,62.3936035518,-492.857218938,9.97776136667,57.0152679133
1495100823979119714,094704.00,62.6038724833,-492.934799164,9.97776008333,57.0152698067
1495100824189146698,094704.20,62.7747159906,-493.028504914,9.97775853333,57.015271345
1495100824379492199,094704.40,62.9798022368,-493.174608928,9.97775611667,57.0152731917
1495100824573224731,094704.60,63.1256577987,-493.334824248,9.97775346667,57.015274505
1495100824766009094,094704.80,63.2398619631,-493.513180022,9.97775051667,57.0152755333
1495100824979305699,094705.00,63.3405541274,-493.70262128,9.97774738333,57.01527644
1495100825171961417,094705.20,63.4101501837,-493.916249152,9.97774385,57.0152770667
1495100825376115447,094705.40,63.4492054159,-494.134917337,9.97774023333,57.0152774183
1495100825566827828,094705.60,63.4464289776,-494.351572629,9.97773665,57.0152773933
1495100825808205520,094705.80,63.423106895,-494.573267641,9.97773298333,57.0152771833
1495100825984017335,094706.00,63.3718353328,-494.792948933,9.97772935,57.0152767217
1495100826175194996,094706.20,63.2781768126,-494.995501897,9.977726,57.0152758783
1495100826381760370,094706.40,63.1532370871,-495.176895077,9.977723,57.0152747533
1495100826572643301,094706.60,62.9851700181,-495.324029106,9.97772056667,57.01527324
1495100826784468214,094706.80,62.7934106752,-495.458064485,9.97771835,57.0152715133
1495100826978765962,094707.00,62.6133123744,-495.580006789,9.97771633333,57.0152698917
1495100827175181375,094707.20,62.4197020726,-495.663657371,9.97771495,57.0152681483
1495100827372284864,094707.40,62.2122095787,-495.717077838,9.97771406667,57.01526628
1495100827607261252,094707.60,61.981950291,-495.723137848,9.97771396667,57.0152642067
1495100827805206539,094707.80,61.7391044833,-495.694936866,9.97771443333,57.01526202
1495100827978286855,094708.00,61.5138427841,-495.652627048,9.97771513333,57.0152599917
1495100828175106229,094708.20,61.3169007574,-495.579076875,9.97771635,57.0152582183
1495100828368254326,094708.40,61.1123697978,-495.454134528,9.97771841667,57.0152563767
1495100828579282906,094708.60,60.9252378522,-495.313067954,9.97772075,57.0152546917
1495100828772713162,094708.80,60.7582813587,-495.142776905,9.97772356667,57.0152531883
1495100828980877622,094709.00,60.6124257968,-494.949307517,9.97772676667,57.015251875
1495100829176672907,094709.20,60.5124740166,-494.747773784,9.9777301,57.015250975
1495100829375765752,094709.40,60.42714481,-494.520039006,9.97773386667,57.0152502067
1495100829580955885,094709.60,60.3821665091,-494.286255617,9.97773773333,57.0152498017
1495100829819430899,094709.80,60.3895703453,-494.059522982,9.97774148333,57.0152498683
1495100829970837935,094710.00,60.4239981796,-493.833796431,9.97774521667,57.0152501783
1495100830192324061,094710.20,60.4871158792,-493.609075866,9.97774893333,57.0152507467
1495100830376721812,094710.40,60.577072483,-493.404507673,9.97775231667,57.0152515567
1495100830572717127,094710.60,60.700346345,-493.215052974,9.97775545,57.0152526667
1495100830807603630,094710.80,60.8521249748,-493.051796742,9.97775815,57.0152540333
1495100831003079532,094711.00,61.0137136878,-492.891563027,9.9777608,57.0152554883
1495100831178560020,094711.20,61.2071388935,-492.77768155,9.97776268333,57.01525723
1495100831378860910,094711.40,61.411299661,-492.695038093,9.97776405,57.0152590683
1495100831971880313,094712.00,62.0489550029,-492.593222515,9.97776573333,57.01526481
1495100832178699491,094712.20,62.2742167021,-492.66274027,9.97776458333,57.0152668383
1495100832580181414,094712.60,62.6743940176,-492.831002026,9.9777618,57.0152704417
1495100832765682795,094712.80,62.8487543466,-492.968038595,9.97775953333,57.0152720117
1495100832979025357,094713.00,62.9946099085,-493.120192335,9.97775701667,57.015273325
1495100833209455288,094713.20,63.1178837719,-493.30056297,9.97775403333,57.015274435
1495100833373575602,094713.40,63.2133932516,-493.495043035,9.97775081667,57.015275295
1495100833568251961,094713.60,63.2711431685,-493.689525351,9.9777476,57.015275815
1495100833771349997,094713.80,63.3077921559,-493.904162893,9.97774405,57.015276145
1495100833972609806,094714.00,63.3114940729,-494.123840895,9.97774041667,57.0152761783
1495100834182472527,094714.20,63.2940950597,-494.317320005,9.97773721667,57.0152760217
1495100834409906128,094714.40,63.2685518262,-494.479560956,9.97773453333,57.0152757917
1495100834581256831,094714.60,63.2387513883,-494.626686689,9.9777321,57.0152755233
1495100834771649823,094714.80,63.19358799,-494.758697869,9.97772991667,57.0152751167
1495100834980874333,094715.00,63.1419462371,-494.86652468,9.97772813333,57.0152746517
1495100835219539951,094715.20,63.0890088127,-494.959236095,9.9777266,57.015274175
1495100835395314400,094715.40,63.0271867846,-495.037840268,9.9777253,57.0152736183
1495100835636721980,094715.60,62.9792469502,-495.099312738,9.97772428333,57.0152731867
1495100835798802578,094715.80,62.9355643187,-495.158769557,9.9777233,57.0152727933
1495100836029945869,094716.00,62.895213415,-495.180941339,9.97772293333,57.01527243
1495100836190510352,094716.20,62.8515307849,-495.209159511,9.97772246667,57.0152720367
1495100836372837161,094716.40,62.8150668943,-495.235361854,9.97772203333,57.0152717083
1495100836616056992,094716.60,62.7721246483,-495.227302842,9.97772216667,57.0152713217
1495100836860662954,094716.80,62.7339948941,-495.248466793,9.97772181667,57.0152709783
1495100836970517503,094717.00,62.6997521551,-495.260561227,9.97772161667,57.01527067
1495100837187046780,094717.20,62.6695815251,-495.245447561,9.97772186667,57.0152703983
1495100837378516384,094717.40,62.6338580179,-495.255526686,9.9777217,57.0152700767
1495100837840357656,094717.60,62.5994301822,-495.262582639,9.97772158333,57.0152697667
1495100837857412196,094717.80,62.5664831132,-495.250492234,9.97772178333,57.01526947
1495100838014666412,094718.00,62.5464927571,-495.253516528,9.97772173333,57.01526929
1495100838176668161,094718.20,62.5168774152,-495.257549097,9.97772166667,57.0152690233
1495100838400013179,094718.40,62.4909639904,-495.256542952,9.97772168333,57.01526879
1495100838668260280,094718.60,62.4587573048,-495.241429408,9.97772193333,57.0152685
1495100839075834035,094718.80,62.4296972504,-495.23538496,9.97772203333,57.0152682383
1495100839093258108,094719.00,62.4095217975,-495.23538617,9.97772203333,57.0152680567
1495100839533758890,094719.20,62.3841636614,-495.225310706,9.9777222,57.0152678283
1495100839551885776,094719.40,62.3654689767,-495.212211748,9.97772241667,57.01526766
1495100839578470512,094719.60,62.3467742921,-495.20515898,9.97772253333,57.0152674917
1495100839802275296,094719.80,62.324562785,-495.191052534,9.97772276667,57.0152672917
1495100840022960060,094720.00,62.3047575234,-495.175938246,9.97772301667,57.0152671133
1495100840426520111,094720.20,62.285507552,-495.158808527,9.9777233,57.01526694
1495100840495761251,094720.40,62.2558922102,-495.133617843,9.97772371667,57.0152666733
1495100840755950410,094720.60,62.2379379082,-495.121526538,9.97772391667,57.0152665117
1495100840797455967,094720.80,62.2275725377,-495.104396286,9.9777242,57.0152664183
1495100840975795827,094721.00,62.2190581268,-495.086258225,9.9777245,57.0152663417
1495100841207918641,094721.20,62.2005485381,-495.073159256,9.97772471667,57.015266175
1495100841373618621,094721.40,62.1737096339,-495.04393761,9.9777252,57.0152659333
1495100841608722821,094721.60,62.1453899621,-495.015723752,9.97772566667,57.0152656783
1495100841886039090,094721.80,62.1305822912,-494.998593767,9.97772595,57.015265545
1495100843387171463,094722.00,62.1165150044,-494.977432943,9.9777263,57.0152654183
1495100843411126466,094722.20,62.0976352237,-494.955264709,9.97772666667,57.0152652483
1495100843428386550,094722.40,62.0843083181,-494.933096142,9.97772703333,57.0152651283
1495100843445815375,094722.60,62.0715367028,-494.910927542,9.9777274,57.0152650133
1495100843462161096,094722.80,62.0648732507,-494.887750878,9.97772778333,57.0152649533
1495100843849281063,094723.00,62.0517314419,-494.864574601,9.97772816667,57.015264835
1495100843872699480,094723.20,62.0393300173,-494.842405979,9.97772853333,57.0152647233
1495100843893573988,094723.40,62.0322963732,-494.816206241,9.97772896667,57.01526466
1495100844036863858,094723.60,62.0221161001,-494.795045184,9.97772931667,57.0152645683
1495100844060015965,094723.80,62.0084190032,-494.769853544,9.97772973333,57.015264445
1495100844076525117,094724.00,62.0012002638,-494.74163842,9.9777302,57.01526438
1495100844181311765,094724.20,61.994721907,-494.713423252,9.97773066667,57.0152643217
1495100844376529608,094724.40,61.9849118253,-494.690246776,9.97773105,57.0152642333
1495100844590871809,094724.60,61.9688084829,-494.666062978,9.97773145,57.0152640883
1495100844772403693,094724.80,61.960108976,-494.636840244,9.97773193333,57.01526401
1495100844985797305,094725.00,61.9415993873,-494.607618098,9.97773241667,57.0152638433
1495100845179847126,094725.20,61.9303085374,-494.579403218,9.97773288333,57.0152637417
1495100845379671977,094725.40,61.9251258529,-494.547157178,9.97773341667,57.015263695
1495100845569980114,094725.60,61.9223494146,-494.517934089,9.9777339,57.01526367
1495100845773935169,094725.80,61.9153157704,-494.488711256,9.97773438333,57.0152636067
1495100845978373670,094726.00,61.9030994418,-494.459488732,9.97773486667,57.0152634967
1495100846166847427,094726.20,61.8979167565,-494.426234993,9.97773541667,57.01526345
1495100846378863496,094726.40,61.8857004279,-494.389958581,9.97773601667,57.01526334
1495100846571960047,094726.60,61.871262949,-494.356705396,9.97773656667,57.01526321
1495100846774507450,094726.80,61.8666355511,-494.324459323,9.9777371,57.0152631683
1495100846985879226,094727.00,61.8573807568,-494.287175034,9.97773771667,57.015263085
1495100847193404157,094727.20,61.8503471134,-494.247875215,9.97773836667,57.0152630217
1495100847379254255,094727.40,61.8414625111,-494.214621698,9.97773891667,57.0152629417
1495100847592842311,094727.60,61.8368351133,-494.181367926,9.97773946667,57.0152629
1495100847824177874,094727.80,61.8335033869,-494.140052489,9.97774015,57.01526287
1495100847984758142,094728.00,61.8305418533,-494.105790919,9.97774071667,57.0152628433
1495100848181450262,094728.20,61.8257293601,-494.066490967,9.97774136667,57.0152628
1495100848374295036,094728.40,61.8177702365,-494.0292066,9.97774198333,57.0152627283
1495100848576864861,094728.60,61.8116620718,-493.989906726,9.97774263333,57.0152626733
1495100848785548448,094728.80,61.807404866,-493.953629836,9.97774323333,57.015262635
1495100848973097647,094729.00,61.7935226738,-493.907276537,9.977744,57.01526251
1495100849173221701,094729.20,61.773162127,-493.860923625,9.97774476667,57.0152623267
1495100849366806167,094729.40,61.7676092504,-493.82666221,9.97774533333,57.0152622767
1495100849573320903,094729.60,61.7587246474,-493.780308612,9.9777461,57.0152621967
1495100849766176432,094729.80,61.7509506199,-493.737985741,9.9777468,57.0152621267
1495100849968193531,094730.00,61.7424362083,-493.692639819,9.97774755,57.01526205
1495100850167590329,094730.20,61.7267030586,-493.655355916,9.97774816667,57.0152619083
1495100850382004742,094730.40,61.7222607568,-493.613032846,9.97774886667,57.0152618683
1495100850576113227,094730.60,61.7137463459,-493.569702321,9.97774958333,57.0152617917
1495100850776311730,094730.80,61.709304044,-493.53443314,9.97775016667,57.0152617517
1495100850974471707,094731.00,61.692830511,-493.488079995,9.97775093333,57.0152616033
1495100851176308546,094731.20,61.6791334148,-493.442734382,9.97775168333,57.01526148
1495100851376187665,094731.40,61.6719146747,-493.401419176,9.97775236667,57.015261415
1495100851573559410,094731.60,61.6650661266,-493.361111646,9.97775303333,57.0152613533
1495100851781934582,094731.80,61.6685829483,-493.326849688,9.9777536,57.015261385
1495100851971749434,094732.00,61.6574771958,-493.284527015,9.9777543,57.015261285
1495100852172759978,094732.20,61.6572920984,-493.247242183,9.97775491667,57.0152612833
1495100852374936946,094732.40,61.6478522094,-493.208950204,9.97775555,57.0152611983
1495100852597385976,094732.60,61.6385974151,-493.166627421,9.97775625,57.015261115
1495100852771457134,094732.80,61.6395228938,-493.123296331,9.97775696667,57.0152611233
1495100852970603128,094733.00,61.6223089759,-493.08298942,9.97775763333,57.0152609683
1495100853184015391,094733.20,61.6123137982,-493.041674379,9.97775831667,57.0152608783
1495100853372651461,094733.40,61.6089820718,-493.00035894,9.977759,57.0152608483
1495100853599007971,094733.60,61.604724866,-492.959043556,9.97775968333,57.01526081
1495100853793373461,094733.80,61.5969508392,-492.920751478,9.97776031667,57.01526074
1495100854017411596,094734.00,61.5865854694,-492.876413363,9.97776105,57.0152606467
1495100854177878995,094734.20,61.5747393321,-492.838121528,9.97776168333,57.01526054
1495100854367140913,094734.40,61.5815878802,-492.799828577,9.97776231667,57.0152606017
1495100854568155092,094734.60,61.5747393321,-492.764559539,9.9777629,57.01526054
1495100854772360948,094734.80,61.5704821263,-492.729290346,9.97776348333,57.0152605017
