%time,field.roll,field.pitch,field.yaw,field.rolld,field.pitchd,field.yawd,field.rolldd,field.pitchdd,field.yawdd
1495895521497945643,-0.0066776212941,0.0244083014216,1.71448324095,-0.0635977529064,-0.0370989832096,0.0202020572106,0.106368967558,0.239114580132,-0.00479793154535
1495895521517775402,-0.00768751232555,0.0242512898131,1.71442618635,-0.0804175894384,-0.038973210341,0.0195681610514,0.13450060059,0.251194561707,-0.0046473829974
1495895521567587115,0.00148373735316,0.0175163579432,1.69694705926,-0.0961961020533,-0.0353448157605,0.0203833132061,0.160890591112,0.227808420859,-0.00484097933248
1495895521621319572,0.00117715533823,0.0176386518942,1.69695009128,-0.101302390324,-0.0338848166095,0.0207080786631,0.169430996812,0.21839826851,-0.00491811021153
1495895521668013568,0.00107812296191,0.0176873412277,1.69695630844,-0.102951764369,-0.0333036176076,0.0208294806623,0.17218961966,0.214652258693,-0.00494694284353
1495895521727247083,0.0164192664369,0.0150364493083,1.65676066996,-0.0651575482908,-0.02283652407,0.0288694379241,0.108977767666,0.147188558615,-0.00685640999174
1495895521777976226,0.0170655104343,0.0193549333885,1.66297717379,0.0102011267026,-0.00816765568215,0.0394327112465,-0.0170616612332,0.0526431020514,-2.71870296161
1495895521827063823,0.0185272502732,0.0198435569644,1.66318379084,0.0345463286745,-0.00233509547812,-0.0920924900645,-0.0577796721753,0.0150504225862,-2.68746609767
1495895521877248695,0.00800152188161,0.0235294260306,1.7556550138,0.088477739047,0.00243296417973,-0.14168720436,-0.147981419534,-0.0156812170573,-2.67568749306
1495895521926240959,0.00904825430746,0.0236878326652,1.75477241516,0.105911227037,0.00432375722347,-0.160332977992,-0.177139401283,-0.0278679711313,-2.51694584812
1495895521967909040,-0.0130994831699,0.0134687081918,1.82742085952,0.128088302255,0.00163977883472,-0.174512107234,-0.214231161393,-0.0105688887849,-2.66789167131
1495895522024515537,-0.0126680530122,0.0133810336742,1.73480297019,0.13527418275,0.000593488283087,-0.187717603044,-0.226249741521,-0.00382521808812,-2.66475540335
1495895522073100556,-0.0125286886076,0.0133461410646,1.7344836673,0.137595282579,0.000176979195637,-0.192547955316,-0.230131843971,-0.00114068641229,-0.512194742062
1495895522117632266,-0.0286937060837,-0.0296912058339,1.75448093148,0.141953610128,0.00137892376629,-0.120530535192,-0.237421265066,-0.00888759607098,-2.68071214225
1495895522169051515,-0.0409798923664,-0.0357928732362,1.47908544182,0.153202208936,0.00535326500478,-0.229394248912,-0.25623485182,-0.0345034716106,-2.65485731763
1495895522218619410,-0.0407610041486,-0.0356591531903,1.47680412911,0.156848021195,0.00694963981006,-0.269774474671,-0.262332571759,-0.0447926078154,-2.64526712803
1495895522267424431,-0.0554344315642,0.113366212478,1.37352890879,0.127465265777,0.0235215787168,-0.297313693886,-0.213189115976,-0.15160395063,-2.63872664122
1495895522318968697,-0.0560035589056,0.113891788504,1.37292764151,0.117986758908,0.0297913291709,-0.307490132141,-0.197336056024,-0.192014458349,-2.63630976587
1495895522371666038,-0.100877783302,0.213500968521,2.32593050391,0.135591619702,0.0373844559251,-0.39811166116,-0.226780663437,-0.240954541302,-2.61478740861
1495895522420178631,-0.100533761969,0.213736037178,2.32488150007,0.141322150851,0.0401877684718,-0.433080951527,-0.23636513229,-0.259022769716,2.81219330718
1495895522477395477,-0.0978306388898,0.18773738015,2.46200758564,0.131267785987,0.00564397854052,-0.26886849697,-0.219548934214,-0.0363772115092,-2.64548229518
1495895522529064966,-0.098025821657,0.186589621454,2.46524868211,0.128016972905,-0.00805606118702,-0.478572767452,-0.21411186112,0.0519238405369,2.82299748501
1495895522574779300,-0.0955137849714,0.0302498608827,2.28992742187,-0.169173906093,-0.0753051247426,-0.319466888852,0.282947948732,0.485365142838,-2.63346531997
1495895522617208644,-0.101278711769,0.028034822625,2.29284614684,-0.265188564121,-0.101741709577,-0.530721881208,0.443535069788,0.655757221969,2.83538275228
1495895522677488866,-0.034952875098,0.0050759675661,1.61943798818,-0.466470944887,-0.125970080118,-0.31755397512,0.780185313723,0.811916667543,-2.63391963158
1495895522717820464,-0.0388610058756,0.00427181745645,1.62303316656,-0.531561982587,-0.135568562271,-0.508028131282,0.88905184062,0.873781894873,-2.58868255731
1495895522767842747,0.0315485360424,-0.0174469031957,1.40166859519,-0.37959541591,-0.105541994411,-0.586990731042,0.634883634009,0.680251249407,-2.56992916283
1495895522825444552,0.034492351382,-0.0164411058939,1.39999834253,-0.330567663262,-0.0935352520967,-0.616255120748,0.552883387262,0.602864030163,-2.5629789529
1495895522868292878,0.0506313327814,-0.0159748617386,1.10440501349,-0.0102897032228,-0.0346210236229,-0.641468712782,0.0172098078669,0.223143353568,-2.55699079599
1495895522918155153,0.0568430418283,-0.0140093187006,1.10370997566,0.0931657322267,-0.0111584404999,-0.650555266105,-0.155822215343,0.0719196480396,-2.55483276523
1495895522968813551,0.058849477228,-0.0132268679261,1.10353558823,0.1265827075,-0.00181841513995,-0.653951250787,-0.211713013309,0.0117202557882,-2.55402622846
1495895523017669905,0.0147803128212,-0.0272874239043,0.926185467526,0.343391601071,0.0374697430016,-0.667217009209,-0.574331771245,-0.241504243253,-2.55087564829
1495895523074549696,-0.0397128183814,-0.076230373482,0.811716388776,0.438272325628,0.0562067623369,-0.685504814422,-0.7330223578,-0.362270208347,-2.54653234619
1495895523118327678,-0.0378692897324,-0.0755962499527,0.810421366017,0.46897727361,0.0637775876301,-0.692210997343,-0.784377216526,-0.41106655139,-2.54493964668
1495895523167379235,-0.0372737918283,-0.0753437714186,0.810292099912,0.478895229974,0.0667913950035,-0.694716451923,-0.800965267683,-0.430491484969,-2.54434460829
1495895523217333144,-0.0944399958644,-0.0749082077436,0.594150182564,0.444249338458,0.0579940805563,-0.717878790539,-0.743019073954,-0.373790034731,-2.53884361827
1495895523268509416,-0.0951088200176,-0.0752018033597,0.593551524317,0.433111209814,0.0544894315915,-0.726289630879,-0.724390251546,-0.351201473179,-2.53684606744
1495895523322535490,-0.128003174535,0.0454889817016,0.707645515111,0.288658803268,0.0423888212897,-0.782906722568,-0.482789681663,-0.273209245325,-2.52339966803
1495895523369663759,-0.130803348047,0.0450631169796,0.706644077167,0.242022671314,0.0373020333292,-0.804202429173,-0.404789485426,-0.240423301825,2.90033361023
1495895523426212289,-0.130225225641,0.142708807775,1.31127487806,0.0752644364342,0.0133036085012,-0.560903951421,-0.125881812351,-0.0857459284809,-1.99102183263
1495895523475426927,-0.133459965186,0.141890208412,1.3163655625,0.0213899764306,0.00352938800975,-0.712324768235,-0.0357753160297,-0.0227480124538,2.87851292518
1495895523528714011,-0.172055378536,0.0729446812691,1.81590251017,-0.122374769435,-0.0470887246619,-0.542761771672,0.204675122706,0.303501596335,-2.58043341579
1495895523576849884,-0.174841891723,0.0712684922749,1.81950657035,-0.168783278668,-0.0670954519879,-0.750881406572,0.282294613764,0.432451227578,2.88767001792
1495895523618855647,-0.09455455157,0.0206737856572,1.4044882212,-0.46171847957,-0.113698505839,-0.556079555929,0.772236686515,0.732822523244,-2.57727047964
1495895523669101141,-0.100241312682,0.0191281901587,1.40791771257,-0.556432800284,-0.132146840458,-0.753715667693,0.930648958127,0.851727824814,-2.53033246113
1495895523726168241,-0.0151879315638,-0.00624479137942,1.07042214205,-0.535169769968,-0.141984140141,-0.858538510721,0.895085962919,0.915132306011,-2.50543733189
1495895523770853256,-0.0147802745906,-0.00656835152543,1.06817350913,-0.528381910548,-0.145845777056,-0.897336955235,0.88373308384,0.940021766845,2.9224527972
1495895523818030554,0.0462629631846,-0.030982295005,0.706587766324,-0.228952225154,-0.108177191243,-0.66758475274,0.382928809538,0.697235919319,-1.31205701588
1495895523868444856,0.0520677348114,-0.0297210332131,0.710724513899,-0.132275186178,-0.0931209083916,-0.790280245924,0.221233838371,0.600193455056,-1.98398638333
1495895523918004509,0.0524555348351,-0.0256245279033,0.347109329757,0.219427640736,-0.0400565094496,-0.870011506654,-0.366998683635,0.258176764158,-1.88598247907
1495895523971765119,0.0592776982865,-0.023854825852,0.345322089985,0.333050473762,-0.0189317691405,-0.895446742363,-0.557035955198,0.122021188657,-0.396137386516
1495895524017321536,0.00264965683508,-0.00481126574557,0.129136287051,0.401794690889,0.0285340392513,-0.805816070736,-0.672012523822,-0.183910830562,-0.335338558245
1495895524068301343,0.00398632071687,-0.00323109800265,0.390438629733,0.424057869265,0.0473959135338,-0.767659682206,-0.709248293802,-0.305481524941,-0.118664478602
1495895524122181868,-0.0563484629778,0.0173227795526,0.235020852779,0.20908335322,0.064946434349,-0.71203337535,-0.349697582055,-0.418600135016,-0.097673127872
1495895524172930501,-0.0605150482544,0.0179045693898,0.235973618685,0.139690224109,0.0718906772573,-0.689350546073,-0.23363569053,-0.463357958107,2.87305661229
1495895524220855520,-0.0586529862706,0.0479619193917,0.546398327931,-0.163850322067,0.0576517396927,-0.493651352896,0.274044109985,-0.371583540515,-0.224783612979
1495895524279774394,-0.00985389408973,0.0579163930544,0.701661825933,-0.317260755925,0.0280401626277,-0.543761922482,0.530627223639,-0.180727640855,2.83847972527
1495895524325320620,-0.0128324367493,0.0569265993972,0.700814502752,-0.366869203252,0.0162247728998,-0.410104420846,0.613598697994,-0.104573749037,-0.956036557527
1495895524378553155,-0.013794552899,0.0565325694263,0.70337167259,-0.3828931488,0.0115212822263,-0.548277572198,0.640399181756,-0.074258276745,-0.56751543218
1495895524418633046,0.0346664016013,0.0268437841651,0.546123306614,-0.268943676583,-0.0267499966656,-0.561419401978,0.449815597282,0.172412116664,-1.11847383771
1495895524476208244,0.0571463823161,0.0134391655273,0.219245899756,-0.016780541885,-0.0599980889869,-0.575468819727,0.0280659116683,0.386706497475,-0.164309265774
1495895524531237520,0.0620364708395,0.0123323268078,0.218742015605,0.0646632372456,-0.0732100090999,-0.532804661327,-0.108151019029,0.471861465543,-0.0923560232258
1495895524577042498,0.0636160077749,0.0118917241281,0.219558109478,0.0909702624924,-0.078469432869,-0.512750857834,-0.152150232635,0.505760100963,2.83111468497
1495895524622429000,0.043574643824,0.00526745134009,-0.0591394029968,0.252696945968,-0.0683849686184,-0.331825328633,-0.422642499448,0.440762566624,0.0788075786141
1495895524671719975,0.0467128805668,0.00560512686277,-0.0558774463266,0.304964533522,-0.0643539726655,-0.39933816935,-0.510061457994,0.414781533684,2.80417949169
1495895524722996120,-0.0052561491766,0.013580620047,-0.11465774749,0.323867567536,-0.0349331749246,-0.264520818774,-0.541677295344,0.225155266591,-0.429692210652
1495895524768809905,-0.00488654648517,0.0145607597923,-0.112120035323,0.330024292756,-0.0232335078924,-0.374147962921,-0.551974585347,0.149747243834,2.79819688879
1495895524818229531,-0.0323993825922,0.0122885574183,0.0173445979523,0.164240978076,-0.00565800195964,-0.244167713856,-0.274697492762,0.0364675968429,-0.284035272813
1495895524867442838,-0.0356136275539,0.0128753676117,0.0199250904501,0.110708399438,0.00134678538018,-0.348294387707,-0.185162802301,-0.00868045409467,-0.00620741436836
1495895524921684584,-0.0296884311452,0.0229653257584,0.121894048432,-0.0748396414731,0.00147477005682,-0.356758757584,0.125171331251,-0.00950535546853,0.12577212744
1495895524970801025,-0.0332879489547,0.0229677451757,0.12180538245,-0.134789571613,0.0015033779358,-0.353541402568,0.225439216244,-0.00968974221934,2.79330288889
1495895525023400314,-0.00845704738918,0.0196077866217,0.186539280251,-0.221434301287,-0.006783538743,-0.191511226967,0.370354877859,0.0437220343529,0.387507791083
1495895525073041474,-0.010139145573,0.0193319162127,0.0790670597759,-0.249450056327,-0.0100765001963,-0.249507098846,0.417211988414,0.0649462035129,2.76859503551
1495895525118375096,0.0151926505988,0.015948734839,0.106971322038,-0.216020473486,-0.014076958179,-0.131759300583,0.36130010395,0.0907304096586,2.74063026589
1495895525178453826,0.0158396758055,0.0158158831333,0.109244703034,-0.205244787774,-0.0156627114029,-0.0877742138701,0.343277477182,0.100951086441,2.73018393199
1495895525217616353,0.0269625375299,0.0194257875173,0.0648934251861,-0.120987336116,-0.0114088791278,-0.05530455507,0.20235460283,0.0735338035284,0.0131346756722
1495895525271886795,0.0285963015749,0.0195670512787,0.0654829027623,-0.0937772815944,-0.00972271771178,-0.178582620146,0.156845048256,0.0626659644623,0.0424128680418
1495895525322140813,0.0339964575061,0.0566243604729,0.00187851089483,-0.047706754668,-0.000678633535262,-0.196863545259,0.0797908417776,0.00437400593788,0.0467545361386
1495895525370207118,0.0348898100397,0.0569193124523,0.00148294098733,-0.0328281111874,0.00284119336108,-0.203624486489,0.0549059068017,-0.0183123821419,2.75769804462
1495895525421945966,0.0670639140664,0.179450235351,-0.150128229752,-0.0316157636632,0.029386221063,-0.0177897126348,0.0528782226687,-0.189403409562,0.866126533395
1495895525478045908,0.0670856170275,0.180313415518,-0.146680951401,-0.0312549259531,0.0396866521996,-0.0405179922228,0.0522747118066,-0.255792918204,2.71896071278
1495895525521845822,0.10143534258,0.321068185204,-0.878931714199,-0.0347295973229,0.0460490160821,0.1197045532,0.0580861939631,-0.29680034851,0.231509062335
1495895525572007716,0.101366006056,0.32125464349,-0.876392048973,-0.0358850605465,0.0482709573005,0.0579693783809,0.0600187375598,-0.31112145641,2.69557024035
1495895525619672996,0.112618268529,0.361620482712,-2.14359195578,-0.0709355953053,0.030468408358,0.198789403197,0.118641708094,-0.196378446026,0.082757355901
1495895525678537255,0.111937738529,0.361019110287,-2.14180821846,-0.0822700116474,0.0232887631979,0.123915974857,0.137598827002,-0.150103381605,2.67990810989
1495895525721367283,0.110503962906,0.345797223591,-2.32167254027,-0.11285440417,-0.00276815375213,0.286869509325,0.18875205345,0.0178416189588,0.759568386867
1495895525768306143,0.109910780388,0.344930646306,-2.31868344985,-0.122733805812,-0.0131120352051,0.253909920692,0.205275620789,0.0845111785152,2.6490349148
1495895525818907479,0.126671354914,0.306201664648,-2.32211682362,-0.132121494404,-0.019021748306,0.361394351567,0.220976784709,0.122601132594,2.51808372602
1495895525867422237,0.126488311638,0.3060115952,-2.32006238238,-0.135170397488,-0.0212895521484,0.396307468017,0.226076157853,0.137217839487,2.61521589939
1495895525918048787,0.148727988695,0.280114337037,-2.15002886375,-0.0610625558638,-0.0146902354164,0.443232527003,0.102128781708,0.0946831737624,2.60407133037
1495895525967995712,0.150164248167,0.280339268296,-2.14900861436,-0.0371421472222,-0.0120045418098,0.460579335115,0.0621212491379,0.0773730362993,2.59995151243
1495895526020338752,0.138676745128,0.256298533654,-1.88164134978,0.0736017694212,0.00851900810044,0.491491340417,-0.123100956653,-0.0549076785629,2.59260999845
1495895526070850624,0.140825557161,0.256987695871,-1.71898063886,0.109390364805,0.0167461548825,0.502926204463,-0.18295835361,-0.107934219408,2.58989425053
1495895526118487616,0.108185192202,0.25795937812,-1.77743487374,0.134897239573,0.0248997509698,0.511235259006,-0.225619293828,-0.160486702962,2.58792087353
1495895526178550907,0.108681803897,0.258231238444,-1.77731789316,0.143168919338,0.0281449087576,0.514408414219,-0.239453902699,-0.181402762508,2.58716725813
1495895526224473998,0.0946166088208,0.246393336158,-1.94796668344,0.0469400937524,0.0235579027782,0.517542818158,-0.0785085805919,-0.151838070596,2.58642284605
1495895526273109583,0.0927507948974,0.246242465484,-1.94802939646,0.0158653155097,0.021757286375,0.518910198632,-0.0265351707195,-0.140232533247,2.58609809704
1495895526323606642,0.123829905839,0.243681561047,-2.1220470673,-0.0604115731702,0.0220103483265,0.531014752779,0.101039995487,-0.141863596879,2.58322329961
1495895526377552610,0.122348566516,0.243690473987,-2.1219405424,-0.0850838191848,0.0221168108592,0.535739263119,0.142304996466,-0.142549781286,2.58210124175
1495895526417939663,0.158552117527,0.232486535135,-2.05801661485,-0.0484929709201,0.0218905043034,0.570277397548,0.0811058097946,-0.14109116457,2.57389853234
1495895526469231310,0.159259850807,0.232481039609,-2.05730970397,-0.0367064057605,0.0218252071474,0.583115325109,0.0613924597186,-0.140670303924,2.57084956079
1495895526518911582,0.166918442192,0.232522751675,-1.9081546203,0.0458032969363,0.0247254960632,0.622391521264,-0.0766072570682,-0.159363575447,2.56152157511
1495895526569148275,0.16851849941,0.232619509965,-1.90729575728,0.0724520328951,0.0258804941322,0.636902931249,-0.121177991113,-0.166807900181,2.55807515621
1495895526618043461,0.158648274522,0.204997377887,-2.00889277392,0.10175917015,0.0345698379768,0.677588895675,-0.170194973466,-0.222813446028,2.54841235454
1495895526674051137,0.159217318578,0.205292357691,-2.00818722178,0.111236766052,0.0380917444035,0.69291481851,-0.186046509801,-0.245513237333,2.54477249114
1495895526718401123,0.131683955417,0.190511828439,-1.98701127641,0.0951154250893,0.0504339289366,0.718500917863,-0.159083129564,-0.32506248686,2.53869586479
1495895526767638663,0.131372792397,0.190926327103,-1.98650641454,0.0899335524495,0.0553821794981,0.728041363894,-0.150416306956,-0.356955513382,2.53643003579
1495895526817714522,0.123624835193,0.211652667552,-2.07275100293,0.0333727340453,0.0500820912014,0.725611548372,-0.0558168033107,-0.32279478233,2.53700711012
1495895526868759488,0.12252812869,0.211472032512,-2.07285951124,0.0151072844348,0.0479252991885,0.724802108265,-0.0252673431764,-0.308893581489,2.53719934986
1495895526926828669,0.145618928942,0.222146315624,-2.41226681419,-0.0901748888211,0.0102693751502,0.729470702054,0.150819948586,-0.0661893430718,2.53609057202
1495895526969255089,0.143575407461,0.220887996404,-2.41242150411,-0.124210099672,-0.00475141117167,0.731605095485,0.207744762331,0.0306243349294,2.5355836596
1495895527018772836,0.186278736705,0.18685064241,-2.45324767548,-0.1796872539,-0.0320200705806,0.781136538389,0.300531808234,0.206379395615,2.52382008177
1495895527071826857,0.185200206733,0.18594708738,-2.06897175842,-0.197650952917,-0.0428048453419,0.800139308948,0.330576582313,0.275890650796,2.51930697742
1495895527125394215,0.206141849511,0.176620264211,-2.15373584434,-0.0838366438293,-0.0415094179941,0.851196356723,0.14021906184,0.267541215325,2.50718107273
1495895527167984134,0.208348391712,0.176665195882,-2.1528197199,-0.0470871840967,-0.0409728187458,0.870379950486,0.0787545931842,0.264082664905,2.50262502338
1495895527217758337,0.157622847056,0.155226288208,-2.06529113918,0.0827770497077,-0.0193480696227,0.871217637921,-0.138446861917,0.124704375807,2.50242607498
1495895527277118890,0.160144758903,0.155951713876,-2.06521217595,0.124780367766,-0.0106881180058,0.871430428412,-0.208698551194,0.0688882720835,2.50237553784
1495895527318313161,0.137755254198,0.136674793378,-2.18633743504,0.154375288074,0.0163692163186,0.860649947473,-0.258196858512,-0.105504732165,2.50493587162
1495895527375497949,0.138330586262,0.137581076581,-2.1866308275,0.163957853342,0.0271879975012,0.856758812438,-0.274223958961,-0.175235169396,2.50586000521
1495895527418660072,0.120982127167,0.192606687803,-2.26271346362,0.130794980616,0.013814942499,0.857897589948,-0.218758154401,-0.089041636439,2.50558954877
1495895527467727413,0.120339825472,0.192150413198,-2.26274637404,0.120097809913,0.00836692719873,0.858410528004,-0.200866846116,-0.0539274694625,2.50546772743
1495895527517201167,0.0838642526202,0.195747647446,-2.61153805983,-0.0495845224571,-0.0279322757646,0.850697454919,0.082931459361,0.180032276191,2.5072995605
1495895527567510848,0.0805748813622,0.194535892264,-2.61193644276,-0.104368152469,-0.0423970381369,0.848214030541,0.174558567193,0.273262205481,2.50788936678
1495895527623557776,0.116611666797,0.1363137904,-2.99084422759,-0.315660350255,-0.0502339421913,0.862932809867,0.527950501726,0.323773509576,2.50439369825
1495895527668327927,0.11251107714,0.136062997105,-2.99083498959,-0.383956194755,-0.0532260771453,0.868869505058,0.642177154964,0.343058757616,2.50298374991
1495895527718719041,0.17711330237,0.100003023104,-2.86056791008,-0.304995199181,-0.0123110521621,0.910369534229,0.510112747139,0.0793485916342,2.49312761016
1495895527769070975,0.178641313332,0.101374735985,-2.85968007034,-0.279547495241,0.00406399483083,0.9257339253,0.467550771738,-0.0261937210555,2.48947861066
1495895527817542362,0.186282036079,0.193427919593,-2.39776837282,-0.0518020131606,0.00395762503929,0.948623642322,0.0866402727376,-0.025508134394,2.4840423675
1495895527876920233,0.19069931761,0.193407486303,-2.39699822459,0.0217674736134,0.00371122687802,0.95665077637,-0.0364066903121,-0.0239200209801,2.48213594583
1495895527925144801,0.126591624192,0.187547737964,-2.63344916511,0.0449505092875,-0.0188339101899,0.932576810927,-0.0751809465839,0.121390457034,2.48785344465
1495895527973006893,0.127044932833,0.186796611354,-2.63407987106,0.0525015890122,-0.0277999152463,0.923848467427,-0.0878103323335,0.179179171146,2.48992640158
1495895528018250425,0.132301953236,0.154845375889,-2.91915397596,-0.102445299412,-0.0277815307588,0.928836162665,0.171342543276,0.179060677359,2.48874183805
1495895528075742864,0.129296061534,0.154851849751,-2.86064383714,-0.152508399165,-0.0277033893686,0.93109480733,0.255074436151,0.178557031596,2.48820541632
1495895528127590659,0.178197546694,0.154230025005,-2.9558396602,-0.171220082508,-0.00572728097575,0.94301970121,0.286370234313,0.036914121826,2.48537328769
1495895528168542792,0.17783182866,0.154963355251,-2.95567990096,-0.177312049403,0.00302646482252,0.94758667487,0.29655921426,-0.0195065148075,2.48428864434
1495895528224402270,0.160273828519,0.183942341821,-2.77649005481,-0.0519341843007,0.00413625679328,0.954859719529,0.0868613325561,-0.0266594720631,2.48256131677
1495895528270084333,0.162706845998,0.183974053879,-2.7762220354,-0.0114120416042,0.0045140192533,0.957373111481,0.0190869492662,-0.0290942695752,2.48196439328
1495895528329483650,0.141470610642,0.191214726788,-2.8545855029,-0.048564254737,-0.00385428854644,0.937852636796,0.0812250339127,0.0248420982938,2.4866004509
1495895528367758417,0.140751144533,0.190934196465,-2.85501540554,-0.0605465200323,-0.00720316157508,0.930645243226,0.101265697776,0.0464266350892,2.48831218652
1495895528417890841,0.145580028102,0.15416035977,-2.93225344469,-0.18038424186,-0.0137383560268,0.92786296729,0.301697539511,0.0885480126101,2.4889729692
1495895528468736552,0.14325519356,0.153949063,-2.93236222231,-0.21910435542,-0.0162596022504,0.926911441953,0.366457980171,0.104798235123,2.48919895378
1495895528526880399,0.172412734121,0.168656009417,-2.94679299705,-0.202589575479,-0.0196689732396,0.959774214025,0.338836562565,0.126772700245,2.4813941382
1495895528574689062,0.172731437352,0.168539560799,-2.94617448386,-0.197282152455,-0.0210594122887,0.972075688652,0.329959753533,0.135734515925,2.47847257271
1495895528623252362,0.162338377134,0.171113565621,-2.86352475195,-0.111705113583,-0.0111216182749,0.961758850786,0.186829833756,0.0716823172532,2.48092279258
1495895528671453321,0.163998950835,0.17144466046,-2.86366275868,-0.0840481279791,-0.00716942414407,0.957807393843,0.140572774819,0.0462091867671,2.48186125244
1495895528734801813,0.16368421554,0.153629147981,-2.87081883121,-0.0689027069443,-0.00880593439189,0.946673423994,0.115241647144,0.0567570084845,2.48450553885
1495895528768322760,0.163978017866,0.153577814768,-2.87103704512,-0.0640094356585,-0.00941821524796,0.942519471711,0.107057518132,0.0607033505983,2.48549209078
1495895528824769116,0.161066288347,0.164801034174,-2.83953793131,-0.0210131047045,-0.0130509183093,0.958156599257,0.0351449878408,0.0841172609568,2.48177831714
1495895528878484192,0.161900477445,0.164677773235,-2.83921603878,-0.00711966446433,-0.0145225816118,0.963966033739,0.0119078320195,0.0936025924194,2.48039859286
1495895528918096902,0.133309053613,0.153828209073,-2.83211340158,-0.0254398758981,-0.00879229132355,0.94255932421,0.0425488827894,0.0566690746309,2.48548262593
1495895528968402741,0.13295529746,0.154021385884,-2.83251795109,-0.03133111482,-0.00648605561318,0.934548815431,0.0524021397541,0.0418046622976,2.48738509914
1495895529023230319,0.144189039475,0.154295420731,-2.87403322883,-0.0736063395536,-0.00581139755891,0.931507291722,0.123108600324,0.0374562795814,2.48810745244
1495895529070657154,0.143368368985,0.154317879922,-2.84561076024,-0.0872747894117,-0.00554331064458,0.930450607211,0.145969453625,0.0357283753529,2.48835841202
1495895529118321806,0.145756887925,0.162007898313,-2.84716713756,-0.132588182307,-0.0102965427385,0.928413100189,0.221757332891,0.0663644466973,2.48884231419
1495895529167344946,0.144877782916,0.16184789983,-2.84720724798,-0.147229684982,-0.0122066449358,0.92765321345,0.246245643434,0.078675654321,2.48902278514
1495895529220453014,0.155779393019,0.143318238715,-2.83324754226,-0.140558165687,-0.00398554061006,0.927921243495,0.235087346371,0.0256880590013,2.48895912877
1495895529267350614,0.155908189855,0.143595928326,-2.83323237607,-0.138413271378,-0.000670272048158,0.928005433999,0.231499952435,0.00432011353154,2.48893913376
1495895529320336677,0.151851278488,0.17522315461,-2.7923592272,-0.127369724129,-0.00464535290927,0.936660569462,0.213029319978,0.029940756171,2.48688356352
1495895529371156961,0.152065725317,0.175084728004,-2.7921642079,-0.123798042657,-0.00629859931171,0.939849212105,0.207055585793,0.0405964476529,2.4861262699
1495895529418444823,0.165553930625,0.16962233658,-2.79815735506,-0.150589080383,-0.0101387430792,0.935137508613,0.251864323405,0.0653473784111,2.48724528618
1495895529477194327,0.165033488877,0.169495215004,-2.79825183111,-0.159257277114,-0.0116560398388,0.933383027234,0.266362117662,0.0751268318141,2.48766197055
1495895529518026343,0.182967205685,0.162124442505,-2.74727621555,-0.119585722981,-0.00788699296956,0.965484668013,0.200010366827,0.0508341428597,2.48003792151
1495895529570029672,0.183735727087,0.162251545838,-2.74662524117,-0.106786379813,-0.00636956726581,0.977426619331,0.178603118049,0.0410538583709,2.47720174179
1495895529620021921,0.163055729514,0.137093845025,-2.66409333476,0.025725656996,0.0207581414016,0.99377752727,-0.0430268594307,-0.133792730586,2.47331844732
1495895529668546389,0.165627308678,0.138003554864,-2.66372109046,0.0685555992059,0.0316179850546,0.999795277843,-0.114661100032,-0.203787828315,2.47188924855
1495895529717960633,0.124969115623,0.17958891058,-2.64004460322,0.0864921432184,0.027497737223,0.995102877338,-0.144660456629,-0.17723153903,2.47300368042
1495895529767333675,0.125319333152,0.179443814074,-2.64011737757,0.0923257899518,0.0257646034999,0.993321593436,-0.154417389095,-0.166060948715,2.47342673032
1495895529817648732,0.115386020849,0.149390581028,-2.68456990628,0.00515039464104,0.0208627740246,0.969554799365,-0.00861417480094,-0.134467120652,2.4790712768
1495895529868119465,0.113695588691,0.149232547551,-2.68505668818,-0.0230034879648,0.0189771477019,0.960721143641,0.0384739578559,-0.122313667715,2.48116924509
1495895529925388960,0.103255096168,0.192311169668,-2.67642910601,-0.152738712317,-0.0124028204498,0.964398147097,0.255459641147,0.0799400670248,2.48029596716
1495895529977760846,0.100739134718,0.19125629937,-2.67635253668,-0.194641740129,-0.0249959218893,0.965762811067,0.325543592265,0.161106554695,2.47997186332
1495895530018669404,0.132514039922,0.159090684344,-2.71912710778,-0.294089239102,-0.0315424484873,0.94960631519,0.491872232957,0.203300971452,2.48380898547
1495895530069749362,0.130583207506,0.158878164248,-2.64836183844,-0.326247786865,-0.0340784219916,0.943697242071,0.545658276762,0.219646115908,2.48521237365
1495895530135233388,0.145640688214,0.155719053411,-2.64861022786,-0.341279824403,-0.0268039033431,0.932830183243,0.570799767462,0.172759562104,2.48779326944
1495895530180286466,0.145348254206,0.155962341652,-2.64881836736,-0.346150592417,-0.0238996975978,0.928768088817,0.578946259142,0.154041045387,2.48875800539
1495895530217389783,0.180913190852,0.14837758689,-2.61606162341,-0.258121913278,-0.0105681727332,0.934792134219,0.431715904488,0.0681151871898,2.48732731162
1495895530274942006,0.182618729803,0.148823774299,-2.61592279044,-0.229716924952,-0.00524184950038,0.937006515456,0.384207790702,0.0337853637476,2.30758070442
1495895530319044338,0.182182682102,0.158955661094,-2.53144840714,-0.121138074813,0.00128979861864,0.946659536572,0.202606717391,-0.00831315654689,2.17877941123
1495895530367632700,0.184288874105,0.159171726195,-2.53120294243,-0.0860595286123,0.00386868394753,0.943845785423,0.143936896961,-0.0249348811679,1.88426063733
1495895530417475285,0.204183065168,0.135336998935,-2.49171591694,0.0438504189104,0.0175224138616,0.954345965096,-0.0733410155756,-0.112937451944,1.72890216139
1495895530468938459,0.206701882921,0.135796917032,-2.49148658598,0.0858008349248,0.0230130786889,0.950582685201,-0.143504224748,-0.148326508496,1.45569368588
1495895530518387211,0.147215966697,0.178077897981,-2.40696668878,0.151066697844,0.016269702186,0.940928038683,-0.252663151569,-0.104863332375,1.32620671223
1495895530574346212,0.148485320007,0.177845155184,-2.40709067865,0.172208876973,0.0134903199862,0.930632984946,-0.288024019888,-0.0869493425502,1.12655349057
1495895530629185723,0.0984400519159,0.175836019319,-2.47077587612,0.0474854375176,0.00847807196678,0.868362603,-0.0794206828378,-0.0546438323449,1.0113732526
1495895530675411367,0.0960235395062,0.17566915798,-2.47201332228,0.00723949755071,0.00648631020465,0.838658927957,-0.0121082561084,-0.0418063032195,-2.9085169314
1495895530718302577,0.103561247706,0.179605460531,-2.50758182786,-0.157965833155,0.00423920402928,0.59847010005,0.264202142596,-0.0273229992809,1.09599342491
1495895530769256822,0.10035623844,0.179529765543,-2.5122038509,-0.211345271658,0.00333553013995,0.706095581684,0.353480702024,-0.0214985376938,2.28335344424
1495895530818227927,0.0574897618236,-0.0541676236092,-2.54555595642,-0.167534858246,-0.0258284834454,0.719027677993,0.28020659673,0.166472674995,2.14850218295
1495895530868156621,0.0583419944017,-0.0550977941633,-2.54533245725,-0.153340129492,-0.0369255724243,0.717311264479,0.256465527693,0.237996893244,1.35823027672
1495895530919995337,0.026209216266,-0.0633634616146,-2.27656846808,-0.137396035776,-0.0952511849863,0.653857753377,0.229798598286,0.613923755712,1.23624918451
1495895530967757275,0.0265203044945,-0.0653079353633,-2.27758952646,-0.132214251258,-0.118462054273,0.622976524825,0.221131923063,0.763525086633,-2.85729296965
1495895531018125900,0.0760729346808,0.0688316032871,-2.22755821246,-0.302898205041,-0.112771973816,0.416632667825,0.506605467536,0.726850733816,1.35057263947
1495895531068369582,0.0727592849816,0.0689968447082,-2.38263056593,-0.358087860402,-0.110803118606,0.547208328475,0.598911663782,0.7141608446,-2.83929823696
1495895531130757405,0.0951538980328,-0.0770239048534,-2.42526842596,-0.269239103415,-0.0813250958668,0.40214117444,0.450309706675,0.524165744451,1.32765834325
1495895531168414422,0.096876086923,-0.0760136099356,-2.42807520582,-0.24055655555,-0.0692613075538,0.554585497365,0.402337367027,0.446410845861,-2.84105029374
1495895531218374825,0.0552299795023,-0.0801231853228,-2.06114113057,-0.00352973557892,-0.0598358045303,0.39625592708,0.0059035785405,0.385660523264,1.78765021164
1495895531267504398,0.0598300748656,-0.0798079567861,-2.06390723093,0.0730854639178,-0.0560728251415,0.566202528058,-0.122237421688,0.361406941123,-2.84380930573
1495895531325638468,0.0300268500346,-0.0635682428586,-2.02854735448,0.126795880906,-0.0523445040976,0.368055138997,-0.212069551614,0.337376742884,0.418784078554
1495895531369621086,0.0310703823941,-0.0634468289334,-2.03231384112,0.144176445911,-0.0508956304617,0.454718828042,-0.241139018233,0.328038297969,-2.81733224176
1495895531418181382,0.00989871130146,-0.0558486449884,-2.09348926053,0.0560602253755,-0.0407920290001,0.309653955896,-0.0937622482201,0.262917418303,1.08934107226
1495895531468318344,0.00819066291182,-0.0555129396422,-2.09630932513,0.0276131632179,-0.0367849351882,0.449106250339,-0.0461837648071,0.237090442157,-2.8159992704
1495895531517903489,0.00923150338348,-0.0385221462568,-2.1194956434,-0.079943232409,-0.0275931166987,0.285621624854,0.133707225586,0.17784628966,0.924036475311
1495895531567984651,0.00714511043629,-0.0382185846451,-2.12264088948,-0.114692037917,-0.0239699749017,0.409593985643,0.191825545759,0.154494004648,0.771464600116
1495895531618319964,0.00865092841206,-0.0350099566188,-2.11691486388,-0.151283024834,-0.0208138846086,0.426738958365,0.25302496433,0.134152013035,-0.101349297679
1495895531668141658,0.00794106676771,-0.0349052445843,-2.11658264671,-0.163105769378,-0.0195640286135,0.389704513224,0.272798825408,0.126096299221,-0.0925537215279
1495895531724532001,0.024762640046,-0.0224774059441,-2.11042678498,-0.165872811814,-0.0341576564749,0.358714089991,0.27742677897,0.220156806999,-0.0851935835141
1495895531775886157,0.0247080178752,-0.022966590778,-2.11101541698,-0.16678286807,-0.0399973688107,0.347122034143,0.278948872754,0.257795584195,-2.79177830701
1495895531818204389,0.040166719169,0.00985136544084,-2.10317730525,-0.184147180697,-0.0524905379036,0.211620058192,0.307991156831,0.338317976556,-0.0502591662939
1495895531876988537,0.039829022041,0.0094285208771,-2.10576474611,-0.189771811823,-0.0575389003873,0.296423923331,0.317398505021,0.370856255808,0.0527289447399
1495895531926805417,0.0764686225916,-0.0219859013254,-2.13642045206,-0.119070779066,-0.069371755077,0.343896939576,0.199149109154,0.447122714781,-0.0816745521279
1495895531976970107,0.077837986478,-0.0223749335333,-2.13553401095,-0.0962647929044,-0.0740147657292,0.35552225364,0.161005478424,0.477048374371,-2.79377333543
1495895532017560741,0.0747970607852,-0.029730999377,-1.96463963765,0.0731488372836,-0.0885591548022,0.232636724055,-0.122343415362,0.570791522716,-0.0552505650942
1495895532067763425,0.0780834474128,-0.0302149126434,-1.95157128472,0.127883525025,-0.0943354061975,0.321987529039,-0.213888665918,0.608021274252,-0.0764711289885
1495895532117432385,0.0393576165634,-0.0298234815318,-1.8812837204,0.18073102083,-0.09785277695,0.368853965867,-0.302277536751,0.630691831715,-0.0876017754037
1495895532167511379,0.0403849133031,-0.0299409077357,-1.88033630964,0.197841355381,-0.0992544986527,0.386293225769,-0.330895035602,0.639726367635,-0.0917435503892
1495895532218190025,0.0135596758308,-0.025695153308,-1.82503257987,0.127753086449,-0.091512129583,0.412708177845,-0.21367050386,0.58982437116,-0.0980170269225
1495895532268406118,0.0122016448474,-0.0254376137892,-1.82448731872,0.105135658903,-0.0884380070433,0.422519339751,-0.175842242531,0.570010687421,-0.100347150173
1495895532326368591,0.00886388182588,0.0300419329481,-1.78995904856,-0.0782019789334,-0.0636820567376,0.455172325923,0.130794931896,0.410450824831,-0.10810214219
1495895532376769342,0.00530776264938,0.0308577204296,-1.78930934873,-0.137428926995,-0.0539455384036,0.467339242098,0.229853609743,0.347695911032,-2.82032955446
1495895532427727986,0.0543225365951,0.168752177144,-1.93337877811,-0.336682766181,-0.0100174007549,0.376993902518,0.563111062838,0.0645652890804,-0.0895349873745
1495895532478141519,0.0504547304479,0.170192513621,-1.93521128539,-0.401101863051,0.00717210332009,0.478852624617,0.670853750463,-0.0462264548967,-2.8230639503
1495895532518308782,0.103340574007,0.122575175312,-2.23472089516,-0.33487874211,0.0134204385787,0.382727442806,0.560093783623,-0.0864989349661,-0.0908966870038
1495895532569040022,0.10462216142,0.122792380225,-2.23677577084,-0.313534984527,0.0160144899481,0.482603738708,0.52439576987,-0.103218409474,-2.8239548293
1495895532620037076,0.106791523737,0.0900321401422,-2.05692129541,0.0656109658652,0.000636478504686,0.343404003743,-0.109736120863,-0.00410230354702,-0.0815574812594
1495895532669429391,0.114145917069,0.0895250733169,-2.05945582081,0.188098030231,-0.00541546952169,0.426628324121,-0.314599059888,0.034904399228,-0.101323022358
1495895532725374149,0.0612623399353,0.123986558692,-1.90750128452,0.435738123672,-0.0255487792554,0.418783661977,-0.728783836259,0.164669893783,-0.0994599372493
1495895532775217010,0.0660689406233,0.123308505174,-1.90754215191,0.515792878529,-0.0336436035396,0.41567690318,-0.862677586165,0.216843574636,-2.80805989484
1495895532818126652,-0.00313200689732,0.161554761184,-1.93294428091,0.479973211183,-0.0267828526394,0.235063756057,-0.802768220508,0.172623883718,-0.0558269783416
1495895532876864710,-0.00382292106851,0.161776649829,-1.93641890552,0.468467407706,-0.0241352114918,0.303042046095,-0.783524451966,0.155559006285,-0.0719716302833
1495895532929297213,-0.047898205869,0.169215503082,-2.02222454119,0.254509296488,0.0088792385437,0.265640568174,-0.425673704874,-0.0572294767293,-0.0630888848832
1495895532976761628,-0.0520459918941,0.170315640741,-2.02300198017,0.185428952672,0.0220113295833,0.251757340001,-0.310134955242,-0.141869921387,-2.76912946143
1495895533018126950,-0.0552388775049,0.187845087905,-2.0873847074,-0.0367313119066,0.0494670834097,0.060103403284,0.0614341159239,-0.31883086426,-0.014274388573
1495895533068252945,-0.0595480700317,0.188757913069,-2.12862668735,-0.108500667226,0.060362961313,0.123956003685,0.181470310266,-0.389058214032,0.866664767543
1495895533127798296,-0.0286765202968,0.190981248467,-2.1817407942,-0.228467944311,0.0578767680697,0.17063795674,0.382118836686,-0.373033918968,0.643522797938
1495895533168097832,-0.0310053359216,0.190897890712,-2.18088563898,-0.267254867863,0.0568816703624,0.17754698438,0.44699101887,-0.366620202206,-2.7515047115
1495895533217584922,0.0119366978634,0.0624129779856,-2.25158762562,-0.307181344542,0.0210866658555,0.0280677154647,0.513769134581,-0.135910173709,0.479008666734
1495895533267360315,0.0111598000172,0.0612422714349,-2.25449901726,-0.320121378024,0.00711546744664,0.132020303444,0.535411691727,-0.0458614189326,1.30938125917
1495895533332016163,0.0548110128108,0.103669945706,-1.89195058926,-0.199485386166,-0.0115189857527,0.249965640762,0.333644721702,0.0742434752526,0.686247091748
1495895533373131241,0.0571485990428,0.103040439246,-1.88943282072,-0.160553834268,-0.019034521285,0.263884753734,0.268530644686,0.122683458449,-2.77200968794
1495895533426669191,0.0508754791648,-0.0254403644201,-1.97743310282,8.62987237756e-05,-0.0220666381096,0.112317760976,-0.000144336957362,0.142226402182,-0.0266751510933
1495895533477798948,0.0539918633376,-0.0255179628222,-1.98039688424,0.0519896655547,-0.0229894555607,0.191226005705,-0.086954126459,0.148174250028,-2.75475344045
1495895533518393426,0.0252760988649,0.0877105108822,-1.61714958805,0.171755293913,-0.00115943513127,0.0894277775507,-0.287265389911,0.00747292299191,0.594405103106
1495895533567353911,0.02760088147,0.0884180846567,-1.61883650927,0.210475005871,0.00728378106507,0.217205643257,-0.35202515888,-0.0469462529826,0.598260662335
1495895533622982564,-0.0233524392536,0.159260357911,-1.88711702658,0.279365150675,0.0342107181028,0.210624754355,-0.467245795503,-0.220498805829,-0.050022784443
1495895533672466232,-0.022013264611,0.160145760896,-1.88743585603,0.301670035574,0.0447778184165,0.175979937266,-0.504551320774,-0.288607080939,-2.75113254224
1495895533732154337,-0.0633293343304,0.0977227311258,-2.10154315112,0.0960464164117,0.0300689180104,-0.0123500760195,-0.160640237814,-0.193803605465,0.00293310818318
1495895533780209051,-0.0673156068782,0.0972434294148,-2.10530112993,0.0296560191245,0.024349202238,0.0529598204824,-0.0496004967469,-0.156938243747,-2.72191561186
1495895533825061053,-0.046501174948,0.200413114916,-1.98820509036,-0.135697249874,0.0166928234311,-0.0922623649768,0.226957332767,-0.10759048148,0.794887230036
1495895533868284779,-0.0497098022678,0.200138742317,-1.99089998925,-0.189137204476,0.0134148632512,0.0274313285159,0.316337107013,-0.0864630002316,-2.7158526671
1495895533928779832,-0.0246303951343,0.154569062528,-2.25384256624,-0.2032673386,0.00859534057634,-0.126363168215,0.339970139777,-0.0553996653061,1.14501048994
1495895533967493830,-0.0249058993301,0.154416621174,-2.25697475751,-0.20785633574,0.00677688634725,0.00766294383169,0.347645362024,-0.0436791575762,-2.71115773156
1495895534023361272,-0.00634288860213,0.0894404319616,-2.17983678867,-0.178774492513,-0.00579560376163,-0.130146161751,0.299005190047,0.0373544836053,0.687596223556
1495895534071344050,-0.005779817486,0.0890328782592,-2.01174571683,-0.169396927275,-0.0106587979207,-0.0132540431375,0.283320957712,0.0686992949411,1.40522874653
1495895534117643931,0.0266021206736,0.057375522926,-2.0124497576,-0.0778046925394,-0.020955398658,0.0911026930128,0.130130459621,0.135064115459,-2.73097443639
1495895534167366038,0.0283769634203,0.0570377912249,-2.01045320811,-0.0482453906999,-0.0249860309865,-0.0754562713172,0.0806917251577,0.161042804725,0.373626043424
1495895534218046225,0.0121109246721,-0.0058555369707,-1.91014521886,0.041535001383,-0.037702822987,0.0360182160645,-0.0694684169286,0.243006516847,1.09960488137
1495895534279960104,0.0138533643317,-0.00626828723349,-1.90793983118,0.0705555749632,-0.0426281045162,0.115197851175,-0.118006113759,0.274751500753,0.42411306398
1495895534330478192,0.00698979275203,0.0168323806849,-1.71318320399,0.0680144900795,-0.0418548762585,0.129871587395,-0.113756080335,0.269767802166,0.32486125674
1495895534374623607,0.00694088874239,0.0168539417479,-1.71276236647,0.0672001290435,-0.0415981269454,0.130345353222,-0.112394039403,0.268112972333,-2.74029445738
1495895534417408376,-0.0124704194521,0.113299824003,-1.75840147294,0.0632943652537,-0.0195796703694,-0.0259988410107,-0.105861543476,0.126197115243,0.00617465133018
1495895534476062416,-0.0125450876209,0.11401676306,-1.76142621733,0.0620511466745,-0.0110242078295,0.0510749956897,-0.103782226665,0.0710544763868,0.220446435228
1495895534518414658,-0.0283350828186,0.185692303437,-1.99620948428,0.0719891299313,0.0191192840733,0.0467564435115,-0.120403773345,-0.123229781199,0.125705242857
1495895534569902911,-0.0281414198672,0.186684871498,-1.99646093548,0.0752148844312,0.0309655864028,0.040622915185,-0.125798935282,-0.199582914427,-2.71898563169
1495895534619415984,-0.0559704684107,0.194515372241,-2.17876963214,0.0824429026654,0.0300893381221,-0.152430319029,-0.137887991922,-0.193935219488,0.0362017703698
1495895534671442077,-0.0558286935941,0.194484700616,-2.18259513535,0.0848046960571,0.0297230008076,-0.0889225404858,-0.14183815546,-0.191574060621,-2.68821895175
