%time,field.header.seq,field.header.stamp,field.header.frame_id,field.x,field.y,field.phi,field.theta,field.psi,field.u,field.v,field.p,field.q,field.r
1495895711692719021,10304,0,,-35.3871612549,-34.0860900879,-0.00587484333664,0.00217661052011,1.910166502,0.0642673447728,0.0118992757052,-0.0873598605394,0.0221576634794,0.0240938179195
1495895711787816798,10305,0,,-35.3860054016,-34.0902633667,-0.0201379898936,0.000911363400519,1.90796995163,0.0611795447767,0.0208125151694,-0.142631456256,-0.0126524716616,0.218972578645
1495895711886659955,10306,0,,-35.38463974,-34.1001014709,-0.0582148097456,-0.0066266451031,1.9050245285,0.00353040150367,0.0399784073234,-0.380768209696,-0.0753800794482,0.784140229225
1495895711990991586,10307,0,,-35.3839225769,-34.1073684692,-0.060385197401,-0.00328908627853,1.90569376945,0.0181833337992,0.0410579033196,-0.0217038728297,0.0333755873144,1.31908988953
1495895712026727207,10308,0,,-35.3714256287,-34.1305160522,0.051347348839,-0.0224607735872,1.90473139286,-0.16887678206,-0.00340072251856,1.11732542515,-0.191716879606,0.736634969711
1495895712078179561,10309,0,,-35.3576545715,-34.1686782837,0.0941471159458,-0.0324537679553,1.90387821198,-0.405710190535,-0.000921905681025,0.427997648716,-0.0999299287796,0.10180439055
1495895712087538431,10310,0,,-35.3398094177,-34.2298774719,0.078265324235,-0.0335363410413,1.90305089951,-0.637475788593,-0.00133347325027,-0.158817857504,-0.010825724341,-0.514481544495
1495895712192436128,10311,0,,-35.325252533,-34.278377533,-0.0501089021564,-0.0174988713115,1.90643215179,-0.494652509689,0.0562713965774,-1.28374230862,0.160374671221,0.0430500544608
1495895712292090701,10312,0,,-35.3173789978,-34.3048820496,-0.0702692642808,0.0176523793489,1.90707993507,-0.275210857391,0.0266727674752,-0.201603636146,0.351512521505,0.498504966497
1495895712386855684,10313,0,,-35.3110733032,-34.3146705627,-0.0716615244746,0.00300520914607,1.90768325329,-0.269917160273,0.0314503088593,-0.0139225609601,-0.146471709013,1.0800164938
1495895712491064953,10314,0,,-35.3149490356,-34.3121032715,-0.0319764837623,0.0263279173523,1.90383005142,0.0406970456243,0.022506646812,0.396850377321,0.233227089047,1.43476974964
1495895712590910050,10315,0,,-35.3270988464,-34.286365509,-0.0428707078099,0.0156806465238,1.90088915825,0.0975497812033,0.0537662394345,-0.108942262828,-0.106472715735,1.88618314266
1495895712691555606,10316,0,,-35.3477630615,-34.2617797852,-0.0371551066637,0.0230427384377,1.90133619308,0.317869633436,0.0459372587502,0.0571560449898,0.0736209228635,2.25322747231
1495895712785091241,10317,0,,-35.3636703491,-34.2340965271,-0.0581298582256,-0.000420858792495,1.89647996426,0.174894481897,0.0538756251335,-0.209747537971,-0.234635978937,2.77180504799
1495895712887465854,10318,0,,-35.3920555115,-34.2022285461,-0.0389400869608,0.0189324393868,1.89769148827,0.425004869699,0.0386310815811,0.191897720098,0.193532988429,3.11320137978
1495895712991220805,10319,0,,-35.4158287048,-34.166519165,-0.0498633906245,0.0129716368392,1.89919888973,0.365397334099,0.0496969483793,-0.109233058989,-0.0596080347896,3.53036403656
1495895713043562870,10320,0,,-35.4213523865,-34.1573982239,0.0448014140129,-0.0195967555046,1.89476001263,0.106338098645,-0.00776632456109,0.946648061275,-0.325683921576,2.8903670311
1495895713095790179,10321,0,,-35.4135437012,-34.1683082581,0.0828911587596,-0.0337845422328,1.89380025864,-0.133750647306,-0.010230046697,0.380897432566,-0.141877889633,2.20985341072
1495895713107497601,10322,0,,-35.3953895569,-34.2005844116,0.0686815604568,-0.0346459671855,1.89212799072,-0.370124071836,-0.0128161534667,-0.142096012831,-0.00861424673349,1.54734301567
1495895713194750389,10323,0,,-35.3731269836,-34.2267951965,-0.0585287436843,-0.0179045330733,1.88789343834,-0.286296278238,0.041086345911,-1.272102952,0.167414337397,2.05729341507
1495895713287506039,10324,0,,-35.3551483154,-34.2437133789,-0.0992271900177,-0.00920761097223,1.88198161125,-0.251332998276,0.0321455523372,-0.406984448433,0.0869692265987,2.62670874596
1495895713390113502,10325,0,,-35.3398170471,-34.256149292,-0.0788503810763,-0.00832756329328,1.88262808323,-0.246275857091,0.0257431659847,0.203768104315,0.00880046933889,3.17408251762
1495895713489965652,10326,0,,-35.3226852417,-34.282371521,-0.0589579306543,-0.00862860307097,1.87593173981,-0.311625480652,0.0315413288772,0.198924481869,-0.00301039405167,3.677713871
1495895713585790617,10327,0,,-35.3143882751,-34.2912063599,-0.0497336052358,0.00138534465805,1.87640094757,-0.192072317004,0.0377815812826,0.092243231833,0.100139476359,4.09908056259
1495895713692820151,10328,0,,-35.3074188232,-34.3045959473,-0.0543655455112,0.00609275931492,1.8779040575,-0.145245656371,0.0411791913211,-0.0463193766773,0.0470741502941,4.5055475235
1495895713793439649,10329,0,,-35.3019447327,-34.3077888489,-0.0679955109954,-0.00521651422605,1.87679004669,-0.156066179276,0.0496111176908,-0.136299654841,-0.11309273541,4.97842311859
1495895713892429679,10330,0,,-35.2918968201,-34.3222999573,-0.0639234781265,-0.00506098847836,1.87480831146,-0.171381533146,0.0422281138599,0.0407203063369,0.00155525910668,5.41412258148
1495895713993193963,10331,0,,-35.2855682373,-34.3231964111,-0.0666035190225,-0.00901512056589,1.87081861496,-0.177920877934,0.0459160506725,-0.0268004257232,-0.0395413190126,5.86625051498
1495895714032933652,10332,0,,-35.2538757324,-34.3509254456,0.0406432002783,-0.0251316055655,1.86824452877,-0.42088457942,-0.0145914899185,1.07246720791,-0.161164849997,5.17309761047
1495895714088002387,10333,0,,-35.2087631226,-34.3980789185,0.0769326463342,-0.0326153039932,1.86405205727,-0.652398169041,-0.0146869793534,0.362894415855,-0.0748369991779,4.43335723877
1495895714103873610,10334,0,,-35.1530265808,-34.4661216736,0.0594179481268,-0.0330438278615,1.85791766644,-0.879346728325,-0.0187004581094,-0.175146967173,-0.00428522704169,3.71783280373
1495895714193529284,10335,0,,-35.1320304871,-34.4899940491,-0.0678578168154,-0.0171351898462,1.85616850853,-0.655502021313,0.03059303388,-1.27275764942,0.15908639133,4.1782169342
1495895714290658465,10336,0,,-35.0830841064,-34.5436210632,-0.108127065003,-0.00895243231207,1.85659968853,-0.725955605507,0.0112136052921,-0.402692466974,0.0818275734782,4.6988825798
1495895714392280816,10337,0,,-35.0727233887,-34.5424919128,-0.0896184891462,-0.00813301093876,1.85681867599,-0.576121807098,0.00835033413023,0.185085743666,0.00819420907646,5.19915914536
1495895714490674261,10338,0,,-35.0298805237,-34.5819969177,-0.0663286745548,-0.00371135259047,1.85589993,-0.582622766495,0.013429440558,0.232898160815,0.0442165844142,5.62966346741
1495895714590760310,10339,0,,-35.0327262878,-34.5659942627,-0.0682039633393,-0.00791608635336,1.85361099243,-0.478438109159,0.0286598820239,-0.0187529120594,-0.0420473329723,6.07371044159
1495895714688157125,10340,0,,-34.9911575317,-34.6005363464,-0.0719237104058,-0.00937259476632,1.85187578201,-0.539579331875,0.0303445532918,-0.0371974855661,-0.0145650887862,6.50829696655
1495895714792207300,10341,0,,-34.999168396,-34.5773353577,-0.0746091157198,-0.0102388421074,1.84914040565,-0.439122915268,0.038065597415,-0.0268540270627,-0.00866247341037,6.93933582306
1495895714891882197,10342,0,,-34.9575843811,-34.6073760986,-0.0740845948458,-0.0104237999767,1.84938943386,-0.51178497076,0.0354456193745,0.00524520035833,-0.00184957659803,7.35978841782
1495895714989516398,10343,0,,-34.9806671143,-34.5729408264,-0.0647099763155,0.00338249187917,1.85047137737,-0.316111385822,0.0319632813334,0.0937462151051,0.138062909245,7.68633031845
1495895715031840986,10344,0,,-34.9328384399,-34.6027565002,0.0327617116272,-0.0189962163568,1.84824538231,-0.563190340996,-0.0221801269799,0.974716842175,-0.223787084222,6.94291257858
1495895715093765271,10345,0,,-34.8695983887,-34.6503868103,0.0669108480215,-0.0317659117281,1.84708726406,-0.791313767433,-0.0247808620334,0.341491371393,-0.127696961164,6.16518735886
1495895715105808351,10346,0,,-34.7935943604,-34.7175865173,0.0515869148076,-0.0335422679782,1.84413909912,-1.01407015324,-0.0297921318561,-0.15323933959,-0.0177635475993,5.41170787811
1495895715189131589,10347,0,,-34.8097648621,-34.7083778381,-0.0746679529548,-0.0174336060882,1.84316468239,-0.76108109951,0.0149763952941,-1.26254868507,0.1610866189,5.83296918869
1495895715295388328,10348,0,,-34.7496986389,-34.7554473877,-0.111870728433,-0.00294536165893,1.84275603294,-0.763103246689,-0.00444557378069,-0.372027784586,0.144882455468,6.27947187424
1495895715391760220,10349,0,,-34.7914161682,-34.7149658203,-0.0865705385804,0.0103067243472,1.84350728989,-0.464460283518,-0.0017558260588,0.253001838923,0.132520854473,6.6462726593
1495895715500778273,10350,0,,-34.7730140686,-34.7277908325,-0.0565935708582,0.0265446249396,1.84328103065,-0.224314004183,3.58751531166e-05,0.299769729376,0.162379011512,6.8964972496
1495895715591507686,10351,0,,-34.8416099548,-34.671131134,-0.0691089853644,0.0119980052114,1.84404885769,-0.13624151051,0.0229908097535,-0.125154137611,-0.145466193557,7.24221992493
1495895715701197753,10352,0,,-34.8381538391,-34.6753921509,-0.0700026899576,0.00854560639709,1.8428337574,-0.0515838116407,0.0187133643776,-0.00893708597869,-0.0345239900053,7.56618261337
1495895715792140532,10353,0,,-34.9640884399,-34.6178131104,-0.0712748989463,0.00675441557541,1.84165346622,0.0149726551026,0.02372668311,-0.0127220703289,-0.0179119110107,7.893638134
1495895715903073140,10354,0,,-35.0705528259,-34.5692558289,-0.0712720900774,0.00668196380138,1.83944988251,0.0658517852426,0.0263467747718,2.80806270894e-05,-0.000724515120964,8.21199035645
1495895715999683893,10355,0,,-35.1636238098,-34.5271110535,-0.0704742521048,0.0082139223814,1.83968126774,0.113476671278,0.0258538648486,0.00797841977328,0.0153195895255,8.51384067535
1495895716033712032,10356,0,,-35.2507553101,-34.4818992615,0.0102515229955,0.0175383910537,1.83674299717,0.223859518766,-0.0132030630484,0.807257711887,0.0932446867228,7.98519945145
1495895716084093228,10357,0,,-35.3199119568,-34.4401779175,0.0155566837639,0.0596784129739,1.83521783352,0.807638883591,-0.00342668127269,0.0530516020954,0.4214001894,7.66250228882
1495895716103048367,10358,0,,-35.4341812134,-34.3661499023,-0.0137255545706,0.076587356627,1.83479917049,1.36151361465,-0.00632339483127,-0.292822390795,0.16908942163,7.36152887344
1495895716200459635,10359,0,,-35.5657653809,-34.2984924316,-0.0993397012353,0.0153336096555,1.83165967464,0.940111458302,0.0190183185041,-0.856141448021,-0.612537443638,7.753677845
1495895716299760667,10360,0,,-35.6494789124,-34.2526321411,-0.0954659804702,-0.00301025225781,1.83038377762,0.954511940479,-0.00414595194161,0.0387371703982,-0.183438614011,8.13078212738
1495895716403999487,10361,0,,-35.745300293,-34.2154769897,-0.0683603659272,0.0100746834651,1.82904231548,0.844180107117,0.00160297483671,0.271056175232,0.13084936142,8.39999389648
1495895716500091943,10362,0,,-35.8222465515,-34.1805343628,-0.0728106126189,0.00649866415188,1.82932889462,0.844993472099,0.0125870425254,-0.0445024855435,-0.0357601903379,8.7141866684
1495895716601912920,10363,0,,-35.8903007507,-34.1623344421,-0.0694739967585,0.0159283131361,1.82955229282,0.759916961193,0.0124711534008,0.0333661176264,0.0942964926362,8.95446491241
1495895716701940306,10364,0,,-35.9587173462,-34.1364593506,-0.0817641466856,0.00490550277755,1.82881498337,0.731291234493,0.0166012924165,-0.122901491821,-0.11022810638,9.27785587311
1495895716799872592,10365,0,,-35.9962158203,-34.1343421936,-0.0769122689962,0.00806456711143,1.8253954649,0.628189206123,0.0157746467739,0.0485188029706,0.0315906479955,9.54822254181
1495895716901710328,10366,0,,-36.0620765686,-34.1129074097,-0.075352191925,0.00974760111421,1.82281291485,0.692479789257,0.0140934009105,0.0156007995829,0.0168303400278,9.81224536896
1495895717000108249,10367,0,,-36.0738449097,-34.122177124,-0.0843814685941,0.000352216506144,1.82184410095,0.508686006069,0.0233667436987,-0.0902928262949,-0.0939538478851,10.1277484894
1495895717042073434,10368,0,,-36.2023849487,-34.0779571533,-0.0254935715348,0.0768339857459,1.82149422169,1.35929358006,-0.0100993439555,0.58887898922,0.764817714691,9.95854091644
1495895717091750771,10369,0,,-36.4048500061,-34.0046844482,-0.025875736028,0.110263668001,1.82051038742,2.15317416191,-0.00376543495804,-0.00382164493203,0.334296762943,9.74606895447
1495895717100997546,10370,0,,-36.678440094,-33.8988609314,-0.0399392396212,0.112814433873,1.81974112988,2.93341517448,-0.0104950349778,-0.140635058284,0.0255076773465,9.55592060089
1495895717200709666,10371,0,,-36.7642288208,-33.8817253113,-0.105633236468,0.0224373284727,1.81906330585,2.00126457214,0.0151265729219,-0.656939983368,-0.903771042824,9.8981962204
1495895717300458522,10372,0,,-36.9450569153,-33.8264923096,-0.100433759391,-0.0159666221589,1.81666660309,1.89074647427,-0.00347619364038,0.0519947893918,-0.384039521217,10.2791881561
1495895717402100851,10373,0,,-36.9216041565,-33.8542404175,-0.085206836462,-0.0176167767495,1.81245923042,1.331127882,0.00183220359031,0.152269244194,-0.0165015365928,10.6212692261
1495895717501162679,10374,0,,-37.0460929871,-33.8247718811,-0.0826841816306,-0.00828885938972,1.80466067791,1.27927970886,0.00600691977888,0.0252265557647,0.0932791680098,10.9200220108
1495895717600906228,10375,0,,-36.9693984985,-33.8687858582,-0.0864243209362,-0.000528316712007,1.79659628868,0.984370172024,0.02943832241,-0.03740138188,0.0776054263115,11.1920318604
1495895717700000883,10376,0,,-37.0558547974,-33.8543052673,-0.0914441645145,-0.00706954253837,1.78722560406,0.87629288435,0.0245167445391,-0.0501984655857,-0.0654122531414,11.5104284286
1495895717801503594,10377,0,,-36.9360084534,-33.8784790039,-0.0529442243278,0.0413275398314,1.77718472481,1.11179959774,0.0580498836935,0.384999394417,0.483970820904,11.510559082
1495895717900335084,10378,0,,-37.1239814758,-33.8364562988,-0.0168630667031,0.0964809581637,1.76810336113,1.92582607269,0.0328783690929,0.360811591148,0.551534175873,11.2739591599
1495895718005348651,10379,0,,-37.1093215942,-33.8113594055,-0.0258743297309,0.112239986658,1.76305925846,1.99557733536,0.113632544875,-0.0901126489043,0.157590299845,11.0290985107
1495895718035070443,10380,0,,-37.3480758667,-33.7403640747,-0.00694626616314,0.0842759385705,1.75492238998,2.49000668526,0.064007140696,0.189280644059,-0.279640465975,10.6381015778
1495895718084536930,10381,0,,-37.6269607544,-33.6382255554,0.00395982665941,0.0673233494163,1.75042665005,2.96980547905,0.0349397473037,0.109060928226,-0.169525906444,10.238360405
1495895718124231576,10382,0,,-37.9435539246,-33.5036773682,-0.00250502396375,0.0640661269426,1.74386119843,3.43995022774,0.015189466998,-0.064648501575,-0.0325722433627,9.84886550903
1495895718199952308,10383,0,,-37.8580131531,-33.4317970276,-0.0150427194312,0.0691149905324,1.73243069649,2.61874341965,-0.0666303932667,-0.125376954675,0.0504886657,9.50111103058
1495895718321445340,10384,0,,-38.0506401062,-33.3066596985,-0.00148174818605,-0.00378948892467,1.72485911846,2.29544973373,-0.08578889817,0.135609716177,-0.729044795036,8.70398235321
1495895718402983715,10385,0,,-37.8016357422,-33.2542877197,-0.00801113899797,0.0356808081269,1.71734547615,2.24017715454,0.00708001852036,-0.0652939081192,0.394703000784,8.36851787567
1495895718512830014,10386,0,,-37.9512062073,-33.1332778931,0.0183568783104,-0.00750397518277,1.71046972275,1.92370355129,-0.0288036186248,0.263680160046,-0.431847840548,7.58975410461
1495895718628368589,10387,0,,-37.6301612854,-33.1267280579,0.0417666696012,-0.0325205363333,1.7065038681,1.07396137714,0.0408869273961,0.234097927809,-0.250165611506,6.82177686691
1495895718727074369,10388,0,,-37.7459487915,-33.0152740479,0.0271300841123,0.0356110185385,1.70072686672,1.60686707497,0.029476352036,-0.146365866065,0.681315541267,6.50419569016
1495895718826772378,10389,0,,-37.4042320251,-33.000038147,0.00876349397004,0.0323205552995,1.69825685024,1.13346660137,0.0776624009013,-0.183665901423,-0.0329046286643,5.97507429123
1495895718912750003,10390,0,,-37.4937705994,-32.8955841064,0.0226870309561,0.0328876897693,1.68931937218,1.37529718876,0.0369531959295,0.139235362411,0.00567136052996,5.54365730286
1495895719015304527,10391,0,,-37.1490058899,-32.9120445251,0.0475139766932,-0.0141100604087,1.67797803879,0.697246730328,0.0692424252629,0.248269468546,-0.469977498055,4.81916809082
1495895719041889679,10392,0,,-37.1738967896,-32.8748054504,0.0736037716269,-0.0343601256609,1.66696465015,0.446787148714,0.0320617221296,0.260897934437,-0.202500626445,4.1038646698
1495895719089608945,10393,0,,-37.2280883789,-32.7797279358,0.0318158380687,0.0451543144882,1.65615606308,1.09379601479,0.0350282490253,-0.417879313231,0.795144379139,3.89869117737
1495895719115404682,10394,0,,-37.3044052124,-32.6295089722,-0.0143343070522,0.0830030292273,1.63921129704,1.68479824066,0.0210654251277,-0.461501449347,0.378487110138,3.72188997269
1495895719213173054,10395,0,,-36.8799057007,-32.655506134,0.0166841279715,0.00597701594234,1.62738108635,0.828317463398,0.0453315079212,0.31018435955,-0.770260155201,3.06913995743
1495895719324277612,10396,0,,-36.8977470398,-32.6004943848,0.0748837292194,-0.0333746150136,1.60538125038,0.57826167345,0.00929312687367,0.581996023655,-0.393516331911,2.40989470482
1495895719415647755,10397,0,,-36.5421791077,-32.6023216248,0.0356528833508,0.0616885758936,1.56585502625,1.24862372875,0.106214642525,-0.392308473587,0.950631916523,2.36077284813
1495895719530427293,10398,0,,-36.5628623962,-32.5110435486,0.0390970744193,0.00896884314716,1.51622033119,0.934411406517,0.0528188496828,0.0344419069588,-0.527197360992,1.71305668354
1495895719608540020,10399,0,,-36.1965141296,-32.4816551208,0.0240536462516,0.0717462003231,1.47339212894,1.00004088879,0.143281176686,-0.150434270501,0.62777364254,1.70528173447
1495895719709993562,10400,0,,-36.2052612305,-32.4120140076,0.0589321106672,0.00684778066352,1.44141995907,0.69721186161,0.0807676836848,0.348784655333,-0.648984253407,1.0707051754
1495895719810948583,10401,0,,-35.8221321106,-32.4854316711,0.0910218581557,-0.0313616655767,1.41440665722,-0.168067231774,-0.0179974548519,0.320897459984,-0.382094442844,0.441397666931
1495895719909248861,10402,0,,-35.8273086548,-32.5249481201,0.0739591419697,-0.037677295506,1.38310480118,-0.398181170225,-0.0174604766071,-0.170627146959,-0.0631563141942,-0.176318615675
1495895720021156034,10403,0,,-35.4602890015,-32.6515617371,0.0550280176103,-0.0339981727302,1.35588824749,0.0415173172951,-0.11769797653,-0.189311265945,0.0367912277579,-0.760695517063
1495895720035719762,10404,0,,-35.4573364258,-32.6742134094,0.0313692726195,-0.0316234976053,1.32994270325,-0.203012675047,-0.104729317129,-0.236587449908,0.0237467642874,-1.31689012051
1495895720084788432,10405,0,,-35.4267883301,-32.6144828796,-0.0136203086004,0.0696310251951,1.30609035492,0.666921198368,-0.0729529410601,-0.449895828962,1.012545228,-1.22942221165
1495895720124006967,10406,0,,-35.3670425415,-32.4798851013,-0.042292021215,0.113062925637,1.27905535698,1.47147858143,-0.0581524260342,-0.286717116833,0.434318959713,-1.13542211056
1495895720215606599,10407,0,,-34.8857803345,-32.3681297302,-0.0330865420401,0.115839108825,1.2521250248,0.93280762434,-0.0561201199889,0.0920547619462,0.0277618505061,-1.03701007366
1495895720311637948,10408,0,,-34.8502349854,-32.3147773743,0.0309952218086,0.00978572573513,1.219648242,0.637063741684,-0.0714822933078,0.640817642212,-1.06053388119,-1.57302618027
1495895720409477206,10409,0,,-34.4574012756,-32.3446655273,0.0784421339631,-0.037046585232,1.19043052197,0.848549127579,0.0920085310936,0.474469125271,-0.468323111534,-2.12084841728
1495895720511681265,10410,0,,-34.4262046814,-32.2930755615,0.109877690673,-0.0409023649991,1.16439640522,0.599599480629,0.0629374012351,0.314355552197,-0.0385578200221,-2.68088006973
1495895720609681016,10411,0,,-34.0006637573,-32.2813072205,0.0972782000899,-0.0352907404304,1.1421071291,-0.291813462973,0.207293301821,-0.125994935632,0.056116271764,-3.23481273651
1495895720725034653,10412,0,,-34.0486869812,-32.3077049255,0.112629130483,-0.0313635133207,1.12239229679,-0.529204726219,0.142257556319,0.153509303927,0.0392722375691,-3.76907658577
1495895720832100293,10413,0,,-33.7033004761,-32.3027839661,0.110289081931,-0.0307273697108,1.10466015339,-1.25586616993,0.0990562438965,-0.0234004352242,0.00636145286262,-4.29888868332
1495895720909557560,10414,0,,-33.7375526428,-32.3182067871,0.0516013950109,0.06984718889,1.10457491875,-0.362707912922,0.0976583510637,-0.586876869202,1.00574553013,-4.18594121933
1495895721034254631,10415,0,,-33.3794364929,-32.2498970032,0.0492932423949,0.0129636265337,1.06711041927,-0.540679335594,-0.216332122684,-0.0230815205723,-0.568835616112,-4.67086362839
1495895721042611348,10416,0,,-33.4355430603,-32.3050384521,0.0299084484577,-0.0278372354805,1.04964411259,-0.767349898815,-0.173165172338,-0.193847954273,-0.408008635044,-5.12332630157
1495895721091373553,10417,0,,-33.4185256958,-32.3087387085,-0.0104995816946,0.0642118826509,1.0496635437,0.12494905293,-0.121284142137,-0.404080301523,0.920491218567,-4.93401479721
1495895721134023884,10418,0,,-33.3343505859,-32.2648963928,-0.0385900363326,0.110351212323,1.02018272877,0.944831907749,-0.0899354889989,-0.280904561281,0.461393296719,-4.74566078186
