%time,field.header.seq,field.header.stamp,field.header.frame_id,field.x,field.y,field.phi,field.theta,field.psi,field.u,field.v,field.p,field.q,field.r
1495895521571350928,8599,0,,-12.2065181732,-53.5849723816,-0.00273031136021,-1.72907548404e-05,3.60942173004,0.0428460463881,-0.0113344397396,0.00348637718707,6.03428343311e-05,0.00606229715049
1495895521676715656,8600,0,,-12.196141243,-53.5796813965,-0.0592563040555,-0.00801622215658,3.60933923721,-0.0195043031126,0.0156117137522,-0.565259933472,-0.0799893140793,0.575080811977
1495895521764029968,8601,0,,-12.1868972778,-53.5755386353,-0.0758995264769,-0.0108119277284,3.54846549034,-0.0999533012509,0.0164246615022,-0.166432261467,-0.0279570557177,1.16539168358
1495895521862826958,8602,0,,-12.1690692902,-53.5646057129,-0.0667507648468,-0.0108765000477,3.42782688141,-0.112635873258,0.0139527069405,0.0914876163006,-0.000645723659545,1.73598361015
1495895521962511773,8603,0,,-12.1518411636,-53.5558815002,-0.0603641681373,-0.0106670735404,3.36722278595,-0.126597762108,0.0188156273216,0.0638659894466,0.00209426647052,2.28189611435
1495895522013185189,8604,0,,-12.1352853775,-53.5480804443,-0.0612291581929,-0.0105842007324,3.30755662918,-0.140464097261,0.0233163889498,-0.00864989217371,0.000828723597806,2.81219911575
1495895522089517937,8605,0,,-12.1145238876,-53.5402374268,-0.0640932321548,-0.0105349915102,3.24832677841,-0.219837158918,0.0304930824786,-0.0286407470703,0.000492091290653,3.33124876022
1495895522095580792,8606,0,,-12.0866661072,-53.5292549133,-0.0648900941014,-0.0104644168168,3.18985962868,-0.297466784716,0.0343784354627,-0.00796859152615,0.000705753511284,3.83844637871
1495895522164400714,8607,0,,-12.065284729,-53.519115448,-0.0649068132043,-0.0104170897976,3.1361117363,-0.252797037363,0.0323215983808,-0.000167189078638,0.000473263295135,4.33243608475
1495895522264521127,8608,0,,-12.0492019653,-53.511806488,-0.0664808526635,-0.0104439398274,3.08116555214,-0.229924425483,0.0316026285291,-0.0157404579222,-0.000268496340141,4.81402111053
1495895522363940616,8609,0,,-12.0202379227,-53.5009803772,-0.0685885995626,-0.0104662254453,3.01969456673,-0.307339459658,0.0340383462608,-0.0210774373263,-0.000222856309847,5.28463983536
1495895522461857817,8610,0,,-12.0056152344,-53.4945602417,-0.0697277486324,-0.0104271899909,2.94631671906,-0.258067309856,0.0325775407255,-0.0113914832473,0.000390354311094,5.7442650795
1495895522565577498,8611,0,,-11.9737110138,-53.4838447571,-0.0711292847991,-0.0104388995096,2.94593906403,-0.334886372089,0.0335649549961,-0.014015362598,-0.00011709190585,6.19266080856
1495895522682510944,8612,0,,-11.9633998871,-53.478061676,-0.0723602771759,-0.0104124136269,2.8216047287,-0.24787569046,0.0357775762677,-0.012309958227,0.000264857633738,6.6303858757
1495895522762499816,8613,0,,-11.9588623047,-53.4720039368,-0.0731788426638,-0.0104391584173,2.8205242157,-0.214903175831,0.0359731912613,-0.0081856418401,-0.000267449155217,7.05742788315
1495895522861897934,8614,0,,-11.9567184448,-53.4665641785,-0.07426122576,-0.0104755321518,2.70070266724,-0.195944741368,0.0367838554084,-0.0108237937093,-0.000363740255125,7.47398471832
1495895522988318547,8615,0,,-11.954955101,-53.4584312439,-0.0754233375192,-0.0104952920228,2.63944339752,-0.171448528767,0.0417425334454,-0.0116211175919,-0.000197600631509,7.88055515289
1495895523032267081,8616,0,,-11.9300498962,-53.4540023804,-0.0756339654326,-0.0105044264346,2.58644556999,-0.25013422966,0.0376916304231,-0.00210628844798,-9.13443946047e-05,8.27707958221
1495895523062905753,8617,0,,-11.8978500366,-53.4472885132,-0.0773125886917,-0.0104848686606,2.5249812603,-0.327102392912,0.0346640869975,-0.0167862605304,0.00019558101485,8.66380119324
1495895523093697451,8618,0,,-11.8583660126,-53.4389038086,-0.0796387568116,-0.0104328738526,2.48002147675,-0.402394682169,0.031615793705,-0.0232616532594,0.000519951921888,9.04209327698
1495895523178208129,8619,0,,-11.8570680618,-53.4302635193,-0.0817485153675,-0.0103728473186,2.42128825188,-0.314376026392,0.03513899073,-0.0210976134986,0.000600259867497,9.4121837616
1495895523292003324,8620,0,,-11.8185768127,-53.4232940674,-0.0821618512273,-0.0103881061077,2.37328529358,-0.389977127314,0.0304597020149,-0.00413333857432,-0.000152587497723,9.77350234985
1495895523388709407,8621,0,,-11.8427734375,-53.4227294922,-0.0682548731565,0.0105181401595,2.31575870514,-0.163408473134,0.0223026778549,0.139069780707,0.209062457085,10.0003919601
1495895523490828818,8622,0,,-11.817530632,-53.4202728271,-0.0854600071907,-0.00161275244318,2.26039648056,-0.252064496279,0.0280280075967,-0.17205132544,-0.121308922768,10.3361272812
1495895523590455803,8623,0,,-11.8338270187,-53.4196166992,-0.0904726833105,-0.00980432145298,2.21357512474,-0.238162666559,0.0225639883429,-0.0501267872751,-0.0819156914949,10.6807155609
1495895523686016629,8624,0,,-11.8026418686,-53.4159660339,-0.0889169126749,-0.0115221757442,2.15750336647,-0.313477933407,0.0178841911256,0.0155577315018,-0.0171785410494,11.0157527924
1495895523784448141,8625,0,,-11.8013429642,-53.4139823914,0.0196963753551,-0.0254456810653,2.09761381149,-0.388533502817,-0.0234309528023,1.08613288403,-0.139235049486,10.2030038834
1495895523887628440,8626,0,,-11.8266811371,-53.41954422,-0.0334872119129,0.00409504910931,2.0375084877,-0.142423853278,0.0350462533534,-0.531835913658,0.295407295227,10.3503236771
1495895523983390615,8627,0,,-11.9143848419,-53.4129524231,-0.0496454127133,0.0696891546249,1.97459805012,0.458501547575,0.0224820990115,-0.161582008004,0.655941069126,10.2522354126
1495895524038333077,8628,0,,-12.045835495,-53.3942832947,-0.0491787530482,0.0992922484875,1.923178792,0.96709138155,0.018028113991,0.00466660270467,0.296030879021,10.1104078293
1495895524093393993,8629,0,,-12.2113208771,-53.3571166992,-0.041743285954,0.1025236696,1.86269426346,1.69607877731,0.00203379406594,0.0743546783924,0.0323142670095,9.96295261383
1495895524096937250,8630,0,,-12.4420194626,-53.285697937,-0.0385188087821,0.0988916829228,1.81521582603,2.41499638557,-0.00734810344875,0.0322447866201,-0.0363198965788,9.81718158722
1495895524181336390,8631,0,,-12.5713005066,-53.2197227478,0.0112834461033,0.00332221481949,1.76169395447,1.59825694561,-0.0278398860246,0.498022526503,-0.955694675446,9.01155281067
1495895524275380187,8632,0,,-12.6195383072,-53.1742172241,0.0511052906513,-0.0376156270504,1.71053123474,1.05168807507,-0.028455177322,0.39821845293,-0.409378439188,8.20714092255
1495895524384829376,8633,0,,-12.6889610291,-53.1119651794,-0.00983880646527,0.0409131608903,1.65395534039,1.34941327572,0.00821168161929,-0.609440982342,0.785287857056,8.14520072937
1495895524491270773,8634,0,,-12.8487043381,-52.9780006409,-0.0452451817691,0.0952611267567,1.59818661213,2.08476495743,-0.0108618093655,-0.354063749313,0.543479681015,7.95002889633
1495895524586488265,8635,0,,-12.9930915833,-52.8510932922,-0.0505232289433,0.112253658473,1.53873610497,2.22978687286,-0.00818368140608,-0.0527804605663,0.169925272465,7.82132673264
1495895524685780707,8636,0,,-13.1861591339,-52.6396331787,-0.0470337457955,0.0974084436893,1.48349571228,2.86335253716,-0.0149297043681,0.0348948389292,-0.148452147841,7.77235412598
1495895524786732507,8637,0,,-13.3019542694,-52.4823150635,-0.0362029522657,0.0921228155494,1.43370211124,2.7188065052,-0.0104375556111,0.108307942748,-0.0528562664986,7.69933986664
1495895524881674959,8638,0,,-13.3904342651,-52.3314933777,-0.0274827312678,0.0990851745009,1.38561177254,2.72988295555,-0.00629952549934,0.0872021913528,0.0696236267686,7.57965707779
1495895524985899109,8639,0,,-13.4001626968,-52.2428092957,0.0210154633969,0.0198478065431,1.33910036087,2.04080462456,-0.02913990058,0.484981954098,-0.792373716831,6.82457304001
1495895525012923626,8640,0,,-13.4080572128,-52.1374588013,0.0118455272168,0.0604383684695,1.28995144367,2.22207140923,-0.00800672546029,-0.0916993692517,0.405905604362,6.63257312775
1495895525064360475,8641,0,,-13.4624547958,-51.9553375244,0.0181794948876,-0.000535117986146,1.24413466454,1.90039551258,-0.0340680778027,0.0633396804333,-0.609734833241,5.8902759552
1495895525088421781,8642,0,,-13.4879713058,-51.7948417664,0.0409042611718,-0.0332053154707,1.19980609417,1.62422668934,-0.0533187650144,0.227247640491,-0.326701968908,5.17146492004
1495895525174754889,8643,0,,-13.3758430481,-51.8641319275,0.0452989153564,-0.0379644744098,1.15659940243,1.01305794716,-0.0330614037812,0.0439465641975,-0.0475915856659,4.45882368088
1495895525284507186,8644,0,,-13.2806558609,-51.871711731,-0.00294654094614,0.0659508183599,1.15592956543,1.43660926819,0.00396895036101,-0.482454568148,1.03915297985,4.38501930237
1495895525382742727,8645,0,,-13.1899795532,-51.9318771362,0.00391569826752,0.0115401148796,1.07280564308,0.869402348995,-0.0120968511328,0.0686223879457,-0.544107079506,3.70975351334
1495895525491674947,8646,0,,-13.1665468216,-51.7693138123,0.00597813306376,0.0651750564575,1.03382766247,1.64236664772,-0.0125573184341,0.0206243526191,0.536349415779,3.62474870682
1495895525592460458,8647,0,,-13.0541734695,-51.7383499146,-0.01778639853,0.100043565035,1.03321874142,1.82000672817,0.0303084291518,-0.237645328045,0.348685085773,3.55460858345
1495895525692085417,8648,0,,-13.0082607269,-51.5069084167,-0.0109239863232,0.087947934866,1.00924277306,2.35949802399,0.00866268575191,0.0686241239309,-0.120956286788,3.38071107864
1495895525789660605,8649,0,,-12.852057457,-51.5334472656,0.0367823280394,0.00270864204504,1.00769627094,1.83306562901,0.0245030578226,0.477063149214,-0.852392971516,2.74774885178
1495895525884201397,8650,0,,-12.7979393005,-51.3867416382,0.0797819122672,-0.03624124825,1.00533151627,1.5637024641,0.00162421935238,0.429995805025,-0.389498919249,2.08664751053
1495895525990470356,8651,0,,-12.6720275879,-51.4851417542,0.0764723792672,-0.0399538353086,1.00442802906,1.0581612587,-0.145134702325,-0.0330953262746,-0.037125878036,1.42790412903
1495895526039434336,8652,0,,-12.5695896149,-51.6091537476,0.0278120767325,-0.0351689308882,1.00203192234,0.68469786644,-0.244595602155,-0.486602991819,0.0478490628302,0.807489931583
1495895526088738091,8653,0,,-12.5296487808,-51.5835342407,-0.0116416094825,-0.0319440886378,0.996538281441,0.426096200943,-0.208792880177,-0.394536852837,0.0322484225035,0.239040508866
1495895526098758498,8654,0,,-12.504196167,-51.5801086426,-0.00309453648515,-0.0309538319707,0.997235238552,0.172922819853,-0.189892679453,0.0854707285762,0.00990256946534,-0.305638879538
1495895526193125315,8655,0,,-12.4956741333,-51.5961227417,0.0184559058398,-0.0311824958771,0.999239385128,-0.0744396001101,-0.165443226695,0.215504407883,-0.00228665396571,-0.854171097279
1495895526295471992,8656,0,,-12.4065580368,-51.8123321533,0.0313215553761,-0.031469412148,0.995294570923,0.178648501635,-0.240841135383,0.128656506538,-0.00286915129982,-1.40211677551
1495895526391482523,8657,0,,-12.269908905,-51.950088501,0.0152893476188,-0.0317774675786,0.987969338894,-0.253166466951,0.0115859471262,-0.160322085023,-0.00308056874201,-1.93355286121
1495895526485893415,8658,0,,-12.1950368881,-52.079284668,0.0598504170775,-0.0311150290072,0.97811383009,-0.571853816509,0.165900334716,0.445610672235,0.00662439176813,-2.45530056953
1495895526593979852,8659,0,,-12.1202917099,-52.1715888977,0.116669565439,-0.0310118868947,0.971251428127,-0.591778099537,-0.112551882863,0.568191468716,0.00103142764419,-3.00778532028
1495895526693632190,8660,0,,-12.0529489517,-52.2624320984,0.0680627003312,-0.0317550711334,0.965469837189,-0.611930012703,-0.281213313341,-0.486068606377,-0.00743185728788,-3.55158567429
1495895526785106738,8661,0,,-11.9520616531,-52.3178977966,-0.00322464597411,-0.0314370803535,0.955613255501,-1.10923171043,-0.278125345707,-0.712873458862,0.00317992945202,-4.02331018448
1495895526887414303,8662,0,,-11.9057340622,-52.387462616,-0.0146919433028,-0.0304295066744,0.943634331226,-1.49813354015,-0.296065926552,-0.114672973752,0.0100757302716,-4.45095872879
1495895526989515553,8663,0,,-11.8621559143,-52.4279594421,0.000294397439575,-0.0301364827901,0.930646955967,-1.31214535236,0.00833745580167,0.149863407016,0.00293023861013,-4.87884235382
1495895527035426072,8664,0,,-11.8237009048,-52.4324035645,0.0756193175912,-0.030110668391,0.918090462685,-1.1726359129,0.217143297195,0.753249228001,0.000258145533735,-5.3297996521
1495895527085177723,8665,0,,-11.960319519,-52.4629211426,0.146578297019,-0.0306924730539,0.906793534756,-1.39053857327,0.161306768656,0.709589779377,-0.00581804569811,-5.8282456398
1495895527095543216,8666,0,,-12.1184062958,-52.4930496216,0.141074955463,-0.031267311424,0.894849002361,-1.60351657867,0.136527657509,-0.0550333932042,-0.00574839254841,-6.33538770676
1495895527187869556,8667,0,,-12.0147504807,-52.3987464905,0.112852454185,-0.0309035051614,0.888881444931,-0.735753238201,0.112615473568,-0.282225012779,0.00363806914538,-6.80522203445
1495895527299155632,8668,0,,-12.1110105515,-52.4069595337,0.0992994979024,-0.0308021791279,0.880829036236,-0.963059365749,0.0764896646142,-0.135529577732,0.00101326126605,-7.24513196945
1495895527393091113,8669,0,,-11.900349617,-52.2518615723,0.096343703568,-0.0307491701096,0.870406031609,-1.23886322975,0.243590340018,-0.0295579303056,0.000530095712747,-7.67052459717
1495895527495518517,8670,0,,-12.0466337204,-52.2434616089,0.136012092233,-0.0304504428059,0.863562405109,-1.4550716877,0.172384232283,0.396683841944,0.00298726861365,-8.09861946106
1495895527586687872,8671,0,,-11.8789358139,-52.0356330872,0.138875052333,-0.0307519156486,0.852910101414,-1.37485957146,0.357900887728,0.0286296308041,-0.00301472912543,-8.53744125366
1495895527690994772,8672,0,,-12.0364151001,-52.0020561218,0.168208539486,-0.030556038022,0.837697088718,-1.58803415298,0.266156464815,0.293334871531,0.00195876602083,-8.96908187866
1495895527793154343,8673,0,,-11.8252487183,-51.7388267517,0.160744100809,-0.0307288169861,0.823132753372,-1.48027658463,0.417454361916,-0.0746444612741,-0.00172777764965,-9.40172100067
1495895527892989383,8674,0,,-11.9872808456,-51.6811676025,0.181872487068,-0.0304581858218,0.817026555538,-1.69117331505,0.312791526318,0.211283907294,0.00270630721934,-9.82117366791
1495895527993007969,8675,0,,-11.7809419632,-51.3692626953,0.171592906117,-0.0306018069386,0.806117653847,-0.957415878773,0.410229891539,-0.102795735002,-0.00143621396273,-10.2385778427
1495895528045546218,8676,0,,-11.8871154785,-51.3092002869,0.182679608464,-0.0306980982423,0.795478999615,-1.17980706692,0.310010224581,0.110866911709,-0.000962912978139,-10.6399021149
1495895528094794310,8677,0,,-12.0128822327,-51.2435760498,0.170249581337,-0.0309009198099,0.783538341522,-1.3974044323,0.244159325957,-0.124300219119,-0.00202821893618,-11.034204483
1495895528108479640,8678,0,,-12.1571292877,-51.1695632935,0.14899840951,-0.0307481922209,0.76635748148,-1.61012995243,0.189745560288,-0.212511688471,0.00152727891691,-11.4030704498
1495895528194517535,8679,0,,-11.8604354858,-50.8058280945,0.133842006326,-0.0304456222802,0.756053984165,-1.21072983742,-0.130185753107,-0.151564046741,0.00302570383064,-11.7487163544
1495895528292081827,8680,0,,-11.9928836823,-50.7517547607,0.0675593093038,-0.0308445449919,0.744313955307,-1.42782986164,-0.0890821367502,-0.662827014923,-0.0039892331697,-12.0597229004
1495895528391318818,8681,0,,-11.7175703049,-50.3930625916,0.0555134825408,-0.0302713178098,0.730720341206,-0.496476531029,-0.0878848060966,-0.12045827508,0.00573228299618,-12.3272438049
1495895528489649058,8682,0,,-11.784321785,-50.3627624512,0.0722234100103,-0.0306144598871,0.714162290096,-0.729183077812,-0.075393229723,0.167099311948,-0.00343141937628,-12.5986232758
1495895528593655373,8683,0,,-11.4878749847,-50.0027122498,0.0862732678652,-0.0309708341956,0.700773119926,-0.346030235291,0.146504595876,0.140498518944,-0.00356374983676,-12.8780326843
1495895528693558157,8684,0,,-11.217965126,-49.7138900757,0.134449318051,-0.03104519099,0.68578004837,-0.126563414931,0.290849238634,0.481760561466,-0.000743574695662,-13.1702566147
1495895528793327266,8685,0,,-10.9745445251,-49.4181632996,0.180666521192,-0.0313956663013,0.670061647892,-0.879407048225,0.150075316429,0.4621720016,-0.00350474426523,-13.492316246
1495895528894010537,8686,0,,-11.0492582321,-49.3358268738,0.155257597566,-0.0315880104899,0.657635450363,-1.10346245766,0.136006727815,-0.254089236259,-0.00192342861556,-13.8131256104
1495895528998664762,8687,0,,-10.9342098236,-48.9736785889,0.128517821431,-0.0309978313744,0.638209879398,-0.586618304253,-0.0850375667214,-0.267397791147,0.00590176740661,-14.095998764
1495895529016163007,8688,0,,-10.9955358505,-48.9193382263,0.0795467570424,-0.031054534018,0.620022892952,-0.817283093929,-0.0584222972393,-0.489710628986,-0.000567027309444,-14.3463764191
1495895529067983841,8689,0,,-11.0693969727,-48.8455543518,0.0747828632593,-0.0306404046714,0.601343393326,-1.04259765148,-0.0541818626225,-0.0476389527321,0.00414130790159,-14.5680932999
1495895529093833291,8690,0,,-11.1534614563,-48.751159668,0.0896581038833,-0.0305517017841,0.580100953579,-1.263245821,-0.0441265180707,0.148752391338,0.00088702206267,-14.7949047089
1495895529194292713,8691,0,,-11.0518407822,-48.3618774414,0.0999198406935,-0.0306465420872,0.557007312775,-1.46649563313,-0.243705034256,0.102617420256,-0.000948402739596,-15.0275850296
1495895529297043421,8692,0,,-11.1612596512,-48.2335166931,0.0577848404646,-0.0308689791709,0.53091520071,-1.67786026001,-0.172443449497,-0.421350032091,-0.00222437386401,-15.2431879044
1495895529393990868,8693,0,,-11.1318740845,-47.8318481445,0.0534527376294,-0.0302514564246,0.504154324532,-1.93202912807,0.0669293254614,-0.0433210246265,0.00617523537949,-15.4284095764
1495895529496372052,8694,0,,-11.2328872681,-47.643913269,0.115988351405,-0.029727017507,0.468788474798,-2.1332552433,0.0391084626317,0.625356197357,0.0052443780005,-15.6343231201
1495895529593550747,8695,0,,-11.2354717255,-47.2324180603,0.137029588223,-0.0302342120558,0.436928749084,-2.04052019119,-0.190975174308,0.210412353277,-0.00507193384692,-15.8745765686
1495895529694580075,8696,0,,-11.3338098526,-47.0308494568,0.0779628381133,-0.0307353716344,0.402471542358,-2.23935413361,-0.123521409929,-0.590667545795,-0.00501159904525,-16.0893192291
1495895529792237465,8697,0,,-11.3706607819,-46.664440155,0.0626728609204,-0.0299425814301,0.369568377733,-1.68197798729,-0.326878905296,-0.152899727225,0.00792789086699,-16.2596073151
1495895529892437220,8698,0,,-11.4496250153,-46.4911079407,0.0321778468788,-0.0301699247211,0.322771787643,-1.88891863823,-0.244848430157,-0.304950147867,-0.00227341824211,-16.4180221558
1495895529997040258,8699,0,,-11.5526943207,-46.1935768127,0.0427679978311,-0.0299472771585,0.278736054897,-2.06643342972,0.00680255331099,0.105901502073,0.00222646677867,-16.5626239777
1495895530039511718,8700,0,,-11.5926704407,-45.970664978,0.110203631222,-0.0297139249742,0.277923315763,-2.26470398903,-0.00346380285919,0.674356341362,0.00233352952637,-16.7361545563
1495895530088080114,8701,0,,-11.6289834976,-45.7274665833,0.132168576121,-0.0302395932376,0.176521509886,-2.45888781548,0.0147202182561,0.219649419188,-0.00525669381022,-16.9451198578
1495895530106200227,8702,0,,-11.6351776123,-45.4626808167,0.124416776001,-0.0302620492876,0.120110362768,-2.64847183228,0.024769814685,-0.0775179564953,-0.000224546194659,-17.1457672119
1495895530194560909,8703,0,,-11.7005443573,-45.2282829285,0.11705584079,-0.0298837590963,0.0584927462041,-1.46759653091,-0.147431746125,-0.0736093893647,0.00378289353102,-17.3311481476
1495895530293887918,8704,0,,-11.6925573349,-45.0722427368,0.0754714757204,-0.0195706021041,-0.00433876691386,-1.55936646461,-0.0977622494102,-0.415843605995,0.103131577373,-17.4304351807
1495895530396870428,8705,0,,-11.8536348343,-45.0093383789,0.0622271895409,0.00125598721206,6.13139152527,-1.48104143143,0.16978982091,-0.132442876697,0.208265885711,-17.4088668823
1495895530502966880,8706,0,,-11.8029613495,-44.8944129944,0.116377748549,0.0232738554478,6.15147590637,-1.24946498871,0.128009706736,0.54150557518,0.220178678632,-17.3218765259
1495895530594482076,8707,0,,-11.9861974716,-44.9371948242,0.118824280798,0.054762724787,6.11224269867,0.148176312447,0.143595293164,0.0244653634727,0.314888715744,-17.1131343842
1495895530694933193,8708,0,,-11.9909057617,-44.9995307922,0.101105242968,0.064037553966,6.11200141907,0.610759198666,0.133426636457,-0.177190423012,0.0927482619882,-16.9031829834
1495895530793134159,8709,0,,-12.2290887833,-45.1483802795,0.116686813533,0.0103560136631,6.01175069809,-0.0989896804094,0.276889532804,0.155815705657,-0.536815404892,-17.0106525421
1495895530902359364,8710,0,,-12.2155351639,-45.1735992432,0.158729553223,0.018865775317,5.91443395615,0.180928230286,0.221895068884,0.420427411795,0.0850976184011,-16.9299526215
1495895530994401578,8711,0,,-12.5218801498,-45.3228263855,0.149984806776,0.0282572247088,5.84310436249,-0.244793757796,0.196653395891,-0.087447412312,0.0939144864678,-16.8874874115
1495895531035897573,8712,0,,-12.4877624512,-45.3027458191,0.0380289368331,0.00118847435806,5.79889965057,-0.332682311535,0.214577049017,-1.11955869198,-0.270687490702,-15.9669523239
1495895531085742876,8713,0,,-12.4727401733,-45.3035888672,0.0934920758009,0.0204674974084,5.74521350861,-0.0644490048289,0.135961517692,0.554631412029,0.192790225148,-15.8523311615
1495895531104365568,8714,0,,-12.4716367722,-45.325553894,0.125233098865,0.0315859727561,5.69883346558,0.181782022119,0.123800456524,0.317410290241,0.111184775829,-15.8053588867
1495895531204821286,8715,0,,-12.8284778595,-45.4844551086,0.125237584114,0.0169448982924,5.62917566299,0.577217757702,-0.0495077967644,4.47765014542e-05,-0.146410748363,-15.8645744324
1495895531304523910,8716,0,,-12.9043693542,-45.5864105225,0.0578400418162,0.065939553082,5.57231760025,1.27100014687,-0.00267920945771,-0.673975408077,0.48994654417,-15.5456142426
1495895531403920488,8717,0,,-13.2747631073,-45.8262443542,0.0339103601873,0.0719029381871,5.51397848129,0.949039936066,0.104040689766,-0.23929682374,0.0596338324249,-15.3121137619
1495895531501922477,8718,0,,-13.3638935089,-45.9435920715,0.0708292871714,0.071719378233,5.51353549957,1.47133827209,0.0812434628606,0.369189292192,-0.00183556985576,-15.0633764267
1495895531604879914,8719,0,,-13.7397508621,-46.2097358704,0.0761051252484,0.0970480144024,5.42012548447,1.56906890869,0.206151634455,0.0527583695948,0.253286331892,-14.6815605164
1495895531704106149,8720,0,,-13.8831090927,-46.3989257812,0.085780158639,0.108271941543,5.37926864624,2.36698961258,0.178430229425,0.0967503115535,0.112239249051,-14.3141689301
1495895531804648336,8721,0,,-14.2368965149,-46.6738700867,0.0818985700607,0.108708135784,5.34559345245,2.20195031166,0.24733325839,-0.0388158857822,0.00436194101349,-13.9584760666
1495895531906060250,8722,0,,-14.4203529358,-46.9108467102,0.0924147367477,0.107399359345,5.31938838959,2.98977613449,0.206864610314,0.105161689222,-0.0130877299234,-13.6105976105
1495895532004611611,8723,0,,-14.6548261642,-47.2054786682,0.0886308327317,0.106210611761,5.29812479019,3.76101231575,0.182314828038,-0.0378390438855,-0.011887495406,-13.2762794495
1495895532039215592,8724,0,,-15.0297431946,-47.486907959,0.0777404680848,0.105604596436,5.2758398056,3.11623001099,0.214153334498,-0.108903624117,-0.00606016581878,-12.9432878494
1495895532085647473,8725,0,,-15.3078279495,-47.6977233887,0.0804063826799,0.10595536232,5.25768566132,2.79821872711,0.227978184819,0.0266591198742,0.00350770447403,-12.6148290634
1495895532102631479,8726,0,,-15.518901825,-47.9867286682,0.0867506042123,0.106271222234,5.24208593369,3.57357597351,0.192901447415,0.0634422004223,0.00315857352689,-12.3002843857
1495895532208502552,8727,0,,-15.7485752106,-48.1874656677,0.0800681337714,0.105892069638,5.24228429794,3.13159942627,0.210657656193,-0.0668247044086,-0.00379148102365,-11.9945640564
1495895532308382016,8728,0,,-15.9669370651,-48.5110778809,0.0784795731306,0.10600617528,5.22734975815,3.89985942841,0.178263127804,-0.015885585919,0.0011410418665,-11.6915998459
1495895532407861426,8729,0,,-16.1402893066,-48.6946601868,0.0721009224653,0.105695404112,5.20020103455,3.36198234558,0.194608584046,-0.0637865290046,-0.00310775008984,-11.3948287964
1495895532504231221,8730,0,,-16.3674373627,-49.0394058228,0.0728091523051,0.105867251754,5.1953830719,4.12522602081,0.164576858282,0.00708230724558,0.00171847757883,-11.1028709412
1495895532605848751,8731,0,,-16.5412139893,-49.2018013,0.0677815079689,0.105552852154,5.20151042938,3.90844774246,0.222958296537,-0.0502764098346,-0.00314398971386,-10.8183917999
1495895532701819126,8732,0,,-16.7751789093,-49.6052017212,0.0772361978889,0.105612687767,5.20195770264,4.65976810455,0.184006035328,0.0945468842983,0.000598345242906,-10.5415687561
1495895532805077789,8733,0,,-16.8950691223,-49.7803001404,0.0734658613801,0.105158001184,5.23073530197,4.39415216446,0.143745094538,-0.0377034023404,-0.00454685930163,-10.2764720917
1495895532906128000,8734,0,,-17.1220664978,-50.2410697937,0.0598618760705,0.105114936829,5.2408246994,5.13491535187,0.127971574664,-0.136039823294,-0.000430620944826,-10.0101480484
1495895533009825959,8735,0,,-17.1787757874,-50.4274559021,0.0514132119715,0.104927137494,5.24434709549,4.39606142044,-0.042148116976,-0.0844866633415,-0.00187802081928,-9.74171638489
1495895533016043792,8736,0,,-17.3868808746,-50.8970909119,0.015604885295,0.105008214712,5.25471925735,5.13674116135,-0.0124974101782,-0.358083248138,0.000810825382359,-9.4664773941
1495895533064866759,8737,0,,-17.6008529663,-51.4135856628,0.0204925742,0.080583974719,5.26536226273,5.59063100815,-0.0111435102299,0.0488768965006,-0.244242399931,-9.33089065552
1495895533104583609,8738,0,,-17.8187179565,-51.984413147,0.0369272604585,0.0753481611609,5.27188158035,6.10991048813,-0.00164388783742,0.16434687376,-0.0523582026362,-9.17305469513
1495895533213112290,8739,0,,-17.7344264984,-51.9961433411,0.0388504229486,0.081919029355,5.28037214279,4.28284692764,0.0181438494474,0.0192316304892,0.0657086893916,-8.99655342102
1495895533304347284,8740,0,,-17.8827438354,-52.4530906677,0.0391617156565,0.0793986096978,5.29641723633,4.80409908295,0.0236024819314,0.00311291217804,-0.0252042002976,-8.86754322052
1495895533413970300,8741,0,,-17.7350444794,-52.3840827942,0.0317203216255,0.0974573418498,5.32252073288,4.53558635712,0.0905580297112,-0.0744139552116,0.180587306619,-8.61512374878
1495895533504360496,8742,0,,-17.8473911285,-52.8800125122,0.0450107641518,0.0890987813473,5.34374904633,5.08439731598,0.0742005780339,0.132904440165,-0.0835855379701,-8.47502422333
1495895533615406948,8743,0,,-17.6724510193,-52.8470649719,0.0457329638302,0.0990612357855,5.37976646423,3.92405724525,0.0905491933227,0.00722199724987,0.0996245443821,-8.24171638489
1495895533714398796,8744,0,,-17.7266597748,-53.3113632202,0.0411073453724,0.105286881328,5.40262508392,4.67381381989,0.0831168740988,-0.0462561808527,0.0622563920915,-8.01386642456
1495895533814067198,8745,0,,-17.5219993591,-53.2292251587,0.0462795495987,0.0849774479866,5.42196321487,3.74734926224,0.226063683629,0.0517220236361,-0.203094273806,-7.91871118546
1495895533916868053,8746,0,,-17.538225174,-53.6467552185,0.0900024175644,0.0663810446858,5.42224979401,4.17491817474,0.171780243516,0.437228679657,-0.185964092612,-7.8953962326
1495895534018013663,8747,0,,-17.3390483856,-53.538974762,0.0902589634061,0.0733195468783,5.47106075287,3.32063484192,-0.019054049626,0.00256544654258,0.0693850591779,-7.81738328934
1495895534038500209,8748,0,,-17.3516597748,-53.8880271912,0.0481438376009,0.0434912592173,5.49876880646,3.49279308319,-0.00225887540728,-0.421151250601,-0.298282891512,-7.9414358139
1495895534093080263,8749,0,,-17.3254108429,-54.2199821472,-0.0445628501475,-0.00207447982393,5.5288977623,3.32973766327,0.0357597433031,-0.927066862583,-0.45565739274,-7.18209981918
1495895534115486323,8750,0,,-17.2662220001,-54.5328674316,-0.0555707849562,-0.0162702985108,5.55817222595,3.18418169022,0.0310415811837,-0.110079333186,-0.141958191991,-6.39293193817
1495895534216338046,8751,0,,-17.005197525,-54.1975288391,0.0400726124644,0.0400837473571,5.58895683289,2.13699650764,0.0662310346961,0.956434011459,0.563540458679,-6.34633731842
1495895534316346645,8752,0,,-16.927444458,-54.4686355591,0.0639812648296,0.0866858139634,5.61393737793,2.81929183006,0.0776804462075,0.239086538553,0.466020673513,-6.24810886383
1495895534415075468,8753,0,,-16.6916217804,-54.2038574219,0.0378113016486,0.107780747116,5.64856243134,2.29927897453,0.168532684445,-0.261699676514,0.210949346423,-6.08400392532
1495895534512536883,8754,0,,-16.5770072937,-54.4855918884,0.0418155230582,0.10668541491,5.69233369827,3.03871655464,0.131162941456,0.0400422364473,-0.010953350924,-5.92939329147
1495895534615708247,8755,0,,-16.3523616791,-54.2811813354,0.0447998940945,0.106103740633,5.73796749115,2.707290411,-0.0491769723594,0.0298437159508,-0.00581668457016,-5.76117134094
