%time,field.DevID,field.MsgID,field.Data,field.Time
1495895521673507284,10,5,-349,1495895521.67
1495895521673915088,10,3,268,1495895521.67
1495895521721945497,10,5,-349,1495895521.72
1495895521723226596,10,3,268,1495895521.72
1495895521772317476,10,5,-349,1495895521.77
1495895521772691825,10,3,268,1495895521.77
1495895521822192955,10,5,-349,1495895521.82
1495895521822477000,10,3,268,1495895521.82
1495895521872531408,10,5,-334,1495895521.87
1495895521872870836,10,3,257,1495895521.87
1495895521922255049,10,5,-349,1495895521.92
1495895521922586446,10,3,268,1495895521.92
1495895521971218257,10,5,-349,1495895521.97
1495895521971555032,10,3,268,1495895521.97
1495895522020884418,10,5,-142,1495895522.02
1495895522021196958,10,3,113,1495895522.02
1495895522070798656,10,5,-349,1495895522.07
1495895522072850734,10,3,268,1495895522.07
1495895522120282883,10,5,-349,1495895522.12
1495895522120641099,10,3,268,1495895522.12
1495895522172142622,10,5,-349,1495895522.17
1495895522172777549,10,3,268,1495895522.17
1495895522220484663,10,5,-349,1495895522.22
1495895522221077406,10,3,268,1495895522.22
1495895522270240504,10,5,-349,1495895522.27
1495895522270818511,10,3,268,1495895522.27
1495895522320145312,10,5,-349,1495895522.32
1495895522320185820,10,3,268,1495895522.32
1495895522370095029,10,5,268,1495895522.37
1495895522370495639,10,3,-349,1495895522.37
1495895522420118009,10,5,-349,1495895522.42
1495895522420833672,10,3,268,1495895522.42
1495895522470301484,10,5,268,1495895522.47
1495895522470985719,10,3,-349,1495895522.47
1495895522523316468,10,5,-349,1495895522.52
1495895522523922970,10,3,268,1495895522.52
1495895522570155525,10,5,268,1495895522.57
1495895522572982562,10,3,-349,1495895522.57
1495895522620111459,10,5,-349,1495895522.62
1495895522620752393,10,3,268,1495895522.62
1495895522672204397,10,5,-349,1495895522.67
1495895522672439064,10,3,268,1495895522.67
1495895522722223746,10,5,-349,1495895522.72
1495895522722842889,10,3,268,1495895522.72
1495895522772268516,10,5,-349,1495895522.77
1495895522772944020,10,3,268,1495895522.77
1495895522823056887,10,5,-349,1495895522.82
1495895522826119150,10,3,268,1495895522.82
1495895522872275856,10,5,-349,1495895522.87
1495895522872545932,10,3,268,1495895522.87
1495895522921803245,10,5,-349,1495895522.92
1495895522922324820,10,3,268,1495895522.92
1495895522973366717,10,5,-349,1495895522.97
1495895522973953245,10,3,268,1495895522.97
1495895523020365780,10,5,-349,1495895523.02
1495895523021194168,10,3,268,1495895523.02
1495895523072539246,10,5,-349,1495895523.07
1495895523072749538,10,3,268,1495895523.07
1495895523122152469,10,5,-349,1495895523.12
1495895523122648202,10,3,268,1495895523.12
1495895523170667993,10,5,-349,1495895523.17
1495895523171287975,10,3,268,1495895523.17
1495895523220059819,10,5,-349,1495895523.22
1495895523220364955,10,3,268,1495895523.22
1495895523272421995,10,5,-349,1495895523.27
1495895523272681455,10,3,268,1495895523.27
1495895523320316564,10,5,268,1495895523.32
1495895523320369923,10,3,-349,1495895523.32
1495895523372324431,10,5,-238,1495895523.37
1495895523372540729,10,3,268,1495895523.37
1495895523422536124,10,5,268,1495895523.42
1495895523422874086,10,3,-349,1495895523.42
1495895523472866967,10,5,-349,1495895523.47
1495895523473104986,10,3,268,1495895523.47
1495895523523893566,10,5,268,1495895523.52
1495895523524082347,10,3,-349,1495895523.52
1495895523572588866,10,5,-349,1495895523.57
1495895523572965870,10,3,268,1495895523.57
1495895523620307644,10,5,-349,1495895523.62
1495895523620658526,10,3,268,1495895523.62
1495895523672884791,10,5,-349,1495895523.67
1495895523673479419,10,3,268,1495895523.67
1495895523722659835,10,5,268,1495895523.72
1495895523722757054,10,3,-349,1495895523.72
1495895523773280798,10,5,-114,1495895523.77
1495895523773516023,10,3,268,1495895523.77
1495895523824127555,10,5,-247,1495895523.82
1495895523824387783,10,3,268,1495895523.82
1495895523870781607,10,5,-232,1495895523.87
1495895523871016414,10,3,268,1495895523.87
1495895523924011000,10,5,179,1495895523.92
1495895523926288033,10,3,268,1495895523.92
1495895523972645118,10,5,191,1495895523.97
1495895523973287588,10,3,268,1495895523.97
1495895524020525434,10,5,224,1495895524.02
1495895524020854806,10,3,268,1495895524.02
1495895524072138635,10,5,229,1495895524.07
1495895524072339010,10,3,268,1495895524.07
1495895524120001561,10,5,268,1495895524.12
1495895524120180076,10,3,-349,1495895524.12
1495895524172869459,10,5,218,1495895524.17
1495895524173265460,10,3,268,1495895524.17
1495895524219949539,10,5,268,1495895524.22
1495895524220613450,10,3,-349,1495895524.22
1495895524273450613,10,5,114,1495895524.27
1495895524274158384,10,3,268,1495895524.27
1495895524320056544,10,5,166,1495895524.32
1495895524320459877,10,3,268,1495895524.32
1495895524370085461,10,5,85,1495895524.37
1495895524370780032,10,3,268,1495895524.37
1495895524420485027,10,5,224,1495895524.42
1495895524420540551,10,3,268,1495895524.42
1495895524472436535,10,5,236,1495895524.47
1495895524472766046,10,3,268,1495895524.47
1495895524523028647,10,5,268,1495895524.52
1495895524523444482,10,3,-349,1495895524.52
1495895524572283515,10,5,268,1495895524.57
1495895524572494644,10,3,268,1495895524.57
1495895524620264204,10,5,268,1495895524.62
1495895524620323220,10,3,-349,1495895524.62
1495895524669696676,10,5,196,1495895524.67
1495895524669893767,10,3,268,1495895524.67
1495895524720000767,10,5,268,1495895524.72
1495895524720256735,10,3,-349,1495895524.72
1495895524773038307,10,5,218,1495895524.77
1495895524773637545,10,3,268,1495895524.77
1495895524822717459,10,5,255,1495895524.82
1495895524823427047,10,3,268,1495895524.82
1495895524869967740,10,5,268,1495895524.87
1495895524870308775,10,3,262,1495895524.87
1495895524919805853,10,5,268,1495895524.92
1495895524920232164,10,3,-349,1495895524.92
1495895524970062315,10,5,268,1495895524.97
1495895524970407820,10,3,218,1495895524.97
1495895525020203190,10,5,268,1495895525.02
1495895525020748022,10,3,-349,1495895525.02
1495895525070120499,10,5,268,1495895525.07
1495895525070662607,10,3,-349,1495895525.07
1495895525122424849,10,5,268,1495895525.12
1495895525122731872,10,3,-349,1495895525.12
1495895525170057927,10,5,268,1495895525.17
1495895525170694739,10,3,268,1495895525.17
1495895525220122883,10,5,268,1495895525.22
1495895525220727568,10,3,268,1495895525.22
1495895525270114293,10,5,268,1495895525.27
1495895525270690483,10,3,268,1495895525.27
1495895525319891507,10,5,268,1495895525.32
1495895525320087132,10,3,-349,1495895525.32
1495895525369690782,10,5,268,1495895525.37
1495895525370914889,10,3,142,1495895525.37
1495895525419949622,10,5,268,1495895525.42
1495895525420640702,10,3,-349,1495895525.42
1495895525472490802,10,5,268,1495895525.47
1495895525473129222,10,3,230,1495895525.47
1495895525520162507,10,5,268,1495895525.52
1495895525520460450,10,3,-349,1495895525.52
1495895525570070457,10,5,268,1495895525.57
1495895525570630026,10,3,249,1495895525.57
1495895525621552496,10,5,268,1495895525.62
1495895525621941582,10,3,-349,1495895525.62
1495895525670382934,10,5,268,1495895525.67
1495895525675135848,10,3,147,1495895525.67
1495895525720056921,10,5,268,1495895525.72
1495895525720116775,10,3,-349,1495895525.72
1495895525770457745,10,5,268,1495895525.77
1495895525770765327,10,3,-329,1495895525.77
1495895525820736553,10,5,268,1495895525.82
1495895525820923519,10,3,-349,1495895525.82
1495895525870278190,10,5,268,1495895525.87
1495895525870974997,10,3,-349,1495895525.87
1495895525920798091,10,5,268,1495895525.92
1495895525921377913,10,3,-349,1495895525.92
1495895525972080242,10,5,268,1495895525.97
1495895525974256146,10,3,-349,1495895525.97
1495895526025553168,10,5,268,1495895526.02
1495895526025746488,10,3,-349,1495895526.02
1495895526073887670,10,5,268,1495895526.07
1495895526074121080,10,3,-349,1495895526.07
1495895526123659080,10,5,268,1495895526.12
1495895526123860711,10,3,-349,1495895526.12
1495895526172684799,10,5,268,1495895526.17
1495895526172747726,10,3,-349,1495895526.17
1495895526222211212,10,5,268,1495895526.22
1495895526222397409,10,3,-349,1495895526.22
1495895526272054562,10,5,268,1495895526.27
1495895526272694307,10,3,-349,1495895526.27
1495895526322045482,10,5,268,1495895526.32
1495895526322237126,10,3,-349,1495895526.32
1495895526374877969,10,5,268,1495895526.37
1495895526375181499,10,3,-349,1495895526.37
1495895526419942711,10,5,268,1495895526.42
1495895526420251898,10,3,-349,1495895526.42
1495895526470193165,10,5,268,1495895526.47
1495895526470403807,10,3,-349,1495895526.47
1495895526524313314,10,5,268,1495895526.52
1495895526524534640,10,3,-349,1495895526.52
1495895526571851832,10,5,268,1495895526.57
1495895526572223388,10,3,-349,1495895526.57
1495895526620002298,10,5,268,1495895526.62
1495895526620631777,10,3,-349,1495895526.62
1495895526670427074,10,5,268,1495895526.67
1495895526671020165,10,3,-349,1495895526.67
1495895526720527583,10,5,268,1495895526.72
1495895526720567951,10,3,-349,1495895526.72
1495895526771660894,10,5,268,1495895526.77
1495895526772341288,10,3,-349,1495895526.77
1495895526822141896,10,5,268,1495895526.82
1495895526824854320,10,3,-349,1495895526.82
1495895526870585556,10,5,268,1495895526.87
1495895526873033909,10,3,-349,1495895526.87
1495895526921639046,10,5,268,1495895526.92
1495895526922223687,10,3,-349,1495895526.92
1495895526971975264,10,5,268,1495895526.97
1495895526972172146,10,3,-349,1495895526.97
1495895527022179622,10,5,268,1495895527.02
1495895527022341933,10,3,-349,1495895527.02
1495895527069900986,10,5,268,1495895527.07
1495895527070262065,10,3,-349,1495895527.07
1495895527121790615,10,5,268,1495895527.12
1495895527122401097,10,3,-349,1495895527.12
1495895527170733788,10,5,268,1495895527.17
1495895527170783725,10,3,-349,1495895527.17
1495895527220062335,10,5,268,1495895527.22
1495895527220763193,10,3,-349,1495895527.22
1495895527271686773,10,5,268,1495895527.27
1495895527272194660,10,3,-349,1495895527.27
1495895527322153321,10,5,268,1495895527.32
1495895527322978917,10,3,-349,1495895527.32
1495895527371843082,10,5,268,1495895527.37
1495895527372107850,10,3,-349,1495895527.37
1495895527421220172,10,5,268,1495895527.42
1495895527421554432,10,3,-349,1495895527.42
1495895527472784836,10,5,268,1495895527.47
1495895527475156509,10,3,-349,1495895527.47
1495895527521618000,10,5,268,1495895527.52
1495895527522218565,10,3,-349,1495895527.52
1495895527570268523,10,5,268,1495895527.57
1495895527570872648,10,3,-349,1495895527.57
1495895527620587009,10,5,268,1495895527.62
1495895527620779282,10,3,-349,1495895527.62
1495895527670779284,10,5,268,1495895527.67
1495895527673408947,10,3,-349,1495895527.67
1495895527720933917,10,5,268,1495895527.72
1495895527721139948,10,3,-349,1495895527.72
1495895527770946141,10,5,268,1495895527.77
1495895527774205703,10,3,-349,1495895527.77
1495895527822378939,10,5,268,1495895527.82
1495895527822733173,10,3,-349,1495895527.82
1495895527873123310,10,5,268,1495895527.87
1495895527873559818,10,3,-349,1495895527.87
1495895527923284786,10,5,268,1495895527.92
1495895527923674780,10,3,-349,1495895527.92
1495895527972825166,10,5,268,1495895527.97
1495895527972887464,10,3,-349,1495895527.97
1495895528020774697,10,5,268,1495895528.02
1495895528021534709,10,3,-349,1495895528.02
1495895528073478609,10,5,268,1495895528.07
1495895528073541396,10,3,-349,1495895528.07
1495895528123222363,10,5,268,1495895528.12
1495895528124800638,10,3,-349,1495895528.12
1495895528173664812,10,5,268,1495895528.17
1495895528174034342,10,3,-349,1495895528.17
1495895528222591285,10,5,268,1495895528.22
1495895528222912275,10,3,-349,1495895528.22
1495895528271851878,10,5,268,1495895528.27
1495895528272218894,10,3,-349,1495895528.27
1495895528325257416,10,5,268,1495895528.32
1495895528325614235,10,3,-349,1495895528.32
1495895528372949235,10,5,268,1495895528.37
1495895528373313317,10,3,-349,1495895528.37
1495895528421474885,10,5,268,1495895528.42
1495895528421541863,10,3,-349,1495895528.42
1495895528472509028,10,5,268,1495895528.47
1495895528472563085,10,3,-349,1495895528.47
1495895528523279730,10,5,268,1495895528.52
1495895528523530042,10,3,-349,1495895528.52
1495895528571492286,10,5,268,1495895528.57
1495895528571991023,10,3,-349,1495895528.57
1495895528621666545,10,5,268,1495895528.62
1495895528621975174,10,3,-349,1495895528.62
1495895528673063861,10,5,268,1495895528.67
1495895528673250687,10,3,-349,1495895528.67
1495895528723640053,10,5,268,1495895528.72
1495895528723852650,10,3,-349,1495895528.72
1495895528772963781,10,5,268,1495895528.77
1495895528773150397,10,3,-349,1495895528.77
1495895528823579788,10,5,268,1495895528.82
1495895528825136063,10,3,-349,1495895528.82
1495895528873997093,10,5,268,1495895528.87
1495895528874190135,10,3,-349,1495895528.87
1495895528924459726,10,5,268,1495895528.92
1495895528924515110,10,3,-349,1495895528.92
1495895528972145818,10,5,268,1495895528.97
1495895528972346193,10,3,-349,1495895528.97
1495895529025815567,10,5,268,1495895529.02
1495895529026079428,10,3,-349,1495895529.02
1495895529075028245,10,5,268,1495895529.07
1495895529079235839,10,3,-349,1495895529.07
1495895529125264666,10,5,268,1495895529.12
1495895529125324031,10,3,-349,1495895529.12
1495895529170885410,10,5,268,1495895529.17
1495895529171034591,10,3,-349,1495895529.17
1495895529221019007,10,5,268,1495895529.22
1495895529221171121,10,3,-349,1495895529.22
1495895529273062156,10,5,268,1495895529.27
1495895529273658810,10,3,-349,1495895529.27
1495895529321614565,10,5,268,1495895529.32
1495895529321675537,10,3,-349,1495895529.32
1495895529373886498,10,5,268,1495895529.37
1495895529374564238,10,3,-349,1495895529.37
1495895529425887109,10,5,268,1495895529.42
1495895529425971267,10,3,-349,1495895529.42
1495895529472699488,10,5,268,1495895529.47
1495895529473318491,10,3,-349,1495895529.47
1495895529523796765,10,5,268,1495895529.52
1495895529524095965,10,3,-349,1495895529.52
1495895529573203957,10,5,268,1495895529.57
1495895529577958124,10,3,-349,1495895529.57
1495895529626054183,10,5,268,1495895529.62
1495895529627741620,10,3,-349,1495895529.62
1495895529672082102,10,5,268,1495895529.67
1495895529672715563,10,3,-349,1495895529.67
1495895529723049546,10,5,268,1495895529.72
1495895529723152353,10,3,-349,1495895529.72
1495895529770095057,10,5,268,1495895529.77
1495895529770158124,10,3,-349,1495895529.77
1495895529820077740,10,5,268,1495895529.82
1495895529821397669,10,3,-349,1495895529.82
1495895529869949375,10,5,268,1495895529.87
1495895529870008321,10,3,-349,1495895529.87
1495895529922498091,10,5,268,1495895529.92
1495895529925643252,10,3,-349,1495895529.92
1495895529972724380,10,5,268,1495895529.97
1495895529972962260,10,3,-349,1495895529.97
1495895530022974837,10,5,268,1495895530.02
1495895530024908114,10,3,-349,1495895530.02
1495895530071075159,10,5,268,1495895530.07
1495895530071894956,10,3,-349,1495895530.07
1495895530122745488,10,5,268,1495895530.12
1495895530122939647,10,3,-349,1495895530.12
1495895530171582424,10,5,268,1495895530.17
1495895530172181872,10,3,-349,1495895530.17
1495895530220139225,10,5,268,1495895530.22
1495895530220344209,10,3,-315,1495895530.22
1495895530271761015,10,5,268,1495895530.27
1495895530271986462,10,3,-291,1495895530.27
1495895530321059676,10,5,268,1495895530.32
1495895530321101650,10,3,-235,1495895530.32
1495895530369990684,10,5,268,1495895530.37
1495895530370227656,10,3,-206,1495895530.37
1495895530420391090,10,5,268,1495895530.42
1495895530420927123,10,3,-154,1495895530.42
1495895530472706257,10,5,268,1495895530.47
1495895530472764854,10,3,-129,1495895530.47
1495895530521404630,10,5,268,1495895530.52
1495895530521958750,10,3,71,1495895530.52
1495895530570505226,10,5,268,1495895530.57
1495895530571166693,10,3,90,1495895530.57
1495895530622816065,10,5,-349,1495895530.62
1495895530623240211,10,3,268,1495895530.62
1495895530673345114,10,5,268,1495895530.67
1495895530673894555,10,3,87,1495895530.67
1495895530722760270,10,5,268,1495895530.72
1495895530723216473,10,3,-300,1495895530.72
1495895530771008094,10,5,268,1495895530.77
1495895530772670594,10,3,-275,1495895530.77
1495895530822713131,10,5,268,1495895530.82
1495895530823132667,10,3,-125,1495895530.82
1495895530872412190,10,5,268,1495895530.87
1495895530872820342,10,3,-99,1495895530.87
1495895530921583597,10,5,-349,1495895530.92
1495895530922168587,10,3,268,1495895530.92
1495895530973806505,10,5,268,1495895530.97
1495895530977793810,10,3,-110,1495895530.97
1495895531020368784,10,5,-349,1495895531.02
1495895531020561406,10,3,268,1495895531.02
1495895531072479665,10,5,268,1495895531.07
1495895531072703995,10,3,-105,1495895531.07
1495895531120649546,10,5,-349,1495895531.12
1495895531121253323,10,3,268,1495895531.12
1495895531171128104,10,5,268,1495895531.17
1495895531171547641,10,3,-192,1495895531.17
1495895531221190967,10,5,-349,1495895531.22
1495895531221351532,10,3,268,1495895531.22
1495895531270367681,10,5,268,1495895531.27
1495895531270425370,10,3,194,1495895531.27
1495895531322568383,10,5,-349,1495895531.32
1495895531322765824,10,3,268,1495895531.32
1495895531374487625,10,5,268,1495895531.37
1495895531374801492,10,3,98,1495895531.37
1495895531422452803,10,5,-349,1495895531.42
1495895531422674828,10,3,268,1495895531.42
1495895531473151010,10,5,268,1495895531.47
1495895531473489810,10,3,123,1495895531.47
1495895531523849635,10,5,268,1495895531.52
1495895531524505794,10,3,141,1495895531.52
1495895531571480483,10,5,268,1495895531.57
1495895531571714521,10,3,268,1495895531.57
1495895531622077143,10,5,268,1495895531.62
1495895531622315232,10,3,268,1495895531.62
1495895531672275287,10,5,268,1495895531.67
1495895531672850779,10,3,268,1495895531.67
1495895531721797926,10,5,-349,1495895531.72
1495895531721974066,10,3,268,1495895531.72
1495895531773004927,10,5,268,1495895531.77
1495895531773309015,10,3,268,1495895531.77
1495895531820815475,10,5,268,1495895531.82
1495895531821066274,10,3,250,1495895531.82
1495895531872457024,10,5,268,1495895531.87
1495895531872814890,10,3,268,1495895531.87
1495895531922413238,10,5,-349,1495895531.92
1495895531922675561,10,3,268,1495895531.92
1495895531972897872,10,5,268,1495895531.97
1495895531973099713,10,3,268,1495895531.97
1495895532022573322,10,5,268,1495895532.02
1495895532022812458,10,3,268,1495895532.02
1495895532069883878,10,5,268,1495895532.07
1495895532070073427,10,3,268,1495895532.07
1495895532120084329,10,5,268,1495895532.12
1495895532120672532,10,3,268,1495895532.12
1495895532170080697,10,5,268,1495895532.17
1495895532170651300,10,3,268,1495895532.17
1495895532220596617,10,5,268,1495895532.22
1495895532221159678,10,3,268,1495895532.22
1495895532274957023,10,5,268,1495895532.27
1495895532275612484,10,3,268,1495895532.27
1495895532322389800,10,5,-349,1495895532.32
1495895532323006150,10,3,268,1495895532.32
1495895532373483031,10,5,268,1495895532.37
1495895532374082479,10,3,268,1495895532.37
1495895532424398306,10,5,-349,1495895532.42
1495895532425024572,10,3,268,1495895532.42
1495895532472827926,10,5,268,1495895532.47
1495895532473475703,10,3,268,1495895532.47
1495895532529275815,10,5,-349,1495895532.52
1495895532529348869,10,3,268,1495895532.52
1495895532573375067,10,5,268,1495895532.57
1495895532576152724,10,3,268,1495895532.57
1495895532623692499,10,5,268,1495895532.62
1495895532624268969,10,3,268,1495895532.62
1495895532673054922,10,5,268,1495895532.67
1495895532675239349,10,3,268,1495895532.67
1495895532722816839,10,5,-349,1495895532.72
1495895532723237423,10,3,268,1495895532.72
1495895532772769420,10,5,268,1495895532.77
1495895532774063301,10,3,268,1495895532.77
1495895532821245766,10,5,268,1495895532.82
1495895532823532859,10,3,268,1495895532.82
1495895532872910858,10,5,268,1495895532.87
1495895532873476572,10,3,268,1495895532.87
1495895532922874893,10,5,-349,1495895532.92
1495895532923279414,10,3,268,1495895532.92
1495895532973298690,10,5,268,1495895532.97
1495895532973527420,10,3,268,1495895532.97
1495895533021378410,10,5,268,1495895533.02
1495895533021586606,10,3,137,1495895533.02
1495895533070814232,10,5,268,1495895533.07
1495895533071015025,10,3,168,1495895533.07
1495895533120878630,10,5,-349,1495895533.12
1495895533121196128,10,3,268,1495895533.12
1495895533173409472,10,5,268,1495895533.17
1495895533173641555,10,3,197,1495895533.17
1495895533220060935,10,5,268,1495895533.22
1495895533220407208,10,3,72,1495895533.22
1495895533272175595,10,5,268,1495895533.27
1495895533272401602,10,3,159,1495895533.27
1495895533323918138,10,5,-349,1495895533.32
1495895533324292627,10,3,268,1495895533.32
1495895533370128067,10,5,268,1495895533.37
1495895533370435927,10,3,268,1495895533.37
1495895533422141871,10,5,-349,1495895533.42
1495895533422745089,10,3,268,1495895533.42
1495895533472808789,10,5,268,1495895533.47
1495895533473120211,10,3,178,1495895533.47
1495895533521090556,10,5,268,1495895533.52
1495895533521148314,10,3,173,1495895533.52
1495895533569859955,10,5,268,1495895533.57
1495895533570171237,10,3,268,1495895533.57
1495895533619962695,10,5,-349,1495895533.62
1495895533620140581,10,3,268,1495895533.62
1495895533670098960,10,5,268,1495895533.67
1495895533670153855,10,3,268,1495895533.67
1495895533722860912,10,5,-349,1495895533.72
1495895533724598911,10,3,268,1495895533.72
1495895533772822779,10,5,268,1495895533.77
1495895533773231979,10,3,155,1495895533.77
1495895533820085774,10,5,-349,1495895533.82
1495895533820366815,10,3,268,1495895533.82
1495895533873151037,10,5,268,1495895533.87
1495895533873487811,10,3,105,1495895533.87
1495895533922450812,10,5,-349,1495895533.92
1495895533922718653,10,3,268,1495895533.92
1495895533970091577,10,5,268,1495895533.97
1495895533970290415,10,3,172,1495895533.97
1495895534022083037,10,5,268,1495895534.02
1495895534022316586,10,3,-101,1495895534.02
1495895534073628420,10,5,-349,1495895534.07
1495895534073862039,10,3,268,1495895534.07
1495895534120526631,10,5,268,1495895534.12
1495895534120772752,10,3,216,1495895534.12
1495895534170304891,10,5,268,1495895534.17
1495895534170541863,10,3,106,1495895534.17
1495895534222982884,10,5,268,1495895534.22
1495895534225095093,10,3,202,1495895534.22
1495895534271710590,10,5,268,1495895534.27
1495895534272076140,10,3,216,1495895534.27
1495895534322352224,10,5,-349,1495895534.32
1495895534322683342,10,3,268,1495895534.32
1495895534371469294,10,5,268,1495895534.37
1495895534371858869,10,3,268,1495895534.37
1495895534421188607,10,5,268,1495895534.42
1495895534421250905,10,3,234,1495895534.42
1495895534472202356,10,5,268,1495895534.47
1495895534472597100,10,3,248,1495895534.47
1495895534520609492,10,5,-349,1495895534.52
1495895534522627068,10,3,268,1495895534.52
1495895534572673654,10,5,268,1495895534.57
1495895534573041019,10,3,268,1495895534.57
1495895534622272629,10,5,-349,1495895534.62
1495895534622521823,10,3,268,1495895534.62
