%time,field.header.seq,field.header.stamp,field.header.frame_id,field.x,field.y,field.phi,field.theta,field.psi,field.u,field.v,field.p,field.q,field.r
1495633191143775530,6833,0,,-9.19518375397,-37.5644683838,-0.0123219778761,0.0481631308794,1.98171401024,0.310911655426,-0.0493291132152,-0.011902355589,0.480019003153,0.150163471699
1495633191248827575,6834,0,,-9.2122297287,-37.4744224548,-0.021000418812,0.0739791169763,1.96672952175,0.596134245396,-0.0649018287659,-0.0867844074965,0.25815987587,0.198523685336
1495633191264532226,6835,0,,-9.25457286835,-37.3676528931,-0.0270580518991,0.0776297226548,1.95110869408,1.14748978615,-0.0500481128693,-0.0605763420463,0.0365060046315,0.252174079418
1495633191304608481,6836,0,,-9.3183927536,-37.2109451294,-0.0210221000016,0.074979417026,1.9372355938,1.69155931473,-0.0409386567771,0.0603595338762,-0.0265030618757,0.306245028973
1495633191345322248,6837,0,,-9.40256881714,-37.0048675537,-0.0137932123616,0.0729248449206,1.92336261272,2.22583556175,-0.0311255827546,0.0722888708115,-0.020545700565,0.353331774473
1495633191445461451,6838,0,,-9.44558048248,-36.8602371216,-0.0107539938763,0.0721644759178,1.9094504118,1.95509028435,-0.0305166747421,0.0303921848536,-0.00760368909687,0.395609170198
1495633191547040219,6839,0,,-9.53621768951,-36.6289825439,-0.0118818348274,0.0722861886024,1.89254415035,2.48371553421,-0.0218468718231,-0.0112784132361,0.00121715338901,0.436767607927
1495633191645511053,6840,0,,-9.5649471283,-36.506439209,-0.0117377834395,0.0722498223186,1.87099170685,2.1657743454,-0.0449420846999,0.00144051201642,-0.000363709375961,0.477772623301
1495633191746797464,6841,0,,-9.65460109711,-36.2528419495,-0.0162854418159,0.0723270624876,1.84689188004,2.68958735466,-0.0330283567309,-0.0454765744507,0.000772411527578,0.518970489502
1495633191845417689,6842,0,,-9.66431522369,-36.1452293396,-0.0158007256687,0.0721865594387,1.84662878513,2.14124941826,-0.00671650702134,0.00484715076163,-0.00140503968578,0.561251938343
1495633191947559028,6843,0,,-9.75154495239,-35.8933372498,-0.0086432248354,0.0723685473204,1.78970861435,2.66565775871,-0.00632000574842,0.0715750083327,0.00181993446313,0.599146723747
1495633192046281778,6844,0,,-6.41958427429,-35.2539749146,-0.00605147145689,0.0721504762769,1.76303601265,2.4180662632,0.138077989221,0.0259175412357,-0.00218074442819,0.631550848484
1495633192144301294,6845,0,,-6.50414419174,-34.9725837708,0.0233322139829,0.0723227933049,1.74031996727,2.93647098541,0.100862056017,0.293836832047,0.00172315852251,0.653504192829
1495633192248076921,6846,0,,-3.62441539764,-34.3921394348,0.0262279454619,0.0718413442373,1.72170829773,2.81958079338,-0.0856661051512,0.0289573241025,-0.00481444364414,0.659242749214
1495633192262824957,6847,0,,-3.69162511826,-34.066028595,-0.0212052296847,0.0715679749846,1.7004994154,3.32919549942,-0.0534596331418,-0.474331766367,-0.00273370463401,0.683944165707
1495633192308346040,6848,0,,-3.76405596733,-33.6901283264,-0.0343798771501,0.0718563124537,1.68494200706,3.82782578468,-0.0499848946929,-0.131746470928,0.00288337469101,0.737076163292
1495633192347754961,6849,0,,-3.84228730202,-33.2657241821,-0.0243293549865,0.0716820657253,1.66985917091,4.31530189514,-0.0443187877536,0.10050522536,-0.00174246227834,0.784106135368
1495633192445365699,6850,0,,-1.14035904408,-32.73179245,-0.0150536168367,0.071161210537,1.65791559219,3.30663514137,-0.269569456577,0.0927573814988,-0.00520856957883,0.819537639618
1495633192546705819,6851,0,,-1.18698394299,-32.3535881042,-0.0621349103749,0.071118414402,1.64604270458,3.80573177338,-0.194678515196,-0.470812946558,-0.000427988561569,0.866498887539
1495633192656904049,6852,0,,-1.17095160484,-32.2905540466,-0.0682521611452,0.0715980455279,1.6459826231,2.46683526039,-0.110719554126,-0.061172477901,0.00479629915208,0.939872086048
1495633192746955865,6853,0,,-1.21353328228,-31.9950428009,-0.0383888892829,0.072342954576,1.63122653961,2.98414134979,-0.0947651043534,0.298632711172,0.00744914263487,0.996688902378
1495633192857248520,6854,0,,-1.24419152737,-31.9615707397,-0.0214454550296,0.0720111355186,1.61849844456,3.38152575493,-0.0863206088543,0.169434309006,-0.00331822317094,1.03004395962
1495633192942732437,6855,0,,-1.29737949371,-31.5773029327,-0.0221741944551,0.0715542212129,1.61836862564,3.87881374359,-0.0624279677868,-0.00728738121688,-0.00456914259121,1.05930936337
1495633193056823899,6856,0,,-1.32825708389,-31.4420681,-0.0227689705789,0.0713044404984,1.60001802444,2.69054555893,-0.221757918596,-0.00594776682556,-0.0024977773428,1.09129929543
1495633193149052390,6857,0,,-1.35756254196,-31.1226844788,-0.0565418861806,0.0716328248382,1.59158456326,3.2030775547,-0.163799479604,-0.337729126215,0.00328385597095,1.13371407986
1495633193245994955,6858,0,,-1.41144478321,-31.0145397186,-0.0578639693558,0.0720069855452,1.58020889759,2.30166840553,0.118655353785,-0.0132208475843,0.00374155701138,1.19254887104
1495633193269918807,6859,0,,-1.45582997799,-30.7356948853,0.0118794217706,0.0726996213198,1.57868301868,2.8225839138,0.0740631297231,0.697433888912,0.00692641315982,1.22205162048
1495633193304642145,6860,0,,-1.5055911541,-30.4061927795,0.0305290557444,0.0718818679452,1.56529271603,3.33162331581,0.0704354792833,0.186496347189,-0.00817757565528,1.20862162113
1495633193354678606,6861,0,,-1.55570220947,-30.0264225006,0.0156520176679,0.0713546350598,1.56004309654,3.83012056351,0.062830619514,-0.148770391941,-0.00527229718864,1.20293474197
1495633193458033020,6862,0,,-1.59312283993,-29.9638061523,0.00223316950724,0.0712757483125,1.54339623451,3.87734937668,-0.150291457772,-0.134188473225,-0.000788874109276,1.21255910397
1495633193554405610,6863,0,,-1.62443292141,-29.5284080505,-0.0436997003853,0.0711156502366,1.53536391258,4.36386156082,-0.108824253082,-0.459328681231,-0.00160098308697,1.24120461941
1495633193653129131,6864,0,,-1.69372594357,-29.3893604279,-0.0491749644279,0.0713075846434,1.52948880196,3.06626296043,-0.350768297911,-0.0547526441514,0.00191930157598,1.29214179516
1495633193754553059,6865,0,,-1.70082950592,-29.0314102173,-0.0883331671357,0.0715427473187,1.5140901804,3.57046103477,-0.26398473978,-0.391582071781,0.00235166028142,1.34951543808
1495633193855559340,6866,0,,-1.79313659668,-28.9311485291,-0.0841295421124,0.0718776360154,1.500451684,2.74358415604,-0.490258038044,0.0420362837613,0.00334890349768,1.4231159687
1495633193955498935,6867,0,,-1.78195381165,-28.6037635803,-0.118292599916,0.0718444213271,1.49590718746,3.25468182564,-0.371041715145,-0.341630607843,-0.000332139316015,1.49712407589
1495633194055377627,6868,0,,-1.90447509289,-28.4963779449,-0.108216449618,0.0720737576485,1.48708760738,2.89474034309,0.0421827547252,0.100761525333,0.00229332200252,1.58417236805
1495633194156351711,6869,0,,-1.93216466904,-28.1572322845,-0.00621967762709,0.0725363492966,1.47541642189,3.40272545815,0.00920076761395,1.01996767521,0.00462594069541,1.62469315529
1495633194244742980,6870,0,,-2.0549890995,-28.0112323761,0.0242288857698,0.0713723450899,1.46433615685,3.73730254173,-0.096263833344,0.30448564887,-0.0116400429979,1.60359287262
1495633194258969089,6871,0,,-2.07184505463,-27.5888252258,-0.0175282843411,0.07073828578,1.45249164104,4.22704362869,-0.0571819990873,-0.417571693659,-0.00634061312303,1.59870243073
1495633194306771467,6872,0,,-2.08757185936,-27.1184329987,-0.0355420298874,0.0710816830397,1.44258582592,4.70626020432,-0.0513534247875,-0.180137470365,0.00343398959376,1.62637066841
1495633194355500569,6873,0,,-2.10207128525,-26.6011505127,-0.0287026446313,0.0710827484727,1.42214310169,5.17465782166,-0.0469403080642,0.0683938786387,1.06630332084e-05,1.6530405283
1495633194453676742,6874,0,,-2.24766564369,-26.4712715149,-0.0194368418306,0.0706456676126,1.41132342815,4.11346387863,0.302357882261,0.092658020556,-0.00437085004523,1.66943573952
1495633194557588699,6875,0,,-2.2722530365,-26.0118980408,0.0562455058098,0.0712962970138,1.40319287777,4.5951833725,0.217130184174,0.756823480129,0.00650627957657,1.65729022026
1495633194652943073,6876,0,,-2.45109200478,-25.9113082886,0.0653573125601,0.0705501362681,1.40060794353,2.82012271881,0.180478781462,0.0911180824041,-0.00746155204251,1.60508084297
1495633194757693125,6877,0,,-2.46158361435,-25.5781345367,0.0380401536822,0.0712175667286,1.3853354454,3.33008265495,0.148287340999,-0.273171633482,0.00667430413887,1.57167816162
1495633194855737225,6878,0,,-2.65078282356,-25.5393199921,0.0172196142375,0.0716942176223,1.3700876236,2.91533613205,0.423642575741,-0.208205386996,0.00476648053154,1.56124031544
1495633194965797662,6879,0,,-2.66547822952,-25.1959648132,0.0758144259453,0.0723923146725,1.36142659187,3.42286968231,0.307799875736,0.585948109627,0.00698099657893,1.53798389435
1495633195056580642,6880,0,,-2.87669229507,-25.1088199615,0.0811871066689,0.0714999437332,1.36094856262,2.39414834976,0.481630384922,0.0537268333137,-0.00892369262874,1.47988903522
1495633195165299987,6881,0,,-2.89386248589,-24.8156604767,0.102326788008,0.0719468593597,1.34413850307,2.91335487366,0.368906468153,0.211396798491,0.004469149746,1.42395079136
1495633195244925475,6882,0,,-3.12086987495,-24.7334117889,0.0851105228066,0.0717056021094,1.33800852299,3.21050715446,0.515699386597,-0.172162637115,-0.00241261487827,1.36494123936
1495633195265731820,6883,0,,-3.12215471268,-24.3601989746,0.102950252593,0.0718691945076,1.32427108288,3.7116727829,0.390470713377,0.178397253156,0.00163590966258,1.3141515255
1495633195302788279,6884,0,,-3.10232543945,-23.9393615723,0.0889989063144,0.0713115483522,1.31604123116,4.20160007477,0.310369282961,-0.13951343298,-0.0055764480494,1.25706160069
1495633195365262566,6885,0,,-3.06454944611,-23.4721374512,0.0611395388842,0.0709721669555,1.30743312836,4.68114519119,0.243620827794,-0.278593689203,-0.00339377694763,1.22082591057
1495633195456702683,6886,0,,-3.29964518547,-23.3801250458,0.0403001755476,0.0708386525512,1.2915802002,3.32745170593,0.473061949015,-0.208393648267,-0.00133513018955,1.20419943333
1495633195569035962,6887,0,,-3.27258753777,-22.9968643188,0.0894177258015,0.0718080326915,1.27288782597,3.82627892494,0.348911881447,0.491175532341,0.00969380140305,1.177978158
1495633195666632661,6888,0,,-3.47057747841,-22.9335250854,0.0890454277396,0.0708494186401,1.26685273647,3.97564983368,0.0855090692639,-0.0037230157759,-0.00958614330739,1.12355780602
1495633195767815011,6889,0,,-3.39595842361,-22.5096359253,0.0162308514118,0.0562813058496,1.2554255724,4.30324268341,0.0840969085693,-0.728145778179,-0.145681172609,1.10154080391
1495633195887839632,6890,0,,-3.59613800049,-22.4100399017,-0.011810223572,0.0353671610355,1.25730550289,2.74796485901,-0.203114956617,-0.280410766602,-0.20914144814,1.1274381876
