%time,field.DevID,field.MsgID,field.Data,field.Time
1495632723662135435,10,5,202,1495632723.66
1495632723662383511,10,3,202,1495632723.66
1495632723712230628,10,5,202,1495632723.71
1495632723712559720,10,3,202,1495632723.71
1495632723760952537,10,5,202,1495632723.76
1495632723762807101,10,3,202,1495632723.76
1495632723810323828,10,5,202,1495632723.81
1495632723810579587,10,3,202,1495632723.81
1495632723860206916,10,5,202,1495632723.86
1495632723862488771,10,3,202,1495632723.86
1495632723910489358,10,5,202,1495632723.91
1495632723910845619,10,3,202,1495632723.91
1495632723960508988,10,5,202,1495632723.96
1495632723961081407,10,3,202,1495632723.96
1495632724010339210,10,5,202,1495632724.01
1495632724010537280,10,3,202,1495632724.01
1495632724060669002,10,5,202,1495632724.06
1495632724061047752,10,3,202,1495632724.06
1495632724110263299,10,5,202,1495632724.11
1495632724110608245,10,3,202,1495632724.11
1495632724160374422,10,5,202,1495632724.16
1495632724160716784,10,3,202,1495632724.16
1495632724210557199,10,5,202,1495632724.21
1495632724210916672,10,3,202,1495632724.21
1495632724260090312,10,5,202,1495632724.26
1495632724260408718,10,3,202,1495632724.26
1495632724310243965,10,5,202,1495632724.31
1495632724310804580,10,3,202,1495632724.31
1495632724360202970,10,5,202,1495632724.36
1495632724362896749,10,3,202,1495632724.36
1495632724410356764,10,5,202,1495632724.41
1495632724410521310,10,3,202,1495632724.41
1495632724460255081,10,5,202,1495632724.46
1495632724460455386,10,3,202,1495632724.46
1495632724510585293,10,5,202,1495632724.51
1495632724510843287,10,3,202,1495632724.51
1495632724560992822,10,5,202,1495632724.56
1495632724563533090,10,3,202,1495632724.56
1495632724611108973,10,5,202,1495632724.61
1495632724613130530,10,3,202,1495632724.61
1495632724662323307,10,5,202,1495632724.66
1495632724662693186,10,3,202,1495632724.66
1495632724713124388,10,5,202,1495632724.71
1495632724713391740,10,3,202,1495632724.71
1495632724761033762,10,5,202,1495632724.76
1495632724763287888,10,3,202,1495632724.76
1495632724810512958,10,5,202,1495632724.81
1495632724811205783,10,3,202,1495632724.81
1495632724862148224,10,5,202,1495632724.86
1495632724862521526,10,3,202,1495632724.86
1495632724910308051,10,5,202,1495632724.91
1495632724910928381,10,3,202,1495632724.91
1495632724960203572,10,5,202,1495632724.96
1495632724960810353,10,3,202,1495632724.96
1495632725010270832,10,5,202,1495632725.01
1495632725010861480,10,3,202,1495632725.01
1495632725060312392,10,5,202,1495632725.06
1495632725060649656,10,3,202,1495632725.06
1495632725110386429,10,5,202,1495632725.11
1495632725112812927,10,3,202,1495632725.11
1495632725160174815,10,5,202,1495632725.16
1495632725160770352,10,3,202,1495632725.16
1495632725210301719,10,5,202,1495632725.21
1495632725210890411,10,3,202,1495632725.21
1495632725260265543,10,5,202,1495632725.26
1495632725260644013,10,3,202,1495632725.26
1495632725310366606,10,5,202,1495632725.31
1495632725310951666,10,3,202,1495632725.31
1495632725360269320,10,5,202,1495632725.36
1495632725360868907,10,3,202,1495632725.36
1495632725410379604,10,5,202,1495632725.41
1495632725410983591,10,3,202,1495632725.41
1495632725460240133,10,5,202,1495632725.46
1495632725460484507,10,3,202,1495632725.46
1495632725510430175,10,5,202,1495632725.51
1495632725510808785,10,3,202,1495632725.51
1495632725560324160,10,5,202,1495632725.56
1495632725560915507,10,3,202,1495632725.56
1495632725610151657,10,5,202,1495632725.61
1495632725610354546,10,3,202,1495632725.61
1495632725660256005,10,5,202,1495632725.66
1495632725660633497,10,3,202,1495632725.66
1495632725711645639,10,5,202,1495632725.71
1495632725712235518,10,3,202,1495632725.71
1495632725763049659,10,5,202,1495632725.76
1495632725763642681,10,3,202,1495632725.76
1495632725810320685,10,5,202,1495632725.81
1495632725810710329,10,3,202,1495632725.81
1495632725860175910,10,5,202,1495632725.86
1495632725860498716,10,3,202,1495632725.86
1495632725910331447,10,5,202,1495632725.91
1495632725910663263,10,3,202,1495632725.91
1495632725960210975,10,5,202,1495632725.96
1495632725960809514,10,3,202,1495632725.96
1495632726011497036,10,5,202,1495632726.01
1495632726011987811,10,3,202,1495632726.01
1495632726060247928,10,5,202,1495632726.06
1495632726060589313,10,3,202,1495632726.06
1495632726110334816,10,5,202,1495632726.11
1495632726110931331,10,3,202,1495632726.11
1495632726160218814,10,5,202,1495632726.16
1495632726160814421,10,3,202,1495632726.16
1495632726210226011,10,5,202,1495632726.21
1495632726210866315,10,3,202,1495632726.21
1495632726260267640,10,5,202,1495632726.26
1495632726260606090,10,3,202,1495632726.26
1495632726311183471,10,5,202,1495632726.31
1495632726311435668,10,3,202,1495632726.31
1495632726360263805,10,5,202,1495632726.36
1495632726360636618,10,3,202,1495632726.36
1495632726410283710,10,5,202,1495632726.41
1495632726410532485,10,3,202,1495632726.41
1495632726460412571,10,5,202,1495632726.46
1495632726460768343,10,3,202,1495632726.46
1495632726511157363,10,5,202,1495632726.51
1495632726513613403,10,3,202,1495632726.51
1495632726560976198,10,5,202,1495632726.56
1495632726563408633,10,3,202,1495632726.56
1495632726611437296,10,5,202,1495632726.61
1495632726613358701,10,3,202,1495632726.61
1495632726660242595,10,5,202,1495632726.66
1495632726660835129,10,3,202,1495632726.66
1495632726710642789,10,5,202,1495632726.71
1495632726711232179,10,3,202,1495632726.71
1495632726760930261,10,5,202,1495632726.76
1495632726761140554,10,3,202,1495632726.76
1495632726810286047,10,5,202,1495632726.81
1495632726810885005,10,3,202,1495632726.81
1495632726860277878,10,5,202,1495632726.86
1495632726860524557,10,3,202,1495632726.86
1495632726911016381,10,5,202,1495632726.91
1495632726911261105,10,3,202,1495632726.91
1495632726961070930,10,5,202,1495632726.96
1495632726963282595,10,3,202,1495632726.96
1495632727011233594,10,5,202,1495632727.01
1495632727011608852,10,3,202,1495632727.01
1495632727061062906,10,5,202,1495632727.06
1495632727063297201,10,3,202,1495632727.06
1495632727110368828,10,5,202,1495632727.11
1495632727110977356,10,3,202,1495632727.11
1495632727160246124,10,5,202,1495632727.16
1495632727160857585,10,3,202,1495632727.16
1495632727210328188,10,5,202,1495632727.21
1495632727210920094,10,3,202,1495632727.21
1495632727261322734,10,5,202,1495632727.26
1495632727261967159,10,3,202,1495632727.26
1495632727310380996,10,5,202,1495632727.31
1495632727310705338,10,3,202,1495632727.31
1495632727361359753,10,5,202,1495632727.36
1495632727362044058,10,3,202,1495632727.36
1495632727410343566,10,5,202,1495632727.41
1495632727410720010,10,3,202,1495632727.41
1495632727460293981,10,5,202,1495632727.46
1495632727460889866,10,3,202,1495632727.46
1495632727510340778,10,5,202,1495632727.51
1495632727510685794,10,3,202,1495632727.51
1495632727560751379,10,5,202,1495632727.56
1495632727563130524,10,3,202,1495632727.56
1495632727611223583,10,5,202,1495632727.61
1495632727611561126,10,3,202,1495632727.61
1495632727660397920,10,5,202,1495632727.66
1495632727660733159,10,3,202,1495632727.66
1495632727711074757,10,5,202,1495632727.71
1495632727711665894,10,3,202,1495632727.71
1495632727761069385,10,5,202,1495632727.76
1495632727761702915,10,3,202,1495632727.76
1495632727812997352,10,5,202,1495632727.81
1495632727813487498,10,3,202,1495632727.81
1495632727861320677,10,5,202,1495632727.86
1495632727863490715,10,3,202,1495632727.86
1495632727911109060,10,5,202,1495632727.91
1495632727911479918,10,3,202,1495632727.91
1495632727961064783,10,5,202,1495632727.96
1495632727963593248,10,3,202,1495632727.96
1495632728010302400,10,5,202,1495632728.01
1495632728010562140,10,3,202,1495632728.01
1495632728060297726,10,5,202,1495632728.06
1495632728060500336,10,3,202,1495632728.06
1495632728110419392,10,5,202,1495632728.11
1495632728110975120,10,3,202,1495632728.11
1495632728160266863,10,5,202,1495632728.16
1495632728160466330,10,3,202,1495632728.16
1495632728210303255,10,5,202,1495632728.21
1495632728210502791,10,3,202,1495632728.21
1495632728260445527,10,5,202,1495632728.26
1495632728260754994,10,3,202,1495632728.26
1495632728311351510,10,5,202,1495632728.31
1495632728311940830,10,3,202,1495632728.31
1495632728361085207,10,5,202,1495632728.36
1495632728363579378,10,3,202,1495632728.36
1495632728410337978,10,5,191,1495632728.41
1495632728410677337,10,3,191,1495632728.41
1495632728460286088,10,5,177,1495632728.46
1495632728460481783,10,3,177,1495632728.46
1495632728510872690,10,5,148,1495632728.51
1495632728511198081,10,3,148,1495632728.51
1495632728560269684,10,5,134,1495632728.56
1495632728560469360,10,3,134,1495632728.56
1495632728610158918,10,5,103,1495632728.61
1495632728610751452,10,3,103,1495632728.61
1495632728660084961,10,5,88,1495632728.66
1495632728660426555,10,3,88,1495632728.66
1495632728710379906,10,5,-96,1495632728.71
1495632728710981449,10,3,-96,1495632728.71
1495632728760257828,10,5,-116,1495632728.76
1495632728760886191,10,3,-116,1495632728.76
1495632728810667520,10,5,-143,1495632728.81
1495632728811208929,10,3,-143,1495632728.81
1495632728860523788,10,5,-163,1495632728.86
1495632728861046410,10,3,-163,1495632728.86
1495632728911171638,10,5,-185,1495632728.91
1495632728911501638,10,3,-185,1495632728.91
1495632728961103057,10,5,-205,1495632728.96
1495632728961693705,10,3,-205,1495632728.96
1495632729011181494,10,5,-221,1495632729.01
1495632729011560871,10,3,-221,1495632729.01
1495632729060168168,10,5,-241,1495632729.06
1495632729060827470,10,3,-241,1495632729.06
1495632729110320706,10,5,-251,1495632729.11
1495632729111481120,10,3,-251,1495632729.11
1495632729161412400,10,5,-263,1495632729.16
1495632729161979791,10,3,-263,1495632729.16
1495632729213274445,10,5,-263,1495632729.21
1495632729213644883,10,3,-263,1495632729.21
1495632729261844448,10,5,-263,1495632729.26
1495632729264430808,10,3,-263,1495632729.26
1495632729312375242,10,5,-263,1495632729.31
1495632729312585395,10,3,-263,1495632729.31
1495632729360310807,10,5,-259,1495632729.36
1495632729360947270,10,3,-259,1495632729.36
1495632729410371641,10,5,-241,1495632729.41
1495632729410810733,10,3,-241,1495632729.41
1495632729460211152,10,5,-256,1495632729.46
1495632729460446936,10,3,-256,1495632729.46
1495632729510386035,10,5,-234,1495632729.51
1495632729510847546,10,3,-234,1495632729.51
1495632729560215836,10,5,-247,1495632729.56
1495632729560918858,10,3,-247,1495632729.56
1495632729610383179,10,5,-222,1495632729.61
1495632729611123078,10,3,-222,1495632729.61
1495632729660344701,10,5,-233,1495632729.66
1495632729660988568,10,3,-233,1495632729.66
1495632729710196083,10,5,-205,1495632729.71
1495632729710412382,10,3,-205,1495632729.71
1495632729760183447,10,5,-214,1495632729.76
1495632729762626425,10,3,-214,1495632729.76
1495632729810282555,10,5,-181,1495632729.81
1495632729810535729,10,3,-181,1495632729.81
1495632729860455204,10,5,-188,1495632729.86
1495632729860902397,10,3,-188,1495632729.86
1495632729911235896,10,5,-159,1495632729.91
1495632729911867889,10,3,-159,1495632729.91
1495632729961034823,10,5,-164,1495632729.96
1495632729961666048,10,3,-164,1495632729.96
1495632730011400446,10,5,-131,1495632730.01
1495632730011733728,10,3,-131,1495632730.01
1495632730061022677,10,5,-134,1495632730.06
1495632730061282277,10,3,-134,1495632730.06
1495632730111299043,10,5,-106,1495632730.11
1495632730111983069,10,3,-106,1495632730.11
1495632730161016679,10,5,-109,1495632730.16
1495632730163210814,10,3,-109,1495632730.16
1495632730211399484,10,5,79,1495632730.21
1495632730214414114,10,3,79,1495632730.21
1495632730262749939,10,5,98,1495632730.26
1495632730263421252,10,3,98,1495632730.26
1495632730311395440,10,5,131,1495632730.31
1495632730312024569,10,3,131,1495632730.31
1495632730362439573,10,5,133,1495632730.36
1495632730363155305,10,3,133,1495632730.36
1495632730411058672,10,5,149,1495632730.41
1495632730411700653,10,3,149,1495632730.41
1495632730460230079,10,5,151,1495632730.46
1495632730460873735,10,3,151,1495632730.46
1495632730510486608,10,5,162,1495632730.51
1495632730511121395,10,3,162,1495632730.51
1495632730560960832,10,5,165,1495632730.56
1495632730563543773,10,3,165,1495632730.56
1495632730612047707,10,5,168,1495632730.61
1495632730612630183,10,3,168,1495632730.61
1495632730660413354,10,5,176,1495632730.66
1495632730661380238,10,3,176,1495632730.66
1495632730710338210,10,5,182,1495632730.71
1495632730710560445,10,3,182,1495632730.71
1495632730762343988,10,5,185,1495632730.76
1495632730762571111,10,3,185,1495632730.76
1495632730816189518,10,5,189,1495632730.81
1495632730817771282,10,3,189,1495632730.81
1495632730861088174,10,5,192,1495632730.86
1495632730863356897,10,3,192,1495632730.86
1495632730910381386,10,5,194,1495632730.91
1495632730911034681,10,3,194,1495632730.91
1495632730960339692,10,5,197,1495632730.96
1495632730960978042,10,3,197,1495632730.96
1495632731011112283,10,5,200,1495632731.01
1495632731011454505,10,3,200,1495632731.01
1495632731061093361,10,5,198,1495632731.06
1495632731061353589,10,3,198,1495632731.06
1495632731111106282,10,5,201,1495632731.11
1495632731112385215,10,3,201,1495632731.11
1495632731160257921,10,5,199,1495632731.16
1495632731160897737,10,3,199,1495632731.16
1495632731211216637,10,5,201,1495632731.21
1495632731211433774,10,3,201,1495632731.21
1495632731260273155,10,5,192,1495632731.26
1495632731260659027,10,3,192,1495632731.26
1495632731312231434,10,5,194,1495632731.31
1495632731312723466,10,3,194,1495632731.31
1495632731361514593,10,5,174,1495632731.36
1495632731362198200,10,3,174,1495632731.36
1495632731411710435,10,5,175,1495632731.41
1495632731412137026,10,3,175,1495632731.41
1495632731463309590,10,5,162,1495632731.46
1495632731463741838,10,3,162,1495632731.46
1495632731511695561,10,5,162,1495632731.51
1495632731511909415,10,3,162,1495632731.51
1495632731563412264,10,5,152,1495632731.56
1495632731564080366,10,3,152,1495632731.56
1495632731611756892,10,5,152,1495632731.61
1495632731613579331,10,3,152,1495632731.61
1495632731663268678,10,5,139,1495632731.66
1495632731663900812,10,3,139,1495632731.66
1495632731711744045,10,5,138,1495632731.71
1495632731711971797,10,3,138,1495632731.71
1495632731760451565,10,5,129,1495632731.76
1495632731762613643,10,3,129,1495632731.76
1495632731810458133,10,5,128,1495632731.81
1495632731810692311,10,3,128,1495632731.81
1495632731860630439,10,5,120,1495632731.86
1495632731860878725,10,3,120,1495632731.86
1495632731911138536,10,5,119,1495632731.91
1495632731911351133,10,3,119,1495632731.91
1495632731960454721,10,5,113,1495632731.96
1495632731960687292,10,3,113,1495632731.96
1495632732010485249,10,5,111,1495632732.01
1495632732013994422,10,3,111,1495632732.01
1495632732060407377,10,5,106,1495632732.06
1495632732060608939,10,3,106,1495632732.06
1495632732111184436,10,5,104,1495632732.11
1495632732111411001,10,3,104,1495632732.11
1495632732162214248,10,5,100,1495632732.16
1495632732162463233,10,3,100,1495632732.16
1495632732211492025,10,5,98,1495632732.21
1495632732211750368,10,3,98,1495632732.21
1495632732260485755,10,5,92,1495632732.26
1495632732260928200,10,3,92,1495632732.26
1495632732310471862,10,5,89,1495632732.31
1495632732310934350,10,3,89,1495632732.31
1495632732360512718,10,5,86,1495632732.36
1495632732362683102,10,3,86,1495632732.36
1495632732413275010,10,5,84,1495632732.41
1495632732413328020,10,3,84,1495632732.41
1495632732463103629,10,5,80,1495632732.46
1495632732463317064,10,3,80,1495632732.46
1495632732515637053,10,5,77,1495632732.51
1495632732515876259,10,3,77,1495632732.51
1495632732563192679,10,5,75,1495632732.56
1495632732563414426,10,3,75,1495632732.56
1495632732611283152,10,5,73,1495632732.61
1495632732611338676,10,3,73,1495632732.61
1495632732661538849,10,5,71,1495632732.66
1495632732663606920,10,3,71,1495632732.66
1495632732712111899,10,5,-92,1495632732.71
1495632732712528012,10,3,-92,1495632732.71
1495632732763369879,10,5,-93,1495632732.76
1495632732763587295,10,3,-93,1495632732.76
1495632732811901261,10,5,-96,1495632732.81
1495632732812132715,10,3,-96,1495632732.81
1495632732862862282,10,5,-96,1495632732.86
1495632732863309127,10,3,-96,1495632732.86
1495632732913337211,10,5,-98,1495632732.91
1495632732913574182,10,3,-98,1495632732.91
1495632732963296705,10,5,-98,1495632732.96
1495632732963569435,10,3,-98,1495632732.96
1495632733012421806,10,5,-100,1495632733.01
1495632733014545540,10,3,-100,1495632733.01
1495632733063094377,10,5,-98,1495632733.06
1495632733063346365,10,3,-98,1495632733.06
1495632733111285636,10,5,-100,1495632733.11
1495632733111333337,10,3,-100,1495632733.11
1495632733160456275,10,5,-96,1495632733.16
1495632733160683818,10,3,-96,1495632733.16
1495632733210424221,10,5,-98,1495632733.21
1495632733210678443,10,3,-98,1495632733.21
1495632733260945583,10,5,74,1495632733.26
1495632733263875218,10,3,74,1495632733.26
1495632733310538552,10,5,79,1495632733.31
1495632733310780762,10,3,79,1495632733.31
1495632733360451957,10,5,82,1495632733.36
1495632733360671399,10,3,82,1495632733.36
1495632733410473684,10,5,82,1495632733.41
1495632733410924718,10,3,82,1495632733.41
1495632733460430452,10,5,85,1495632733.46
1495632733460891473,10,3,85,1495632733.46
1495632733510441488,10,5,84,1495632733.51
1495632733510905024,10,3,84,1495632733.51
1495632733560475852,10,5,87,1495632733.56
1495632733560697807,10,3,87,1495632733.56
1495632733610693764,10,5,87,1495632733.61
1495632733611211708,10,3,87,1495632733.61
1495632733660478588,10,5,89,1495632733.66
1495632733660937586,10,3,89,1495632733.66
1495632733710537537,10,5,89,1495632733.71
1495632733710771226,10,3,89,1495632733.71
1495632733760546754,10,5,90,1495632733.76
1495632733761019859,10,3,90,1495632733.76
1495632733810731494,10,5,90,1495632733.81
1495632733810938992,10,3,90,1495632733.81
1495632733863603718,10,5,91,1495632733.86
1495632733864059921,10,3,91,1495632733.86
1495632733913309482,10,5,91,1495632733.91
1495632733913776720,10,3,91,1495632733.91
1495632733960566254,10,5,92,1495632733.96
1495632733961012330,10,3,92,1495632733.96
1495632734010442430,10,5,92,1495632734.01
1495632734010494182,10,3,92,1495632734.01
1495632734061484191,10,5,93,1495632734.06
1495632734061951499,10,3,93,1495632734.06
1495632734113588648,10,5,94,1495632734.11
1495632734114058051,10,3,94,1495632734.11
1495632734161460030,10,5,95,1495632734.16
1495632734163634675,10,3,95,1495632734.16
1495632734213635377,10,5,95,1495632734.21
1495632734214127130,10,3,95,1495632734.21
1495632734260685005,10,5,97,1495632734.26
1495632734261149590,10,3,97,1495632734.26
1495632734310461311,10,5,97,1495632734.31
1495632734310921007,10,3,97,1495632734.31
1495632734360494282,10,5,96,1495632734.36
1495632734360961660,10,3,96,1495632734.36
1495632734410451961,10,5,96,1495632734.41
1495632734410933865,10,3,96,1495632734.41
1495632734461283421,10,5,97,1495632734.46
1495632734463327818,10,3,97,1495632734.46
1495632734512778025,10,5,97,1495632734.51
1495632734512825238,10,3,97,1495632734.51
1495632734560543816,10,5,96,1495632734.56
1495632734561022230,10,3,96,1495632734.56
1495632734610747888,10,5,96,1495632734.61
1495632734610988770,10,3,96,1495632734.61
1495632734660441708,10,5,96,1495632734.66
1495632734662746469,10,3,96,1495632734.66
1495632734710483830,10,5,97,1495632734.71
1495632734710717659,10,3,97,1495632734.71
1495632734760450235,10,5,97,1495632734.76
1495632734760681340,10,3,97,1495632734.76
1495632734811693278,10,5,98,1495632734.81
1495632734812173996,10,3,98,1495632734.81
1495632734863140883,10,5,99,1495632734.86
1495632734863625791,10,3,99,1495632734.86
1495632734913587803,10,5,99,1495632734.91
1495632734914064399,10,3,99,1495632734.91
1495632734960444870,10,5,99,1495632734.96
1495632734960493549,10,3,99,1495632734.96
1495632735010721589,10,5,100,1495632735.01
1495632735010949202,10,3,100,1495632735.01
1495632735064283846,10,5,99,1495632735.06
1495632735064479821,10,3,99,1495632735.06
1495632735111402479,10,5,99,1495632735.11
1495632735111617939,10,3,99,1495632735.11
1495632735161303934,10,5,99,1495632735.16
1495632735161766563,10,3,99,1495632735.16
1495632735213919357,10,5,100,1495632735.21
1495632735214205776,10,3,100,1495632735.21
1495632735261383841,10,5,99,1495632735.26
1495632735261437480,10,3,99,1495632735.26
1495632735311288722,10,5,99,1495632735.31
1495632735311338799,10,3,99,1495632735.31
1495632735360467534,10,5,98,1495632735.36
1495632735360934353,10,3,98,1495632735.36
1495632735410428286,10,5,99,1495632735.41
1495632735410985200,10,3,99,1495632735.41
1495632735460444840,10,5,99,1495632735.46
1495632735460897062,10,3,99,1495632735.46
1495632735510516360,10,5,99,1495632735.51
1495632735510565528,10,3,99,1495632735.51
1495632735560448617,10,5,98,1495632735.56
1495632735560925773,10,3,98,1495632735.56
1495632735610529636,10,5,98,1495632735.61
1495632735610592773,10,3,98,1495632735.61
1495632735660443946,10,5,98,1495632735.66
1495632735660653819,10,3,98,1495632735.66
1495632735710797906,10,5,98,1495632735.71
1495632735711007849,10,3,98,1495632735.71
1495632735761366908,10,5,99,1495632735.76
1495632735761843924,10,3,99,1495632735.76
1495632735813119505,10,5,99,1495632735.81
1495632735813655607,10,3,99,1495632735.81
1495632735862811369,10,5,99,1495632735.86
1495632735863275255,10,3,99,1495632735.86
1495632735910537339,10,5,100,1495632735.91
1495632735912744323,10,3,100,1495632735.91
1495632735960900657,10,5,100,1495632735.96
1495632735963313534,10,3,100,1495632735.96
1495632736012674770,10,5,100,1495632736.01
1495632736012729386,10,3,100,1495632736.01
1495632736061290102,10,5,100,1495632736.06
1495632736063387507,10,3,100,1495632736.06
1495632736113903078,10,5,100,1495632736.11
1495632736114448189,10,3,100,1495632736.11
1495632736162724859,10,5,100,1495632736.16
1495632736163191748,10,3,100,1495632736.16
1495632736210548678,10,5,100,1495632736.21
1495632736212847642,10,3,100,1495632736.21
1495632736260462705,10,5,101,1495632736.26
1495632736260921003,10,3,101,1495632736.26
1495632736310490226,10,5,101,1495632736.31
1495632736310544982,10,3,101,1495632736.31
1495632736360491904,10,5,97,1495632736.36
1495632736360975485,10,3,97,1495632736.36
1495632736410446721,10,5,97,1495632736.41
1495632736412466531,10,3,97,1495632736.41
1495632736460423188,10,5,94,1495632736.46
1495632736460474312,10,3,94,1495632736.46
1495632736510483117,10,5,94,1495632736.51
1495632736510531307,10,3,94,1495632736.51
1495632736560444361,10,5,93,1495632736.56
1495632736560491922,10,3,93,1495632736.56
1495632736610422783,10,5,93,1495632736.61
1495632736610476631,10,3,93,1495632736.61
1495632736660698448,10,5,92,1495632736.66
1495632736660753343,10,3,92,1495632736.66
1495632736710470209,10,5,92,1495632736.71
1495632736710517561,10,3,92,1495632736.71
1495632736760433406,10,5,92,1495632736.76
1495632736760484949,10,3,92,1495632736.76
1495632736810415599,10,5,92,1495632736.81
1495632736810469168,10,3,92,1495632736.81
1495632736860426080,10,5,93,1495632736.86
1495632736860477763,10,3,93,1495632736.86
1495632736912607020,10,5,93,1495632736.91
1495632736912828138,10,3,93,1495632736.91
1495632736960532318,10,5,93,1495632736.96
1495632736960586725,10,3,93,1495632736.96
1495632737010528131,10,5,92,1495632737.01
1495632737012661780,10,3,92,1495632737.01
1495632737063203123,10,5,93,1495632737.06
1495632737063258926,10,3,93,1495632737.06
1495632737113009315,10,5,93,1495632737.11
1495632737113066655,10,3,93,1495632737.11
1495632737161339623,10,5,93,1495632737.16
1495632737161828024,10,3,93,1495632737.16
1495632737213153127,10,5,93,1495632737.21
1495632737214924862,10,3,93,1495632737.21
1495632737263102918,10,5,92,1495632737.26
1495632737263366289,10,3,92,1495632737.26
1495632737313111093,10,5,93,1495632737.31
1495632737313416369,10,3,93,1495632737.31
1495632737363162778,10,5,93,1495632737.36
1495632737363643146,10,3,93,1495632737.36
1495632737410349156,10,5,93,1495632737.41
1495632737410404819,10,3,93,1495632737.41
1495632737461519696,10,5,94,1495632737.46
1495632737462365264,10,3,94,1495632737.46
1495632737510840005,10,5,94,1495632737.51
1495632737511054069,10,3,94,1495632737.51
1495632737561455378,10,5,94,1495632737.56
1495632737561669721,10,3,94,1495632737.56
1495632737613278241,10,5,94,1495632737.61
1495632737613472819,10,3,94,1495632737.61
1495632737663848431,10,5,95,1495632737.66
1495632737663911847,10,3,95,1495632737.66
1495632737711401195,10,5,95,1495632737.71
1495632737713620962,10,3,95,1495632737.71
1495632737761308870,10,5,96,1495632737.76
1495632737763218259,10,3,96,1495632737.76
1495632737813037024,10,5,96,1495632737.81
1495632737813564605,10,3,96,1495632737.81
1495632737860477205,10,5,97,1495632737.86
1495632737860987255,10,3,97,1495632737.86
1495632737910463448,10,5,97,1495632737.91
1495632737910520159,10,3,97,1495632737.91
1495632737960444944,10,5,99,1495632737.96
1495632737960891788,10,3,99,1495632737.96
1495632738010420363,10,5,99,1495632738.01
1495632738010472883,10,3,99,1495632738.01
1495632738060427631,10,5,101,1495632738.06
1495632738060633942,10,3,101,1495632738.06
1495632738111428252,10,5,101,1495632738.11
1495632738111481890,10,3,101,1495632738.11
1495632738163226179,10,5,103,1495632738.16
1495632738163778833,10,3,103,1495632738.16
1495632738210670621,10,5,103,1495632738.21
1495632738213532924,10,3,103,1495632738.21
1495632738260749824,10,5,105,1495632738.26
1495632738261006420,10,3,105,1495632738.26
1495632738311457665,10,5,106,1495632738.31
1495632738311513259,10,3,106,1495632738.31
1495632738361278666,10,5,105,1495632738.36
1495632738363213340,10,3,105,1495632738.36
1495632738413359732,10,5,105,1495632738.41
1495632738413586157,10,3,105,1495632738.41
1495632738463232767,10,5,105,1495632738.46
1495632738463472043,10,3,105,1495632738.46
1495632738511403626,10,5,105,1495632738.51
1495632738513475189,10,3,105,1495632738.51
1495632738560481027,10,5,105,1495632738.56
1495632738560532081,10,3,105,1495632738.56
1495632738611348318,10,5,105,1495632738.61
1495632738611412293,10,3,105,1495632738.61
1495632738660396663,10,5,106,1495632738.66
1495632738660446041,10,3,106,1495632738.66
1495632738710500381,10,5,106,1495632738.71
1495632738710730159,10,3,106,1495632738.71
1495632738760401138,10,5,105,1495632738.76
1495632738760450725,10,3,105,1495632738.76
1495632738812816744,10,5,105,1495632738.81
1495632738813447411,10,3,105,1495632738.81
1495632738860879070,10,5,105,1495632738.86
1495632738860927610,10,3,105,1495632738.86
1495632738911337653,10,5,105,1495632738.91
1495632738911389406,10,3,105,1495632738.91
1495632738960457796,10,5,104,1495632738.96
1495632738960505637,10,3,104,1495632738.96
1495632739010771947,10,5,104,1495632739.01
1495632739013425149,10,3,104,1495632739.01
1495632739060451938,10,5,104,1495632739.06
1495632739060677596,10,3,104,1495632739.06
1495632739112328854,10,5,104,1495632739.11
1495632739112527133,10,3,104,1495632739.11
1495632739160352419,10,5,103,1495632739.16
1495632739161020310,10,3,103,1495632739.16
1495632739210556427,10,5,104,1495632739.21
1495632739210767348,10,3,104,1495632739.21
1495632739260261980,10,5,100,1495632739.26
1495632739260311707,10,3,100,1495632739.26
1495632739311477711,10,5,99,1495632739.31
1495632739311528067,10,3,99,1495632739.31
1495632739363379495,10,5,97,1495632739.36
1495632739363890105,10,3,97,1495632739.36
1495632739413007666,10,5,97,1495632739.41
1495632739413060745,10,3,97,1495632739.41
1495632739463365535,10,5,96,1495632739.46
1495632739463610887,10,3,96,1495632739.46
1495632739513132125,10,5,96,1495632739.51
1495632739513296252,10,3,96,1495632739.51
1495632739564992979,10,5,94,1495632739.56
1495632739566086903,10,3,94,1495632739.56
1495632739612786836,10,5,94,1495632739.61
1495632739612833210,10,3,94,1495632739.61
1495632739662998250,10,5,93,1495632739.66
1495632739663049933,10,3,93,1495632739.66
1495632739710754533,10,5,93,1495632739.71
1495632739712995320,10,3,93,1495632739.71
1495632739761084884,10,5,92,1495632739.76
1495632739761136147,10,3,92,1495632739.76
1495632739812997144,10,5,91,1495632739.81
1495632739813077531,10,3,91,1495632739.81
1495632739863195009,10,5,91,1495632739.86
1495632739863255003,10,3,91,1495632739.86
1495632739912937441,10,5,91,1495632739.91
1495632739913243276,10,3,91,1495632739.91
1495632739960472325,10,5,90,1495632739.96
1495632739960931811,10,3,90,1495632739.96
1495632740010400322,10,5,89,1495632740.01
1495632740010451446,10,3,89,1495632740.01
1495632740060542031,10,5,89,1495632740.06
1495632740062821859,10,3,89,1495632740.06
1495632740110453474,10,5,89,1495632740.11
1495632740110502293,10,3,89,1495632740.11
1495632740164155836,10,5,89,1495632740.16
1495632740165957742,10,3,89,1495632740.16
1495632740210670269,10,5,89,1495632740.21
1495632740210734104,10,3,89,1495632740.21
1495632740261529461,10,5,90,1495632740.26
1495632740261584915,10,3,90,1495632740.26
1495632740310522075,10,5,91,1495632740.31
1495632740310984564,10,3,91,1495632740.31
1495632740360447349,10,5,91,1495632740.36
1495632740360904112,10,3,91,1495632740.36
1495632740410522362,10,5,91,1495632740.41
1495632740410753955,10,3,91,1495632740.41
1495632740460446098,10,5,92,1495632740.46
1495632740462840256,10,3,92,1495632740.46
1495632740510627478,10,5,92,1495632740.51
1495632740512918550,10,3,92,1495632740.51
1495632740560455391,10,5,92,1495632740.56
1495632740560901118,10,3,92,1495632740.56
1495632740610648856,10,5,92,1495632740.61
1495632740610853002,10,3,92,1495632740.61
1495632740660449043,10,5,92,1495632740.66
1495632740660499957,10,3,92,1495632740.66
1495632740710421949,10,5,92,1495632740.71
1495632740710478520,10,3,92,1495632740.71
1495632740762918639,10,5,92,1495632740.76
1495632740763177052,10,3,92,1495632740.76
1495632740811383181,10,5,92,1495632740.81
1495632740813495323,10,3,92,1495632740.81
1495632740860411764,10,5,92,1495632740.86
1495632740860461980,10,3,92,1495632740.86
1495632740910685616,10,5,92,1495632740.91
1495632740911158231,10,3,92,1495632740.91
1495632740960425737,10,5,91,1495632740.96
1495632740960478747,10,3,91,1495632740.96
1495632741010448651,10,5,91,1495632741.01
1495632741010505432,10,3,91,1495632741.01
1495632741060430426,10,5,91,1495632741.06
1495632741060478128,10,3,91,1495632741.06
1495632741110532884,10,5,91,1495632741.11
1495632741110583728,10,3,91,1495632741.11
1495632741160465912,10,5,91,1495632741.16
1495632741160516896,10,3,91,1495632741.16
1495632741210467732,10,5,91,1495632741.21
1495632741210940906,10,3,91,1495632741.21
1495632741261291371,10,5,92,1495632741.26
1495632741261344311,10,3,92,1495632741.26
1495632741311240599,10,5,92,1495632741.31
1495632741311289488,10,3,92,1495632741.31
1495632741360445739,10,5,91,1495632741.36
1495632741360652260,10,3,91,1495632741.36
1495632741410436523,10,5,91,1495632741.41
1495632741410638784,10,3,91,1495632741.41
1495632741460436460,10,5,91,1495632741.46
1495632741460484790,10,3,91,1495632741.46
1495632741510469495,10,5,91,1495632741.51
1495632741510679997,10,3,91,1495632741.51
1495632741560874023,10,5,91,1495632741.56
1495632741560922912,10,3,91,1495632741.56
1495632741613133952,10,5,91,1495632741.61
1495632741613475965,10,3,91,1495632741.61
1495632741661305089,10,5,91,1495632741.66
1495632741661358517,10,3,91,1495632741.66
1495632741713077733,10,5,91,1495632741.71
1495632741713591765,10,3,91,1495632741.71
1495632741760467419,10,5,90,1495632741.76
1495632741760938218,10,3,90,1495632741.76
1495632741810480696,10,5,90,1495632741.81
1495632741810528886,10,3,90,1495632741.81
1495632741861241129,10,5,91,1495632741.86
1495632741863147378,10,3,91,1495632741.86
1495632741911370407,10,5,91,1495632741.91
1495632741911581537,10,3,91,1495632741.91
1495632741963149478,10,5,90,1495632741.96
1495632741963203814,10,3,90,1495632741.96
1495632742011493476,10,5,90,1495632742.01
1495632742013621049,10,3,90,1495632742.01
1495632742061354499,10,5,91,1495632742.06
1495632742061809654,10,3,91,1495632742.06
1495632742113179940,10,5,90,1495632742.11
1495632742113264448,10,3,90,1495632742.11
1495632742160443769,10,5,90,1495632742.16
1495632742160492937,10,3,90,1495632742.16
1495632742210409693,10,5,90,1495632742.21
1495632742212762226,10,3,90,1495632742.21
1495632742260612168,10,5,90,1495632742.26
1495632742260817851,10,3,90,1495632742.26
1495632742311348997,10,5,90,1495632742.31
1495632742311818121,10,3,90,1495632742.31
1495632742360255911,10,5,89,1495632742.36
1495632742361376235,10,3,89,1495632742.36
1495632742410467603,10,5,89,1495632742.41
1495632742412798276,10,3,89,1495632742.41
1495632742460330861,10,5,89,1495632742.46
1495632742460373813,10,3,89,1495632742.46
1495632742511426954,10,5,89,1495632742.51
1495632742511474516,10,3,89,1495632742.51
1495632742560467615,10,5,88,1495632742.56
1495632742560516504,10,3,88,1495632742.56
1495632742610651235,10,5,88,1495632742.61
1495632742610712905,10,3,88,1495632742.61
1495632742661047511,10,5,88,1495632742.66
1495632742661568387,10,3,88,1495632742.66
1495632742710493183,10,5,88,1495632742.71
1495632742712907315,10,3,88,1495632742.71
1495632742760634415,10,5,88,1495632742.76
1495632742760853507,10,3,88,1495632742.76
1495632742810522458,10,5,88,1495632742.81
1495632742810575677,10,3,88,1495632742.81
1495632742860520929,10,5,88,1495632742.86
1495632742860753850,10,3,88,1495632742.86
1495632742910462264,10,5,88,1495632742.91
1495632742910510036,10,3,88,1495632742.91
1495632742960467081,10,5,88,1495632742.96
1495632742960514992,10,3,88,1495632742.96
1495632743010695050,10,5,88,1495632743.01
1495632743011195044,10,3,88,1495632743.01
1495632743061446893,10,5,88,1495632743.06
1495632743061498296,10,3,88,1495632743.06
1495632743111367770,10,5,88,1495632743.11
1495632743113501003,10,3,88,1495632743.11
1495632743161314343,10,5,88,1495632743.16
1495632743161369657,10,3,88,1495632743.16
1495632743210573542,10,5,88,1495632743.21
1495632743211039105,10,3,88,1495632743.21
1495632743260866812,10,5,89,1495632743.26
1495632743260914584,10,3,89,1495632743.26
1495632743310502799,10,5,89,1495632743.31
1495632743310559720,10,3,89,1495632743.31
1495632743360396086,10,5,89,1495632743.36
1495632743360869610,10,3,89,1495632743.36
1495632743411841383,10,5,88,1495632743.41
1495632743413985579,10,3,88,1495632743.41
1495632743462931189,10,5,88,1495632743.46
1495632743462987341,10,3,88,1495632743.46
1495632743510680416,10,5,88,1495632743.51
1495632743510736638,10,3,88,1495632743.51
1495632743562132212,10,5,87,1495632743.56
1495632743562184313,10,3,87,1495632743.56
1495632743610351892,10,5,87,1495632743.61
1495632743610405042,10,3,87,1495632743.61
1495632743662885038,10,5,87,1495632743.66
1495632743662936720,10,3,87,1495632743.66
1495632743714134571,10,5,88,1495632743.71
1495632743714185136,10,3,88,1495632743.71
1495632743761461469,10,5,87,1495632743.76
1495632743761682307,10,3,87,1495632743.76
1495632743813272249,10,5,87,1495632743.81
1495632743813325258,10,3,87,1495632743.81
1495632743862747815,10,5,87,1495632743.86
1495632743863567542,10,3,87,1495632743.86
1495632743910538181,10,5,87,1495632743.91
1495632743911006047,10,3,87,1495632743.91
1495632743960473370,10,5,87,1495632743.96
1495632743962851116,10,3,87,1495632743.96
1495632744011606758,10,5,86,1495632744.01
1495632744011658790,10,3,86,1495632744.01
1495632744061728004,10,5,86,1495632744.06
1495632744061783109,10,3,86,1495632744.06
1495632744110864982,10,5,87,1495632744.11
1495632744111127446,10,3,87,1495632744.11
1495632744160426452,10,5,87,1495632744.16
1495632744160653925,10,3,87,1495632744.16
1495632744211449280,10,5,88,1495632744.21
1495632744213583698,10,3,88,1495632744.21
1495632744261497477,10,5,90,1495632744.26
1495632744261551743,10,3,90,1495632744.26
1495632744310735370,10,5,92,1495632744.31
1495632744313014778,10,3,92,1495632744.31
1495632744360490442,10,5,92,1495632744.36
1495632744361644709,10,3,92,1495632744.36
1495632744411353823,10,5,93,1495632744.41
1495632744411404668,10,3,93,1495632744.41
1495632744461736836,10,5,93,1495632744.46
1495632744461788728,10,3,93,1495632744.46
1495632744512906193,10,5,94,1495632744.51
1495632744513185628,10,3,94,1495632744.51
1495632744562653928,10,5,94,1495632744.56
1495632744562701769,10,3,94,1495632744.56
1495632744613616276,10,5,94,1495632744.61
1495632744613845146,10,3,94,1495632744.61
1495632744664198965,10,5,95,1495632744.66
1495632744664652653,10,3,95,1495632744.66
1495632744710564775,10,5,96,1495632744.71
1495632744710792668,10,3,96,1495632744.71
1495632744760329484,10,5,96,1495632744.76
1495632744760383471,10,3,96,1495632744.76
1495632744810540479,10,5,96,1495632744.81
1495632744810785272,10,3,96,1495632744.81
1495632744860384315,10,5,96,1495632744.86
1495632744860433972,10,3,96,1495632744.86
1495632744913452171,10,5,97,1495632744.91
1495632744913509650,10,3,97,1495632744.91
1495632744963546109,10,5,97,1495632744.96
1495632744964085354,10,3,97,1495632744.96
1495632745011502276,10,5,97,1495632745.01
1495632745013563712,10,3,97,1495632745.01
1495632745060443416,10,5,97,1495632745.06
1495632745060492514,10,3,97,1495632745.06
1495632745111791427,10,5,97,1495632745.11
1495632745112243929,10,3,97,1495632745.11
1495632745161467575,10,5,98,1495632745.16
1495632745161522121,10,3,98,1495632745.16
1495632745211288577,10,5,97,1495632745.21
1495632745211516260,10,3,97,1495632745.21
1495632745260268825,10,5,97,1495632745.26
1495632745260468431,10,3,97,1495632745.26
1495632745310576899,10,5,96,1495632745.31
1495632745311023325,10,3,96,1495632745.31
1495632745360397481,10,5,97,1495632745.36
1495632745360449722,10,3,97,1495632745.36
1495632745410497286,10,5,95,1495632745.41
1495632745410545267,10,3,95,1495632745.41
1495632745463064868,10,5,95,1495632745.46
1495632745463125001,10,3,95,1495632745.46
1495632745513343536,10,5,95,1495632745.51
1495632745513400247,10,3,95,1495632745.51
1495632745560418516,10,5,95,1495632745.56
1495632745560882891,10,3,95,1495632745.56
1495632745610506869,10,5,94,1495632745.61
1495632745610981511,10,3,94,1495632745.61
1495632745660792172,10,5,94,1495632745.66
1495632745660852166,10,3,94,1495632745.66
1495632745712452305,10,5,94,1495632745.71
1495632745712662946,10,3,94,1495632745.71
1495632745763015857,10,5,94,1495632745.76
1495632745763069984,10,3,94,1495632745.76
1495632745810495289,10,5,93,1495632745.81
1495632745810956661,10,3,93,1495632745.81
1495632745860254200,10,5,93,1495632745.86
1495632745860301972,10,3,93,1495632745.86
1495632745910495714,10,5,93,1495632745.91
1495632745910549352,10,3,93,1495632745.91
1495632745960407647,10,5,93,1495632745.96
1495632745960834796,10,3,93,1495632745.96
1495632746010487481,10,5,93,1495632746.01
1495632746010985100,10,3,93,1495632746.01
1495632746060401650,10,5,92,1495632746.06
1495632746060859040,10,3,92,1495632746.06
1495632746110513818,10,5,93,1495632746.11
1495632746111002148,10,3,93,1495632746.11
1495632746160415346,10,5,93,1495632746.16
1495632746160868545,10,3,93,1495632746.16
1495632746210505722,10,5,92,1495632746.21
1495632746210984065,10,3,92,1495632746.21
1495632746260453138,10,5,91,1495632746.26
1495632746260503493,10,3,91,1495632746.26
1495632746310549662,10,5,90,1495632746.31
1495632746311022697,10,3,90,1495632746.31
1495632746360423950,10,5,90,1495632746.36
1495632746360886090,10,3,90,1495632746.36
1495632746410519635,10,5,89,1495632746.41
1495632746410996302,10,3,89,1495632746.41
1495632746460404401,10,5,89,1495632746.46
1495632746460883163,10,3,89,1495632746.46
1495632746510647940,10,5,89,1495632746.51
1495632746510895038,10,3,89,1495632746.51
1495632746560438701,10,5,89,1495632746.56
1495632746560892250,10,3,89,1495632746.56
1495632746610472718,10,5,88,1495632746.61
1495632746610676724,10,3,88,1495632746.61
1495632746660497654,10,5,88,1495632746.66
1495632746660946244,10,3,88,1495632746.66
1495632746710593761,10,5,88,1495632746.71
1495632746711058624,10,3,88,1495632746.71
1495632746760438714,10,5,88,1495632746.76
1495632746760914961,10,3,88,1495632746.76
1495632746810748536,10,5,88,1495632746.81
1495632746810808251,10,3,88,1495632746.81
1495632746860476089,10,5,88,1495632746.86
1495632746860523441,10,3,88,1495632746.86
1495632746910469946,10,5,88,1495632746.91
1495632746910526797,10,3,88,1495632746.91
1495632746960406255,10,5,88,1495632746.96
1495632746960939773,10,3,88,1495632746.96
1495632747010539515,10,5,88,1495632747.01
1495632747011047749,10,3,88,1495632747.01
1495632747060435316,10,5,88,1495632747.06
1495632747060488047,10,3,88,1495632747.06
1495632747110526952,10,5,88,1495632747.11
1495632747110580311,10,3,88,1495632747.11
1495632747160417513,10,5,88,1495632747.16
1495632747160466332,10,3,88,1495632747.16
1495632747210766932,10,5,88,1495632747.21
1495632747210826507,10,3,88,1495632747.21
1495632747260454537,10,5,89,1495632747.26
1495632747260507267,10,3,89,1495632747.26
1495632747310437218,10,5,90,1495632747.31
1495632747310920101,10,3,90,1495632747.31
1495632747361483516,10,5,91,1495632747.36
1495632747361531147,10,3,91,1495632747.36
1495632747410668471,10,5,91,1495632747.41
1495632747410723436,10,3,91,1495632747.41
1495632747460421864,10,5,91,1495632747.46
1495632747462858975,10,3,91,1495632747.46
1495632747510805017,10,5,92,1495632747.51
1495632747511010001,10,3,92,1495632747.51
1495632747560521465,10,5,92,1495632747.56
1495632747560746424,10,3,92,1495632747.56
1495632747610556807,10,5,92,1495632747.61
1495632747610612052,10,3,92,1495632747.61
1495632747660279333,10,5,92,1495632747.66
1495632747660332063,10,3,92,1495632747.66
1495632747711569513,10,5,93,1495632747.71
1495632747712017545,10,3,93,1495632747.71
1495632747761538856,10,5,93,1495632747.76
1495632747762002742,10,3,93,1495632747.76
1495632747811296581,10,5,93,1495632747.81
1495632747811531387,10,3,93,1495632747.81
1495632747860727655,10,5,93,1495632747.86
1495632747860986347,10,3,93,1495632747.86
1495632747911268931,10,5,94,1495632747.91
1495632747911321172,10,3,94,1495632747.91
1495632747961489211,10,5,94,1495632747.96
1495632747963595487,10,3,94,1495632747.96
1495632748012258378,10,5,94,1495632748.01
1495632748012310340,10,3,94,1495632748.01
1495632748060451447,10,5,94,1495632748.06
1495632748060501384,10,3,94,1495632748.06
1495632748110492027,10,5,94,1495632748.11
1495632748110541544,10,3,94,1495632748.11
1495632748160365409,10,5,95,1495632748.16
1495632748160416184,10,3,95,1495632748.16
1495632748210527935,10,5,94,1495632748.21
1495632748210739973,10,3,94,1495632748.21
1495632748260458444,10,5,95,1495632748.26
1495632748260508241,10,3,95,1495632748.26
1495632748311389154,10,5,96,1495632748.31
1495632748311843332,10,3,96,1495632748.31
1495632748361180542,10,5,96,1495632748.36
1495632748363556893,10,3,96,1495632748.36
1495632748411362201,10,5,96,1495632748.41
1495632748412702526,10,3,96,1495632748.41
1495632748463028201,10,5,96,1495632748.46
1495632748463522608,10,3,96,1495632748.46
1495632748513802463,10,5,96,1495632748.51
1495632748513853308,10,3,96,1495632748.51
1495632748563201692,10,5,96,1495632748.56
1495632748563442994,10,3,96,1495632748.56
1495632748613525760,10,5,96,1495632748.61
1495632748613592528,10,3,96,1495632748.61
1495632748660532573,10,5,96,1495632748.66
1495632748661351112,10,3,96,1495632748.66
1495632748711288260,10,5,96,1495632748.71
1495632748711336590,10,3,96,1495632748.71
1495632748762624466,10,5,96,1495632748.76
1495632748763919604,10,3,96,1495632748.76
1495632748812588642,10,5,95,1495632748.81
1495632748812799912,10,3,95,1495632748.81
1495632748863794875,10,5,96,1495632748.86
1495632748864017180,10,3,96,1495632748.86
1495632748910552635,10,5,96,1495632748.91
1495632748910603410,10,3,96,1495632748.91
1495632748960465406,10,5,96,1495632748.96
1495632748960517787,10,3,96,1495632748.96
1495632749010465202,10,5,95,1495632749.01
1495632749010695189,10,3,95,1495632749.01
1495632749060370920,10,5,95,1495632749.06
1495632749060420088,10,3,95,1495632749.06
1495632749111655374,10,5,95,1495632749.11
1495632749111710269,10,3,95,1495632749.11
1495632749163468456,10,5,95,1495632749.16
1495632749163515599,10,3,95,1495632749.16
1495632749212697341,10,5,95,1495632749.21
1495632749219196287,10,3,95,1495632749.21
1495632749263179880,10,5,95,1495632749.26
1495632749263237149,10,3,95,1495632749.26
1495632749311557471,10,5,92,1495632749.31
1495632749311610132,10,3,92,1495632749.31
1495632749363184776,10,5,92,1495632749.36
1495632749363244839,10,3,92,1495632749.36
1495632749414264245,10,5,90,1495632749.41
1495632749414519026,10,3,90,1495632749.41
1495632749463194350,10,5,89,1495632749.46
1495632749463243937,10,3,89,1495632749.46
1495632749511495188,10,5,88,1495632749.51
1495632749511545055,10,3,88,1495632749.51
1495632749563182554,10,5,88,1495632749.56
1495632749563236541,10,3,88,1495632749.56
1495632749611437714,10,5,86,1495632749.61
1495632749611488279,10,3,86,1495632749.61
1495632749661511190,10,5,86,1495632749.66
1495632749661560218,10,3,86,1495632749.66
1495632749713170412,10,5,85,1495632749.71
1495632749714323631,10,3,85,1495632749.71
1495632749763275247,10,5,85,1495632749.76
1495632749763322320,10,3,85,1495632749.76
1495632749810534054,10,5,84,1495632749.81
1495632749811008555,10,3,84,1495632749.81
1495632749860398076,10,5,83,1495632749.86
1495632749860844711,10,3,83,1495632749.86
1495632749910873908,10,5,83,1495632749.91
1495632749910933133,10,3,83,1495632749.91
1495632749960436427,10,5,83,1495632749.96
1495632749960897519,10,3,83,1495632749.96
1495632750011113889,10,5,83,1495632750.01
1495632750011160263,10,3,83,1495632750.01
1495632750060547272,10,5,83,1495632750.06
1495632750060761895,10,3,83,1495632750.06
1495632750110667123,10,5,84,1495632750.11
1495632750110885726,10,3,84,1495632750.11
1495632750160408434,10,5,84,1495632750.16
1495632750160668034,10,3,84,1495632750.16
1495632750210499370,10,5,84,1495632750.21
1495632750210547072,10,3,84,1495632750.21
1495632750260722867,10,5,85,1495632750.26
1495632750260768124,10,3,85,1495632750.26
1495632750311543435,10,5,86,1495632750.31
1495632750311751562,10,3,86,1495632750.31
1495632750363169903,10,5,86,1495632750.36
1495632750363661446,10,3,86,1495632750.36
1495632750410381561,10,5,86,1495632750.41
1495632750410836228,10,3,86,1495632750.41
1495632750460425844,10,5,86,1495632750.46
1495632750460896015,10,3,86,1495632750.46
1495632750511713862,10,5,86,1495632750.51
1495632750512169507,10,3,86,1495632750.51
1495632750560415025,10,5,86,1495632750.56
1495632750560642288,10,3,86,1495632750.56
1495632750613461788,10,5,86,1495632750.61
1495632750613726068,10,3,86,1495632750.61
1495632750663547694,10,5,86,1495632750.66
1495632750663590228,10,3,86,1495632750.66
1495632750710763753,10,5,87,1495632750.71
1495632750711208502,10,3,87,1495632750.71
1495632750760393528,10,5,87,1495632750.76
1495632750760444722,10,3,87,1495632750.76
1495632750810585945,10,5,87,1495632750.81
1495632750812655972,10,3,87,1495632750.81
1495632750860389483,10,5,87,1495632750.86
1495632750860436696,10,3,87,1495632750.86
1495632750911503807,10,5,88,1495632750.91
1495632750911555141,10,3,88,1495632750.91
1495632750963275264,10,5,88,1495632750.96
1495632750963322407,10,3,88,1495632750.96
1495632751010524986,10,5,88,1495632751.01
1495632751010980491,10,3,88,1495632751.01
1495632751061015835,10,5,88,1495632751.06
1495632751061063676,10,3,88,1495632751.06
1495632751111345558,10,5,89,1495632751.11
1495632751113637401,10,3,89,1495632751.11
1495632751161282006,10,5,89,1495632751.16
1495632751163631051,10,3,89,1495632751.16
1495632751210785018,10,5,90,1495632751.21
1495632751211283126,10,3,90,1495632751.21
1495632751260344114,10,5,90,1495632751.26
1495632751260398381,10,3,90,1495632751.26
1495632751310565934,10,5,89,1495632751.31
1495632751310770988,10,3,89,1495632751.31
1495632751361008031,10,5,89,1495632751.36
1495632751361058666,10,3,89,1495632751.36
1495632751410469698,10,5,88,1495632751.41
1495632751410520333,10,3,88,1495632751.41
1495632751460271562,10,5,88,1495632751.46
1495632751460321010,10,3,88,1495632751.46
1495632751510484722,10,5,87,1495632751.51
1495632751510536125,10,3,87,1495632751.51
1495632751560378287,10,5,87,1495632751.56
1495632751560434230,10,3,87,1495632751.56
1495632751610567001,10,5,86,1495632751.61
1495632751610617287,10,3,86,1495632751.61
1495632751660628115,10,5,86,1495632751.66
1495632751660691112,10,3,86,1495632751.66
1495632751710496190,10,5,86,1495632751.71
1495632751710545219,10,3,86,1495632751.71
1495632751760391362,10,5,85,1495632751.76
1495632751760441508,10,3,85,1495632751.76
1495632751810768438,10,5,84,1495632751.81
1495632751811031042,10,3,84,1495632751.81
1495632751860408131,10,5,84,1495632751.86
1495632751860455414,10,3,84,1495632751.86
1495632751911352108,10,5,84,1495632751.91
1495632751911810057,10,3,84,1495632751.91
1495632751960420291,10,5,84,1495632751.96
1495632751960467644,10,3,84,1495632751.96
1495632752010471838,10,5,84,1495632752.01
1495632752010691140,10,3,84,1495632752.01
1495632752060383911,10,5,84,1495632752.06
1495632752060434406,10,3,84,1495632752.06
1495632752110866239,10,5,84,1495632752.11
1495632752111347306,10,3,84,1495632752.11
1495632752163085796,10,5,84,1495632752.16
1495632752163583135,10,3,84,1495632752.16
1495632752211366589,10,5,84,1495632752.21
1495632752211595739,10,3,84,1495632752.21
1495632752260458306,10,5,85,1495632752.26
1495632752260505798,10,3,85,1495632752.26
1495632752311376582,10,5,86,1495632752.31
1495632752311850385,10,3,86,1495632752.31
1495632752361251499,10,5,86,1495632752.36
1495632752361475480,10,3,86,1495632752.36
1495632752413653902,10,5,85,1495632752.41
1495632752413706633,10,3,85,1495632752.41
1495632752463357219,10,5,85,1495632752.46
1495632752463404851,10,3,85,1495632752.46
1495632752511588915,10,5,86,1495632752.51
1495632752512054057,10,3,86,1495632752.51
1495632752563257146,10,5,86,1495632752.56
1495632752563489997,10,3,86,1495632752.56
1495632752612050991,10,5,87,1495632752.61
1495632752612098343,10,3,87,1495632752.61
1495632752661444425,10,5,87,1495632752.66
1495632752661669524,10,3,87,1495632752.66
1495632752711343785,10,5,88,1495632752.71
1495632752711394630,10,3,88,1495632752.71
1495632752762814508,10,5,88,1495632752.76
1495632752762862279,10,3,88,1495632752.76
1495632752810488938,10,5,89,1495632752.81
1495632752810541109,10,3,89,1495632752.81
1495632752860773893,10,5,89,1495632752.86
1495632752860824039,10,3,89,1495632752.86
1495632752910730804,10,5,90,1495632752.91
1495632752910788981,10,3,90,1495632752.91
1495632752962450090,10,5,91,1495632752.96
1495632752962956089,10,3,91,1495632752.96
1495632753010479382,10,5,91,1495632753.01
1495632753010956676,10,3,91,1495632753.01
1495632753060503132,10,5,91,1495632753.06
1495632753060553348,10,3,91,1495632753.06
1495632753110546577,10,5,92,1495632753.11
1495632753110594489,10,3,92,1495632753.11
1495632753160822523,10,5,93,1495632753.16
1495632753161016752,10,3,93,1495632753.16
1495632753211230330,10,5,93,1495632753.21
1495632753211366939,10,3,93,1495632753.21
1495632753263017501,10,5,93,1495632753.26
1495632753263065831,10,3,93,1495632753.26
1495632753311304228,10,5,93,1495632753.31
1495632753311355213,10,3,93,1495632753.31
1495632753360457757,10,5,92,1495632753.36
1495632753360905720,10,3,92,1495632753.36
1495632753410661974,10,5,93,1495632753.41
1495632753410709745,10,3,93,1495632753.41
1495632753460315076,10,5,93,1495632753.46
1495632753460807317,10,3,93,1495632753.46
1495632753511529481,10,5,94,1495632753.51
1495632753511975976,10,3,94,1495632753.51
1495632753562738297,10,5,94,1495632753.56
1495632753562789001,10,3,94,1495632753.56
1495632753612992873,10,5,94,1495632753.61
1495632753613060200,10,3,94,1495632753.61
1495632753663330000,10,5,94,1495632753.66
1495632753663546578,10,3,94,1495632753.66
1495632753710327385,10,5,95,1495632753.71
1495632753710381861,10,3,95,1495632753.71
1495632753763281048,10,5,95,1495632753.76
1495632753763328959,10,3,95,1495632753.76
1495632753812772887,10,5,95,1495632753.81
1495632753813268271,10,3,95,1495632753.81
1495632753860274106,10,5,95,1495632753.86
1495632753860324880,10,3,95,1495632753.86
1495632753910457165,10,5,96,1495632753.91
1495632753910509266,10,3,96,1495632753.91
1495632753960452766,10,5,96,1495632753.96
1495632753960503401,10,3,96,1495632753.96
1495632754010556485,10,5,96,1495632754.01
1495632754011111234,10,3,96,1495632754.01
1495632754060461505,10,5,97,1495632754.06
1495632754060684089,10,3,97,1495632754.06
1495632754113107305,10,5,97,1495632754.11
1495632754113607230,10,3,97,1495632754.11
1495632754160449289,10,5,97,1495632754.16
1495632754160497689,10,3,97,1495632754.16
1495632754210548466,10,5,97,1495632754.21
1495632754210898371,10,3,97,1495632754.21
1495632754260548330,10,5,97,1495632754.26
1495632754260776013,10,3,97,1495632754.26
1495632754310501610,10,5,97,1495632754.31
1495632754310554550,10,3,97,1495632754.31
1495632754360457055,10,5,95,1495632754.36
1495632754360688160,10,3,95,1495632754.36
1495632754410520822,10,5,95,1495632754.41
1495632754410989318,10,3,95,1495632754.41
1495632754460470820,10,5,95,1495632754.46
1495632754460518592,10,3,95,1495632754.46
1495632754510488283,10,5,94,1495632754.51
1495632754510984226,10,3,94,1495632754.51
1495632754560412999,10,5,94,1495632754.56
1495632754560941907,10,3,94,1495632754.56
1495632754612047848,10,5,94,1495632754.61
1495632754612103721,10,3,94,1495632754.61
1495632754660561766,10,5,94,1495632754.66
1495632754660793919,10,3,94,1495632754.66
1495632754710627491,10,5,94,1495632754.71
1495632754710675123,10,3,94,1495632754.71
1495632754760472447,10,5,94,1495632754.76
1495632754760676662,10,3,94,1495632754.76
1495632754810716127,10,5,94,1495632754.81
1495632754810770115,10,3,94,1495632754.81
1495632754860268588,10,5,93,1495632754.86
1495632754860320689,10,3,93,1495632754.86
1495632754910863429,10,5,93,1495632754.91
1495632754910911549,10,3,93,1495632754.91
1495632754961489209,10,5,94,1495632754.96
1495632754961538308,10,3,94,1495632754.96
1495632755013297614,10,5,94,1495632755.01
1495632755013850617,10,3,94,1495632755.01
1495632755060458152,10,5,95,1495632755.06
1495632755060687021,10,3,95,1495632755.06
1495632755110436085,10,5,95,1495632755.11
1495632755110487139,10,3,95,1495632755.11
1495632755160458927,10,5,96,1495632755.16
1495632755160681092,10,3,96,1495632755.16
1495632755210528072,10,5,96,1495632755.21
1495632755210576961,10,3,96,1495632755.21
1495632755260501189,10,5,96,1495632755.26
1495632755260723842,10,3,96,1495632755.26
1495632755310531783,10,5,96,1495632755.31
1495632755310766240,10,3,96,1495632755.31
1495632755360456287,10,5,96,1495632755.36
1495632755360503639,10,3,96,1495632755.36
1495632755410547505,10,5,96,1495632755.41
1495632755411003778,10,3,96,1495632755.41
1495632755460620630,10,5,97,1495632755.46
1495632755460861442,10,3,97,1495632755.46
1495632755514068837,10,5,97,1495632755.51
1495632755515888342,10,3,97,1495632755.51
1495632755560477674,10,5,97,1495632755.56
1495632755560934925,10,3,97,1495632755.56
1495632755610922496,10,5,97,1495632755.61
1495632755611155417,10,3,97,1495632755.61
1495632755660497936,10,5,97,1495632755.66
1495632755660549549,10,3,97,1495632755.66
1495632755711990166,10,5,97,1495632755.71
1495632755712041709,10,3,97,1495632755.71
1495632755760476289,10,5,98,1495632755.76
1495632755760919571,10,3,98,1495632755.76
1495632755810764740,10,5,98,1495632755.81
1495632755810822359,10,3,98,1495632755.81
1495632755862703606,10,5,98,1495632755.86
1495632755862969771,10,3,98,1495632755.86
1495632755911961615,10,5,98,1495632755.91
1495632755912018256,10,3,98,1495632755.91
1495632755960454376,10,5,98,1495632755.96
1495632755960505360,10,3,98,1495632755.96
1495632756010731927,10,5,98,1495632756.01
1495632756011210270,10,3,98,1495632756.01
1495632756060441323,10,5,98,1495632756.06
1495632756060491190,10,3,98,1495632756.06
1495632756110747860,10,5,98,1495632756.11
1495632756110795631,10,3,98,1495632756.11
1495632756160520110,10,5,98,1495632756.16
1495632756160781736,10,3,98,1495632756.16
1495632756210457256,10,5,99,1495632756.21
1495632756210669224,10,3,99,1495632756.21
1495632756261448308,10,5,99,1495632756.26
1495632756261900740,10,3,99,1495632756.26
1495632756311364362,10,5,98,1495632756.31
1495632756311657835,10,3,98,1495632756.31
1495632756361384202,10,5,96,1495632756.36
1495632756361439377,10,3,96,1495632756.36
1495632756413757621,10,5,96,1495632756.41
1495632756413810630,10,3,96,1495632756.41
1495632756461430372,10,5,93,1495632756.46
1495632756463498373,10,3,93,1495632756.46
1495632756511314789,10,5,93,1495632756.51
1495632756511525989,10,3,93,1495632756.51
1495632756561363959,10,5,92,1495632756.56
1495632756563742755,10,3,92,1495632756.56
1495632756611672523,10,5,92,1495632756.61
1495632756611955800,10,3,92,1495632756.61
1495632756663161472,10,5,90,1495632756.66
1495632756663424424,10,3,90,1495632756.66
1495632756712729856,10,5,90,1495632756.71
1495632756712985405,10,3,90,1495632756.71
1495632756760473357,10,5,89,1495632756.76
1495632756760524062,10,3,89,1495632756.76
1495632756812837350,10,5,89,1495632756.81
1495632756812887007,10,3,89,1495632756.81
1495632756863494350,10,5,89,1495632756.86
1495632756863954465,10,3,89,1495632756.86
1495632756911502061,10,5,89,1495632756.91
1495632756911732258,10,3,89,1495632756.91
1495632756961492424,10,5,90,1495632756.96
1495632756961542011,10,3,90,1495632756.96
1495632757013685096,10,5,90,1495632757.01
1495632757013904677,10,3,90,1495632757.01
1495632757060459549,10,5,91,1495632757.06
1495632757060512559,10,3,91,1495632757.06
1495632757110695824,10,5,91,1495632757.11
1495632757110748135,10,3,91,1495632757.11
1495632757160466050,10,5,92,1495632757.16
1495632757160512844,10,3,92,1495632757.16
1495632757210537920,10,5,92,1495632757.21
1495632757210778174,10,3,92,1495632757.21
1495632757263377043,10,5,95,1495632757.26
1495632757263610452,10,3,95,1495632757.26
1495632757311421560,10,5,95,1495632757.31
1495632757313038037,10,3,95,1495632757.31
1495632757360651352,10,5,95,1495632757.36
1495632757360700241,10,3,95,1495632757.36
1495632757404494149,10,5,0,0.0
1495632757404784409,10,3,0,0.0
1495632757406906675,10,5,0,0.0
1495632757408123590,10,3,0,0.0
1495632757412767129,10,5,96,1495632757.41
1495632757412822024,10,3,96,1495632757.41
1495632757420911463,10,5,0,0.0
1495632757421918923,10,3,0,0.0
1495632757421965507,10,5,0,0.0
1495632757421985551,10,3,0,0.0
1495632757444338111,10,5,0,0.0
1495632757447847986,10,3,0,0.0
1495632757451073818,10,5,0,0.0
1495632757455896917,10,3,0,0.0
1495632757460414877,10,5,96,1495632757.46
1495632757460464045,10,3,96,1495632757.46
1495632757469290800,10,5,0,0.0
1495632757475626030,10,3,0,0.0
1495632757481055912,10,5,0,0.0
1495632757483581653,10,3,0,0.0
1495632757493123155,10,5,0,0.0
1495632757493176654,10,3,0,0.0
1495632757498437731,10,5,0,0.0
1495632757503361054,10,3,0,0.0
1495632757506235650,10,5,0,0.0
1495632757508201611,10,3,0,0.0
1495632757510426824,10,5,96,1495632757.51
1495632757510879116,10,3,96,1495632757.51
1495632757533701992,10,5,0,0.0
1495632757533914798,10,3,0,0.0
1495632757535413035,10,5,0,0.0
1495632757540468914,10,3,0,0.0
1495632757545279160,10,5,0,0.0
1495632757550927367,10,3,0,0.0
1495632757555090606,10,5,0,0.0
1495632757560654440,10,5,96,1495632757.56
1495632757560706681,10,3,96,1495632757.56
1495632757566409294,10,3,0,0.0
1495632757575002772,10,5,0,0.0
1495632757578817364,10,3,0,0.0
1495632757584131451,10,5,0,0.0
1495632757587494028,10,3,0,0.0
1495632757592415880,10,5,0,0.0
1495632757596245139,10,3,0,0.0
1495632757601581645,10,5,80,0.0
1495632757606488481,10,3,80,0.0
1495632757610728825,10,5,96,1495632757.61
1495632757610778622,10,3,96,1495632757.61
1495632757614520370,10,5,80,0.0
1495632757626557792,10,3,80,0.0
1495632757630377135,10,5,80,0.0
1495632757632371455,10,3,80,0.0
1495632757643951974,10,5,80,0.0
1495632757647983214,10,3,80,0.0
1495632757651873096,10,5,80,0.0
1495632757655778339,10,3,80,0.0
1495632757660651582,10,5,97,1495632757.66
1495632757660872490,10,3,97,1495632757.66
1495632757668122718,10,5,0,0.0
1495632757675441592,10,3,0,0.0
1495632757679276926,10,5,0,0.0
1495632757682602630,10,3,0,0.0
1495632757686339769,10,5,0,0.0
1495632757689738522,10,3,0,0.0
1495632757694755641,10,5,0,0.0
1495632757699046063,10,3,0,0.0
1495632757705997922,10,5,0,0.0
1495632757710730926,10,5,98,1495632757.71
1495632757711188177,10,3,98,1495632757.71
1495632757715198187,10,3,0,0.0
1495632757720873210,10,5,0,0.0
1495632757728883514,10,3,0,0.0
1495632757737379920,10,5,0,0.0
1495632757741871199,10,3,0,0.0
1495632757746708895,10,5,0,0.0
1495632757751248582,10,3,0,0.0
1495632757755190424,10,5,0,0.0
1495632757758597907,10,3,0,0.0
1495632757760463088,10,5,99,1495632757.76
1495632757760511907,10,3,99,1495632757.76
1495632757769084440,10,5,0,0.0
1495632757776484260,10,3,0,0.0
1495632757781263640,10,5,0,0.0
1495632757785312621,10,3,0,0.0
1495632757789474319,10,5,0,0.0
1495632757794132243,10,3,0,0.0
1495632757798537556,10,5,0,0.0
1495632757802383927,10,3,0,0.0
1495632757811033766,10,5,99,1495632757.81
1495632757811081956,10,3,99,1495632757.81
1495632757863570545,10,5,100,1495632757.86
1495632757863799485,10,3,100,1495632757.86
1495632757911472165,10,5,100,1495632757.91
1495632757911524546,10,3,100,1495632757.91
1495632757960441381,10,5,100,1495632757.96
1495632757960491527,10,3,100,1495632757.96
1495632758011118217,10,5,101,1495632758.01
1495632758011170249,10,3,101,1495632758.01
1495632758063190482,10,5,100,1495632758.06
1495632758063250126,10,3,100,1495632758.06
1495632758111810561,10,5,101,1495632758.11
1495632758112038663,10,3,101,1495632758.11
1495632758160460603,10,5,99,1495632758.16
1495632758162871872,10,3,99,1495632758.16
1495632758210483653,10,5,100,1495632758.21
1495632758213131195,10,3,100,1495632758.21
1495632758260319252,10,5,99,1495632758.26
1495632758260528916,10,3,99,1495632758.26
1495632758311151624,10,5,99,1495632758.31
1495632758312363090,10,3,99,1495632758.31
1495632758361506210,10,5,99,1495632758.36
1495632758361556775,10,3,99,1495632758.36
1495632758411778806,10,5,99,1495632758.41
1495632758413234785,10,3,99,1495632758.41
1495632758461316458,10,5,98,1495632758.46
1495632758463247918,10,3,98,1495632758.46
1495632758513316158,10,5,98,1495632758.51
1495632758513548031,10,3,98,1495632758.51
1495632758561278404,10,5,96,1495632758.56
1495632758561331134,10,3,96,1495632758.56
1495632758613163492,10,5,96,1495632758.61
1495632758613435593,10,3,96,1495632758.61
1495632758663176348,10,5,94,1495632758.66
1495632758663434062,10,3,94,1495632758.66
1495632758711366763,10,5,94,1495632758.71
1495632758713521365,10,3,94,1495632758.71
1495632758761303703,10,5,91,1495632758.76
1495632758763364298,10,3,91,1495632758.76
1495632758813149400,10,5,91,1495632758.81
1495632758813439800,10,3,91,1495632758.81
1495632758863117346,10,5,88,1495632758.86
1495632758863354317,10,3,88,1495632758.86
1495632758913105688,10,5,88,1495632758.91
1495632758913513840,10,3,88,1495632758.91
1495632758962620572,10,5,85,1495632758.96
1495632758962672814,10,3,85,1495632758.96
1495632759013453081,10,5,85,1495632759.01
1495632759013507697,10,3,85,1495632759.01
1495632759063428294,10,5,83,1495632759.06
1495632759063629436,10,3,83,1495632759.06
1495632759111580926,10,5,83,1495632759.11
1495632759111629536,10,3,83,1495632759.11
1495632759160461653,10,5,80,1495632759.16
1495632759160513406,10,3,80,1495632759.16
1495632759212289473,10,5,80,1495632759.21
1495632759212787442,10,3,80,1495632759.21
1495632759261059782,10,5,77,1495632759.26
1495632759261111953,10,3,77,1495632759.26
1495632759311422819,10,5,76,1495632759.31
1495632759313673176,10,3,76,1495632759.31
1495632759360483040,10,5,74,1495632759.36
1495632759360961313,10,3,74,1495632759.36
1495632759410497847,10,5,73,1495632759.41
1495632759410553022,10,3,73,1495632759.41
1495632759460302714,10,5,71,1495632759.46
1495632759460350834,10,3,71,1495632759.46
1495632759510520134,10,5,71,1495632759.51
1495632759510572515,10,3,71,1495632759.51
1495632759560458396,10,5,-92,1495632759.56
1495632759560641869,10,3,-92,1495632759.56
1495632759610765564,10,5,-93,1495632759.61
1495632759610825208,10,3,-93,1495632759.61
1495632759663061948,10,5,-93,1495632759.66
1495632759663570952,10,3,-93,1495632759.66
1495632759711246426,10,5,-94,1495632759.71
1495632759715211807,10,3,-94,1495632759.71
1495632759760474055,10,5,-92,1495632759.76
1495632759760930608,10,3,-92,1495632759.76
1495632759810722765,10,5,-93,1495632759.81
1495632759810786600,10,3,-93,1495632759.81
1495632759863160858,10,5,70,1495632759.86
1495632759863279169,10,3,70,1495632759.86
1495632759910638473,10,5,70,1495632759.91
1495632759910687572,10,3,70,1495632759.91
1495632759960433351,10,5,72,1495632759.96
1495632759960482030,10,3,72,1495632759.96
1495632760012506245,10,5,71,1495632760.01
1495632760015003421,10,3,71,1495632760.01
1495632760063286307,10,5,73,1495632760.06
1495632760063843710,10,3,73,1495632760.06
1495632760111379152,10,5,72,1495632760.11
1495632760114190405,10,3,72,1495632760.11
1495632760160460254,10,5,73,1495632760.16
1495632760160510819,10,3,73,1495632760.16
1495632760210439723,10,5,73,1495632760.21
1495632760210491336,10,3,73,1495632760.21
1495632760260467524,10,5,73,1495632760.26
1495632760260522070,10,3,73,1495632760.26
1495632760310494766,10,5,72,1495632760.31
1495632760310736137,10,3,72,1495632760.31
1495632760361284675,10,5,71,1495632760.36
1495632760363336404,10,3,71,1495632760.36
1495632760413316710,10,5,71,1495632760.41
1495632760413374818,10,3,71,1495632760.41
1495632760461833635,10,5,-92,1495632760.46
1495632760461886365,10,3,-92,1495632760.46
1495632760510806411,10,5,-92,1495632760.51
1495632760510858931,10,3,-92,1495632760.51
1495632760563457521,10,5,-92,1495632760.56
1495632760563665648,10,3,-92,1495632760.56
1495632760610645854,10,5,-93,1495632760.61
1495632760613417716,10,3,-93,1495632760.61
1495632760661031239,10,5,70,1495632760.66
1495632760661490306,10,3,70,1495632760.66
1495632760710511485,10,5,70,1495632760.71
1495632760713460605,10,3,70,1495632760.71
1495632760760429634,10,5,72,1495632760.76
1495632760760484320,10,3,72,1495632760.76
1495632760810539778,10,5,72,1495632760.81
1495632760810776051,10,3,72,1495632760.81
1495632760861096975,10,5,75,1495632760.86
1495632760861147820,10,3,75,1495632760.86
1495632760911484457,10,5,75,1495632760.91
1495632760913801931,10,3,75,1495632760.91
1495632760960294365,10,5,78,1495632760.96
1495632760960776270,10,3,78,1495632760.96
1495632761013702903,10,5,78,1495632761.01
1495632761013752979,10,3,78,1495632761.01
1495632761062685669,10,5,79,1495632761.06
1495632761062732533,10,3,79,1495632761.06
1495632761112800631,10,5,80,1495632761.11
1495632761112851615,10,3,80,1495632761.11
1495632761161506406,10,5,82,1495632761.16
1495632761161557250,10,3,82,1495632761.16
1495632761213515462,10,5,83,1495632761.21
1495632761213567494,10,3,83,1495632761.21
1495632761262593562,10,5,88,1495632761.26
1495632761262797429,10,3,88,1495632761.26
1495632761310514532,10,5,90,1495632761.31
1495632761310566494,10,3,90,1495632761.31
1495632761360416128,10,5,92,1495632761.36
1495632761360464389,10,3,92,1495632761.36
1495632761410834902,10,5,92,1495632761.41
1495632761410897899,10,3,92,1495632761.41
1495632761460921785,10,5,97,1495632761.46
1495632761460971652,10,3,97,1495632761.46
1495632761511533112,10,5,98,1495632761.51
1495632761511586680,10,3,98,1495632761.51
1495632761560474252,10,5,102,1495632761.56
1495632761560924868,10,3,102,1495632761.56
1495632761610252021,10,5,103,1495632761.61
1495632761611661626,10,3,103,1495632761.61
1495632761662402365,10,5,108,1495632761.66
1495632761662648974,10,3,108,1495632761.66
1495632761710461272,10,5,109,1495632761.71
1495632761710688047,10,3,109,1495632761.71
1495632761760900574,10,5,113,1495632761.76
1495632761760949603,10,3,113,1495632761.76
1495632761812482485,10,5,114,1495632761.81
1495632761812554980,10,3,114,1495632761.81
1495632761863505174,10,5,118,1495632761.86
1495632761863551758,10,3,118,1495632761.86
1495632761911562822,10,5,120,1495632761.91
1495632761911615622,10,3,120,1495632761.91
1495632761962753550,10,5,123,1495632761.96
1495632761962806490,10,3,123,1495632761.96
1495632762012619735,10,5,124,1495632762.01
1495632762013344827,10,3,124,1495632762.01
1495632762062729532,10,5,127,1495632762.06
1495632762062781494,10,3,127,1495632762.06
1495632762113345256,10,5,129,1495632762.11
1495632762113831700,10,3,129,1495632762.11
1495632762161487343,10,5,131,1495632762.16
1495632762161535463,10,3,131,1495632762.16
1495632762213606890,10,5,132,1495632762.21
1495632762213658782,10,3,132,1495632762.21
1495632762261510817,10,5,134,1495632762.26
1495632762261559007,10,3,134,1495632762.26
1495632762310991409,10,5,132,1495632762.31
1495632762311390203,10,3,132,1495632762.31
1495632762360477173,10,5,132,1495632762.36
1495632762360682018,10,3,132,1495632762.36
1495632762410500990,10,5,133,1495632762.41
1495632762410964946,10,3,133,1495632762.41
1495632762460471869,10,5,132,1495632762.46
1495632762460939597,10,3,132,1495632762.46
1495632762510539061,10,5,133,1495632762.51
1495632762510587322,10,3,133,1495632762.51
1495632762563254633,10,5,133,1495632762.56
1495632762563313299,10,3,133,1495632762.56
1495632762611239437,10,5,134,1495632762.61
1495632762611289024,10,3,134,1495632762.61
1495632762661292871,10,5,135,1495632762.66
1495632762663340965,10,3,135,1495632762.66
1495632762710522103,10,5,137,1495632762.71
1495632762710992414,10,3,137,1495632762.71
1495632762760472379,10,5,136,1495632762.76
1495632762760524830,10,3,136,1495632762.76
1495632762810498993,10,5,137,1495632762.81
1495632762810973635,10,3,137,1495632762.81
1495632762860477414,10,5,138,1495632762.86
1495632762860950240,10,3,138,1495632762.86
1495632762910480213,10,5,139,1495632762.91
1495632762911020575,10,3,139,1495632762.91
1495632762960468411,10,5,141,1495632762.96
1495632762960517719,10,3,141,1495632762.96
1495632763010569894,10,5,142,1495632763.01
1495632763010619133,10,3,142,1495632763.01
1495632763060347733,10,5,141,1495632763.06
1495632763060815600,10,3,141,1495632763.06
1495632763110930072,10,5,142,1495632763.11
1495632763110982593,10,3,142,1495632763.11
1495632763160627384,10,5,141,1495632763.16
1495632763161086940,10,3,141,1495632763.16
1495632763210549374,10,5,142,1495632763.21
1495632763211034771,10,3,142,1495632763.21
1495632763260461029,10,5,135,1495632763.26
1495632763260939232,10,3,135,1495632763.26
1495632763310519280,10,5,129,1495632763.31
1495632763310567750,10,3,129,1495632763.31
1495632763360483104,10,5,122,1495632763.36
1495632763360963403,10,3,122,1495632763.36
1495632763410700804,10,5,122,1495632763.41
1495632763410759470,10,3,122,1495632763.41
1495632763460481786,10,5,117,1495632763.46
1495632763460688865,10,3,117,1495632763.46
1495632763510477109,10,5,117,1495632763.51
1495632763512885656,10,3,117,1495632763.51
1495632763563189051,10,5,110,1495632763.56
1495632763563246111,10,3,110,1495632763.56
1495632763611521803,10,5,109,1495632763.61
1495632763611725251,10,3,109,1495632763.61
1495632763663393482,10,5,101,1495632763.66
1495632763663534632,10,3,101,1495632763.66
1495632763711411879,10,5,101,1495632763.71
1495632763711467263,10,3,101,1495632763.71
1495632763760499545,10,5,95,1495632763.76
1495632763760547456,10,3,95,1495632763.76
1495632763812874083,10,5,94,1495632763.81
1495632763813506357,10,3,94,1495632763.81
1495632763860902118,10,5,92,1495632763.86
1495632763861133013,10,3,92,1495632763.86
1495632763913314578,10,5,91,1495632763.91
1495632763913776299,10,3,91,1495632763.91
1495632763960341578,10,5,89,1495632763.96
1495632763960794638,10,3,89,1495632763.96
1495632764010239964,10,5,87,1495632764.01
1495632764010292275,10,3,87,1495632764.01
1495632764062157041,10,5,88,1495632764.06
1495632764064516000,10,3,88,1495632764.06
1495632764113359850,10,5,86,1495632764.11
1495632764113607158,10,3,86,1495632764.11
1495632764161673745,10,5,89,1495632764.16
1495632764162130367,10,3,89,1495632764.16
1495632764211280681,10,5,88,1495632764.21
1495632764211333342,10,3,88,1495632764.21
1495632764260510198,10,5,96,1495632764.26
1495632764260736135,10,3,96,1495632764.26
1495632764310513205,10,5,100,1495632764.31
1495632764310729643,10,3,100,1495632764.31
1495632764361593233,10,5,103,1495632764.36
1495632764362069480,10,3,103,1495632764.36
1495632764410480178,10,5,103,1495632764.41
1495632764410708000,10,3,103,1495632764.41
1495632764461528077,10,5,108,1495632764.46
1495632764462004115,10,3,108,1495632764.46
1495632764512714756,10,5,108,1495632764.51
1495632764512766787,10,3,108,1495632764.51
1495632764560452881,10,5,111,1495632764.56
1495632764560501630,10,3,111,1495632764.56
1495632764613486578,10,5,111,1495632764.61
1495632764613782286,10,3,111,1495632764.61
1495632764661273524,10,5,116,1495632764.66
1495632764661739575,10,3,116,1495632764.66
1495632764710485018,10,5,116,1495632764.71
1495632764710536491,10,3,116,1495632764.71
1495632764761283519,10,5,119,1495632764.76
1495632764761339532,10,3,119,1495632764.76
1495632764810552773,10,5,120,1495632764.81
1495632764810599566,10,3,120,1495632764.81
1495632764860451506,10,5,123,1495632764.86
1495632764860502769,10,3,123,1495632764.86
1495632764912619729,10,5,124,1495632764.91
1495632764912684611,10,3,124,1495632764.91
1495632764960314694,10,5,126,1495632764.96
1495632764960543354,10,3,126,1495632764.96
1495632765011135819,10,5,127,1495632765.01
1495632765013346503,10,3,127,1495632765.01
1495632765060444955,10,5,130,1495632765.06
1495632765060499501,10,3,130,1495632765.06
1495632765112932075,10,5,131,1495632765.11
1495632765113419846,10,3,131,1495632765.11
1495632765161456054,10,5,133,1495632765.16
1495632765161671095,10,3,133,1495632765.16
1495632765213697125,10,5,134,1495632765.21
1495632765214202146,10,3,134,1495632765.21
1495632765261554956,10,5,131,1495632765.26
1495632765262006969,10,3,131,1495632765.26
1495632765311565994,10,5,131,1495632765.31
1495632765311620121,10,3,131,1495632765.31
1495632765361356965,10,5,132,1495632765.36
1495632765361415980,10,3,132,1495632765.36
1495632765413289405,10,5,133,1495632765.41
1495632765413526586,10,3,133,1495632765.41
1495632765460312911,10,5,135,1495632765.46
1495632765460362358,10,3,135,1495632765.46
1495632765513689603,10,5,135,1495632765.51
1495632765513909253,10,3,135,1495632765.51
1495632765560448339,10,5,137,1495632765.56
1495632765560508263,10,3,137,1495632765.56
1495632765610429068,10,5,138,1495632765.61
1495632765610482357,10,3,138,1495632765.61
1495632765660461406,10,5,140,1495632765.66
1495632765660514485,10,3,140,1495632765.66
1495632765710495423,10,5,141,1495632765.71
1495632765710552484,10,3,141,1495632765.71
1495632765760463928,10,5,141,1495632765.76
1495632765760665002,10,3,141,1495632765.76
1495632765810742320,10,5,141,1495632765.81
1495632765810794981,10,3,141,1495632765.81
1495632765860447801,10,5,142,1495632765.86
1495632765860499065,10,3,142,1495632765.86
1495632765910456327,10,5,143,1495632765.91
1495632765912606533,10,3,143,1495632765.91
1495632765960560881,10,5,141,1495632765.96
1495632765961110951,10,3,141,1495632765.96
1495632766010516606,10,5,142,1495632766.01
1495632766010575552,10,3,142,1495632766.01
1495632766060974838,10,5,141,1495632766.06
1495632766061025194,10,3,141,1495632766.06
1495632766113143204,10,5,141,1495632766.11
1495632766113676303,10,3,141,1495632766.11
1495632766161681569,10,5,139,1495632766.16
1495632766161735627,10,3,139,1495632766.16
1495632766211288365,10,5,139,1495632766.21
1495632766211339628,10,3,139,1495632766.21
1495632766261916521,10,5,135,1495632766.26
1495632766262668852,10,3,135,1495632766.26
1495632766313153764,10,5,129,1495632766.31
1495632766313669054,10,3,129,1495632766.31
1495632766362787169,10,5,128,1495632766.36
1495632766362836617,10,3,128,1495632766.36
1495632766414126451,10,5,123,1495632766.41
1495632766414327105,10,3,123,1495632766.41
1495632766463846808,10,5,120,1495632766.46
1495632766463896885,10,3,120,1495632766.46
1495632766511572291,10,5,120,1495632766.51
1495632766511635428,10,3,120,1495632766.51
1495632766561749482,10,5,115,1495632766.56
1495632766561985476,10,3,115,1495632766.56
1495632766611740684,10,5,115,1495632766.61
1495632766612877840,10,3,115,1495632766.61
1495632766662021240,10,5,114,1495632766.66
1495632766662077253,10,3,114,1495632766.66
1495632766710494305,10,5,112,1495632766.71
1495632766710552413,10,3,112,1495632766.71
1495632766760697545,10,5,111,1495632766.76
1495632766761163526,10,3,111,1495632766.76
1495632766810459601,10,5,108,1495632766.81
1495632766810509048,10,3,108,1495632766.81
1495632766860412391,10,5,107,1495632766.86
1495632766860461909,10,3,107,1495632766.86
1495632766910498369,10,5,105,1495632766.91
1495632766910962045,10,3,105,1495632766.91
1495632766962438004,10,5,104,1495632766.96
1495632766962496741,10,3,104,1495632766.96
1495632767010520656,10,5,102,1495632767.01
1495632767010740027,10,3,102,1495632767.01
1495632767060466114,10,5,101,1495632767.06
1495632767060925599,10,3,101,1495632767.06
1495632767110566688,10,5,100,1495632767.11
1495632767111765025,10,3,100,1495632767.11
1495632767161791847,10,5,99,1495632767.16
1495632767161847231,10,3,99,1495632767.16
1495632767210436929,10,5,97,1495632767.21
1495632767210485189,10,3,97,1495632767.21
1495632767260862058,10,5,96,1495632767.26
1495632767260908014,10,3,96,1495632767.26
1495632767311373370,10,5,98,1495632767.31
1495632767311423865,10,3,98,1495632767.31
1495632767361287188,10,5,97,1495632767.36
1495632767361536312,10,3,97,1495632767.36
1495632767410545131,10,5,96,1495632767.41
1495632767411059162,10,3,96,1495632767.41
1495632767460429824,10,5,95,1495632767.46
1495632767460488072,10,3,95,1495632767.46
1495632767510491221,10,5,96,1495632767.51
1495632767511017684,10,3,96,1495632767.51
1495632767561670214,10,5,96,1495632767.56
1495632767561736144,10,3,96,1495632767.56
1495632767611518731,10,5,96,1495632767.61
1495632767612754222,10,3,96,1495632767.61
1495632767660410006,10,5,95,1495632767.66
1495632767660460921,10,3,95,1495632767.66
1495632767710585659,10,5,97,1495632767.71
1495632767711825900,10,3,97,1495632767.71
1495632767761344625,10,5,97,1495632767.76
1495632767761408460,10,3,97,1495632767.76
1495632767810597121,10,5,98,1495632767.81
1495632767810646569,10,3,98,1495632767.81
1495632767861431238,10,5,98,1495632767.86
1495632767861721498,10,3,98,1495632767.86
1495632767910595311,10,5,100,1495632767.91
1495632767910642524,10,3,100,1495632767.91
1495632767960999279,10,5,100,1495632767.96
1495632767961264326,10,3,100,1495632767.96
1495632768011520644,10,5,102,1495632768.01
1495632768011568695,10,3,102,1495632768.01
1495632768063661913,10,5,101,1495632768.06
1495632768063896649,10,3,101,1495632768.06
1495632768111582254,10,5,104,1495632768.11
1495632768113607021,10,3,104,1495632768.11
1495632768161414079,10,5,104,1495632768.16
1495632768161630657,10,3,104,1495632768.16
1495632768211439784,10,5,106,1495632768.21
1495632768211488324,10,3,106,1495632768.21
1495632768264423614,10,5,107,1495632768.26
1495632768264474598,10,3,107,1495632768.26
1495632768310544634,10,5,112,1495632768.31
1495632768311332165,10,3,112,1495632768.31
1495632768360439669,10,5,112,1495632768.36
1495632768360492050,10,3,112,1495632768.36
1495632768410543244,10,5,116,1495632768.41
1495632768410802914,10,3,116,1495632768.41
1495632768460545482,10,5,116,1495632768.46
1495632768460763946,10,3,116,1495632768.46
1495632768512721044,10,5,121,1495632768.51
1495632768512770841,10,3,121,1495632768.51
1495632768562913738,10,5,121,1495632768.56
1495632768563372526,10,3,121,1495632768.56
1495632768610802230,10,5,125,1495632768.61
1495632768611344828,10,3,125,1495632768.61
1495632768660510365,10,5,125,1495632768.66
1495632768660567006,10,3,125,1495632768.66
1495632768710779957,10,5,130,1495632768.71
1495632768710831779,10,3,130,1495632768.71
1495632768761474113,10,5,130,1495632768.76
1495632768761524399,10,3,130,1495632768.76
1495632768811282683,10,5,133,1495632768.81
1495632768811341629,10,3,133,1495632768.81
1495632768862156051,10,5,134,1495632768.86
1495632768862206057,10,3,134,1495632768.86
1495632768912816476,10,5,138,1495632768.91
1495632768912882616,10,3,138,1495632768.91
1495632768961783034,10,5,139,1495632768.96
1495632768962645226,10,3,139,1495632768.96
1495632769010292066,10,5,141,1495632769.01
1495632769010340256,10,3,141,1495632769.01
1495632769062772973,10,5,142,1495632769.06
1495632769062821443,10,3,142,1495632769.06
1495632769113565046,10,5,144,1495632769.11
1495632769113640125,10,3,144,1495632769.11
1495632769161664458,10,5,145,1495632769.16
1495632769161720890,10,3,145,1495632769.16
1495632769214332958,10,5,145,1495632769.21
1495632769214385548,10,3,145,1495632769.21
1495632769260563277,10,5,143,1495632769.26
1495632769260814915,10,3,143,1495632769.26
1495632769311762945,10,5,139,1495632769.31
1495632769311833554,10,3,139,1495632769.31
1495632769360525358,10,5,139,1495632769.36
1495632769360777835,10,3,139,1495632769.36
1495632769411666779,10,5,135,1495632769.41
1495632769411732290,10,3,135,1495632769.41
1495632769460424445,10,5,135,1495632769.46
1495632769460474172,10,3,135,1495632769.46
1495632769511695701,10,5,133,1495632769.51
1495632769511765333,10,3,133,1495632769.51
1495632769560600243,10,5,134,1495632769.56
1495632769561412917,10,3,134,1495632769.56
1495632769610626717,10,5,130,1495632769.61
1495632769610887016,10,3,130,1495632769.61
1495632769660533411,10,5,130,1495632769.66
1495632769660793500,10,3,130,1495632769.66
1495632769710613942,10,5,128,1495632769.71
1495632769710888139,10,3,128,1495632769.71
1495632769760571831,10,5,128,1495632769.76
1495632769760828707,10,3,128,1495632769.76
1495632769810461905,10,5,125,1495632769.81
1495632769810716198,10,3,125,1495632769.81
1495632769860434321,10,5,125,1495632769.86
1495632769860654810,10,3,125,1495632769.86
1495632769910524699,10,5,124,1495632769.91
1495632769910576102,10,3,124,1495632769.91
1495632769960444175,10,5,124,1495632769.96
1495632769960676467,10,3,124,1495632769.96
1495632770011187989,10,5,122,1495632770.01
1495632770011393462,10,3,122,1495632770.01
1495632770061678279,10,5,122,1495632770.06
1495632770061741346,10,3,122,1495632770.06
1495632770113109050,10,5,122,1495632770.11
1495632770113333590,10,3,122,1495632770.11
1495632770162987599,10,5,122,1495632770.16
1495632770163117574,10,3,122,1495632770.16
1495632770212853227,10,5,120,1495632770.21
1495632770212914269,10,3,120,1495632770.21
1495632770262297645,10,5,121,1495632770.26
1495632770262350236,10,3,121,1495632770.26
1495632770310486037,10,5,123,1495632770.31
1495632770310535135,10,3,123,1495632770.31
1495632770361889709,10,5,123,1495632770.36
1495632770362384465,10,3,123,1495632770.36
1495632770410400280,10,5,122,1495632770.41
1495632770410450915,10,3,122,1495632770.41
1495632770460552884,10,5,122,1495632770.46
1495632770460610643,10,3,122,1495632770.46
1495632770513319092,10,5,122,1495632770.51
1495632770513420222,10,3,122,1495632770.51
1495632770563108385,10,5,122,1495632770.56
1495632770563254214,10,3,122,1495632770.56
1495632770612191023,10,5,122,1495632770.61
1495632770612726705,10,3,122,1495632770.61
1495632770662852355,10,5,122,1495632770.66
1495632770663166151,10,3,122,1495632770.66
1495632770710529856,10,5,122,1495632770.71
1495632770711006383,10,3,122,1495632770.71
1495632770760568899,10,5,122,1495632770.76
1495632770761038022,10,3,122,1495632770.76
1495632770810517921,10,5,122,1495632770.81
1495632770810755172,10,3,122,1495632770.81
1495632770861825981,10,5,122,1495632770.86
1495632770861882273,10,3,122,1495632770.86
1495632770910487127,10,5,123,1495632770.91
1495632770910951432,10,3,123,1495632770.91
1495632770960373640,10,5,123,1495632770.96
1495632770960419945,10,3,123,1495632770.96
1495632771010484411,10,5,122,1495632771.01
1495632771010947248,10,3,122,1495632771.01
1495632771060700435,10,5,122,1495632771.06
1495632771060757286,10,3,122,1495632771.06
1495632771113109123,10,5,123,1495632771.11
1495632771113266335,10,3,123,1495632771.11
1495632771162813977,10,5,123,1495632771.16
1495632771162882002,10,3,123,1495632771.16
1495632771211600768,10,5,122,1495632771.21
1495632771211656222,10,3,122,1495632771.21
1495632771262751965,10,5,120,1495632771.26
1495632771262782625,10,3,120,1495632771.26
1495632771311404102,10,5,118,1495632771.31
1495632771312550827,10,3,118,1495632771.31
1495632771362868189,10,5,118,1495632771.36
1495632771362968272,10,3,118,1495632771.36
1495632771411439169,10,5,114,1495632771.41
1495632771412604821,10,3,114,1495632771.41
1495632771462306182,10,5,114,1495632771.46
1495632771462409058,10,3,114,1495632771.46
1495632771510553030,10,5,114,1495632771.51
1495632771510599684,10,3,114,1495632771.51
1495632771560423965,10,5,113,1495632771.56
1495632771562571725,10,3,113,1495632771.56
1495632771610490389,10,5,111,1495632771.61
1495632771610720656,10,3,111,1495632771.61
1495632771660525660,10,5,111,1495632771.66
1495632771660727502,10,3,111,1495632771.66
1495632771710505481,10,5,111,1495632771.71
1495632771710971741,10,3,111,1495632771.71
1495632771760454221,10,5,110,1495632771.76
1495632771760652570,10,3,110,1495632771.76
1495632771812365503,10,5,109,1495632771.81
1495632771812504906,10,3,109,1495632771.81
1495632771860505351,10,5,109,1495632771.86
1495632771860554798,10,3,109,1495632771.86
1495632771912415587,10,5,109,1495632771.91
1495632771912655981,10,3,109,1495632771.91
1495632771960404646,10,5,108,1495632771.96
1495632771960452138,10,3,108,1495632771.96
1495632772010552015,10,5,107,1495632772.01
1495632772010605653,10,3,107,1495632772.01
1495632772062397576,10,5,106,1495632772.06
1495632772062664999,10,3,106,1495632772.06
1495632772111590701,10,5,106,1495632772.11
1495632772112110949,10,3,106,1495632772.11
1495632772162634206,10,5,106,1495632772.16
1495632772162698110,10,3,106,1495632772.16
1495632772211516117,10,5,105,1495632772.21
1495632772212071915,10,3,105,1495632772.21
1495632772261901226,10,5,105,1495632772.26
1495632772261959684,10,3,105,1495632772.26
1495632772310658684,10,5,106,1495632772.31
1495632772311129414,10,3,106,1495632772.31
1495632772360464038,10,5,106,1495632772.36
1495632772360510273,10,3,106,1495632772.36
1495632772410793763,10,5,105,1495632772.41
1495632772413402685,10,3,105,1495632772.41
1495632772460561264,10,5,104,1495632772.46
1495632772461047639,10,3,104,1495632772.46
1495632772510522577,10,5,105,1495632772.51
1495632772510988837,10,3,105,1495632772.51
1495632772560489126,10,5,105,1495632772.56
1495632772560542136,10,3,105,1495632772.56
1495632772610493808,10,5,104,1495632772.61
1495632772610958672,10,3,104,1495632772.61
1495632772660748662,10,5,104,1495632772.66
1495632772660809284,10,3,104,1495632772.66
1495632772711355657,10,5,105,1495632772.71
1495632772711412508,10,3,105,1495632772.71
1495632772760380326,10,5,104,1495632772.76
1495632772760433196,10,3,104,1495632772.76
1495632772810475105,10,5,107,1495632772.81
1495632772810710959,10,3,107,1495632772.81
1495632772862133351,10,5,106,1495632772.86
1495632772862372138,10,3,106,1495632772.86
1495632772911750553,10,5,109,1495632772.91
1495632772911805308,10,3,109,1495632772.91
1495632772961624702,10,5,109,1495632772.96
1495632772961894918,10,3,109,1495632772.96
1495632773011744274,10,5,111,1495632773.01
1495632773011807690,10,3,111,1495632773.01
1495632773061634977,10,5,111,1495632773.06
1495632773062489276,10,3,111,1495632773.06
1495632773110516752,10,5,114,1495632773.11
1495632773110565221,10,3,114,1495632773.11
1495632773160417651,10,5,114,1495632773.16
1495632773160640374,10,3,114,1495632773.16
1495632773210533100,10,5,115,1495632773.21
1495632773210733405,10,3,115,1495632773.21
1495632773262437886,10,5,118,1495632773.26
1495632773262677931,10,3,118,1495632773.26
1495632773310658964,10,5,121,1495632773.31
1495632773310710856,10,3,121,1495632773.31
1495632773361369112,10,5,122,1495632773.36
1495632773361428268,10,3,122,1495632773.36
1495632773410503226,10,5,121,1495632773.41
1495632773410551207,10,3,121,1495632773.41
1495632773461344814,10,5,122,1495632773.46
1495632773461408858,10,3,122,1495632773.46
1495632773510488567,10,5,124,1495632773.51
1495632773510711081,10,3,124,1495632773.51
1495632773560415795,10,5,124,1495632773.56
1495632773560645154,10,3,124,1495632773.56
1495632773610507710,10,5,124,1495632773.61
1495632773610557926,10,3,124,1495632773.61
1495632773662117555,10,5,125,1495632773.66
1495632773662225670,10,3,125,1495632773.66
1495632773710324663,10,5,127,1495632773.71
1495632773710378510,10,3,127,1495632773.71
1495632773763443359,10,5,127,1495632773.76
1495632773763693949,10,3,127,1495632773.76
1495632773811566868,10,5,127,1495632773.81
1495632773812041369,10,3,127,1495632773.81
1495632773861436687,10,5,128,1495632773.86
1495632773861487182,10,3,128,1495632773.86
1495632773910584766,10,5,128,1495632773.91
1495632773911851059,10,3,128,1495632773.91
1495632773960478961,10,5,129,1495632773.96
1495632773960979513,10,3,129,1495632773.96
1495632774011478323,10,5,128,1495632774.01
1495632774011527421,10,3,128,1495632774.01
1495632774061834378,10,5,128,1495632774.06
1495632774062662555,10,3,128,1495632774.06
1495632774110542737,10,5,129,1495632774.11
1495632774111001594,10,3,129,1495632774.11
1495632774160395653,10,5,129,1495632774.16
1495632774160447126,10,3,129,1495632774.16
1495632774211402768,10,5,128,1495632774.21
1495632774211890819,10,3,128,1495632774.21
1495632774260519629,10,5,127,1495632774.26
1495632774260568378,10,3,127,1495632774.26
1495632774310412006,10,5,122,1495632774.31
1495632774310463200,10,3,122,1495632774.31
1495632774361903472,10,5,122,1495632774.36
1495632774361955434,10,3,122,1495632774.36
1495632774411427645,10,5,117,1495632774.41
1495632774411940560,10,3,117,1495632774.41
1495632774460404892,10,5,117,1495632774.46
1495632774460456155,10,3,117,1495632774.46
1495632774510393931,10,5,115,1495632774.51
1495632774510898395,10,3,115,1495632774.51
1495632774561822817,10,5,114,1495632774.56
1495632774562771402,10,3,114,1495632774.56
1495632774611416765,10,5,111,1495632774.61
1495632774612016213,10,3,111,1495632774.61
1495632774660400365,10,5,110,1495632774.66
1495632774660448695,10,3,110,1495632774.66
1495632774710486064,10,5,109,1495632774.71
1495632774710537048,10,3,109,1495632774.71
1495632774760396322,10,5,109,1495632774.76
1495632774760447306,10,3,109,1495632774.76
1495632774810679670,10,5,106,1495632774.81
1495632774811304401,10,3,106,1495632774.81
1495632774860382779,10,5,106,1495632774.86
1495632774860432227,10,3,106,1495632774.86
1495632774911741265,10,5,105,1495632774.91
1495632774912902237,10,3,105,1495632774.91
1495632774961800215,10,5,105,1495632774.96
1495632774962889950,10,3,105,1495632774.96
1495632775012245178,10,5,103,1495632775.01
1495632775012303286,10,3,103,1495632775.01
1495632775060285295,10,5,102,1495632775.06
1495632775060493911,10,3,102,1495632775.06
1495632775111285076,10,5,102,1495632775.11
1495632775111335012,10,3,102,1495632775.11
1495632775163141044,10,5,102,1495632775.16
1495632775163200340,10,3,102,1495632775.16
1495632775211610473,10,5,101,1495632775.21
1495632775211660340,10,3,101,1495632775.21
1495632775260525912,10,5,102,1495632775.26
1495632775261335232,10,3,102,1495632775.26
1495632775311195414,10,5,103,1495632775.31
1495632775311243884,10,3,103,1495632775.31
1495632775360454679,10,5,104,1495632775.36
1495632775360502660,10,3,104,1495632775.36
1495632775410535769,10,5,103,1495632775.41
1495632775410769388,10,3,103,1495632775.41
1495632775460387779,10,5,103,1495632775.46
1495632775460435829,10,3,103,1495632775.46
1495632775510496386,10,5,104,1495632775.51
1495632775510741250,10,3,104,1495632775.51
1495632775560417329,10,5,104,1495632775.56
1495632775560469431,10,3,104,1495632775.56
1495632775610428297,10,5,104,1495632775.61
1495632775610477675,10,3,104,1495632775.61
1495632775660414192,10,5,104,1495632775.66
1495632775660464128,10,3,104,1495632775.66
1495632775710515676,10,5,105,1495632775.71
1495632775710746572,10,3,105,1495632775.71
1495632775760406449,10,5,105,1495632775.76
1495632775760458760,10,3,105,1495632775.76
1495632775810536496,10,5,106,1495632775.81
1495632775810712775,10,3,106,1495632775.81
1495632775860422938,10,5,106,1495632775.86
1495632775860653204,10,3,106,1495632775.86
1495632775910478254,10,5,107,1495632775.91
1495632775910534337,10,3,107,1495632775.91
1495632775960435308,10,5,107,1495632775.96
1495632775960675212,10,3,107,1495632775.96
1495632776010487064,10,5,108,1495632776.01
1495632776010690861,10,3,108,1495632776.01
1495632776060401092,10,5,108,1495632776.06
1495632776060605797,10,3,108,1495632776.06
1495632776110504672,10,5,110,1495632776.11
1495632776110724742,10,3,110,1495632776.11
1495632776160517244,10,5,110,1495632776.16
1495632776160723974,10,3,110,1495632776.16
1495632776210545606,10,5,111,1495632776.21
1495632776210593587,10,3,111,1495632776.21
1495632776260441544,10,5,110,1495632776.26
1495632776260490084,10,3,110,1495632776.26
1495632776310512786,10,5,111,1495632776.31
1495632776310561745,10,3,111,1495632776.31
1495632776361122573,10,5,111,1495632776.36
1495632776363443538,10,3,111,1495632776.36
1495632776410579842,10,5,110,1495632776.41
1495632776410632991,10,3,110,1495632776.41
1495632776461695347,10,5,110,1495632776.46
1495632776461922191,10,3,110,1495632776.46
1495632776512314007,10,5,110,1495632776.51
1495632776512376794,10,3,110,1495632776.51
1495632776560460214,10,5,110,1495632776.56
1495632776560670018,10,3,110,1495632776.56
1495632776610464827,10,5,110,1495632776.61
1495632776610513856,10,3,110,1495632776.61
1495632776662481079,10,5,110,1495632776.66
1495632776663012291,10,3,110,1495632776.66
1495632776712452445,10,5,110,1495632776.71
1495632776712516350,10,3,110,1495632776.71
1495632776761829747,10,5,110,1495632776.76
1495632776761887646,10,3,110,1495632776.76
1495632776811451071,10,5,110,1495632776.81
1495632776811508061,10,3,110,1495632776.81
1495632776860415817,10,5,110,1495632776.86
1495632776860876071,10,3,110,1495632776.86
1495632776911394367,10,5,111,1495632776.91
1495632776912627834,10,3,111,1495632776.91
1495632776961832554,10,5,111,1495632776.96
1495632776962688039,10,3,111,1495632776.96
1495632777012507924,10,5,111,1495632777.01
1495632777013009385,10,3,111,1495632777.01
1495632777060358562,10,5,111,1495632777.06
1495632777060411572,10,3,111,1495632777.06
1495632777111162995,10,5,113,1495632777.11
1495632777111672907,10,3,113,1495632777.11
1495632777163465805,10,5,113,1495632777.16
1495632777163615405,10,3,113,1495632777.16
1495632777211204279,10,5,113,1495632777.21
1495632777211255263,10,3,113,1495632777.21
1495632777261863794,10,5,114,1495632777.26
1495632777261918759,10,3,114,1495632777.26
1495632777311624452,10,5,114,1495632777.31
1495632777311688217,10,3,114,1495632777.31
1495632777361825320,10,5,115,1495632777.36
1495632777362897243,10,3,115,1495632777.36
1495632777411244381,10,5,113,1495632777.41
1495632777411294039,10,3,113,1495632777.41
1495632777460404054,10,5,113,1495632777.46
1495632777460455946,10,3,113,1495632777.46
1495632777511449653,10,5,113,1495632777.51
1495632777511510834,10,3,113,1495632777.51
1495632777561660575,10,5,113,1495632777.56
1495632777561718195,10,3,113,1495632777.56
1495632777610533132,10,5,113,1495632777.61
1495632777611066440,10,3,113,1495632777.61
1495632777660700892,10,5,113,1495632777.66
1495632777661356562,10,3,113,1495632777.66
1495632777710731347,10,5,114,1495632777.71
1495632777711939602,10,3,114,1495632777.71
1495632777760582170,10,5,114,1495632777.76
1495632777761804184,10,3,114,1495632777.76
1495632777810511565,10,5,114,1495632777.81
1495632777811637407,10,3,114,1495632777.81
1495632777860605713,10,5,114,1495632777.86
1495632777860663262,10,3,114,1495632777.86
1495632777910778296,10,5,115,1495632777.91
1495632777910833680,10,3,115,1495632777.91
1495632777963074890,10,5,115,1495632777.96
1495632777963126363,10,3,115,1495632777.96
1495632778011274733,10,5,117,1495632778.01
1495632778011742810,10,3,117,1495632778.01
1495632778063027405,10,5,118,1495632778.06
1495632778063076294,10,3,118,1495632778.06
1495632778111254066,10,5,120,1495632778.11
1495632778111464638,10,3,120,1495632778.11
1495632778162993330,10,5,120,1495632778.16
1495632778163043057,10,3,120,1495632778.16
1495632778212539712,10,5,121,1495632778.21
1495632778212773680,10,3,121,1495632778.21
1495632778263284015,10,5,122,1495632778.26
1495632778263497450,10,3,122,1495632778.26
1495632778312569891,10,5,122,1495632778.31
1495632778312628418,10,3,122,1495632778.31
1495632778360529340,10,5,121,1495632778.36
1495632778360580813,10,3,121,1495632778.36
1495632778410463902,10,5,121,1495632778.41
1495632778410513839,10,3,121,1495632778.41
1495632778460389664,10,5,121,1495632778.46
1495632778460437785,10,3,121,1495632778.46
1495632778513345841,10,5,121,1495632778.51
1495632778513873562,10,3,121,1495632778.51
1495632778563097769,10,5,121,1495632778.56
1495632778563241781,10,3,121,1495632778.56
1495632778610499885,10,5,120,1495632778.61
1495632778610549472,10,3,120,1495632778.61
1495632778662587584,10,5,121,1495632778.66
1495632778662944892,10,3,121,1495632778.66
1495632778711361873,10,5,121,1495632778.71
1495632778711424451,10,3,121,1495632778.71
1495632778763663636,10,5,121,1495632778.76
1495632778764109433,10,3,121,1495632778.76
1495632778811651861,10,5,120,1495632778.81
1495632778811719957,10,3,120,1495632778.81
1495632778861844836,10,5,120,1495632778.86
1495632778861896588,10,3,120,1495632778.86
1495632778912033410,10,5,120,1495632778.91
1495632778912518388,10,3,120,1495632778.91
1495632778960428533,10,5,120,1495632778.96
1495632778960478889,10,3,120,1495632778.96
1495632779010483989,10,5,120,1495632779.01
1495632779010961983,10,3,120,1495632779.01
1495632779061452412,10,5,119,1495632779.06
1495632779062708438,10,3,119,1495632779.06
1495632779111984327,10,5,119,1495632779.11
1495632779112032377,10,3,119,1495632779.11
1495632779160444051,10,5,119,1495632779.16
1495632779160493987,10,3,119,1495632779.16
1495632779210226777,10,5,119,1495632779.21
1495632779210278599,10,3,119,1495632779.21
1495632779260540999,10,5,122,1495632779.26
1495632779263158439,10,3,122,1495632779.26
1495632779310457263,10,5,122,1495632779.31
1495632779310504825,10,3,122,1495632779.31
1495632779360506922,10,5,121,1495632779.36
1495632779360717494,10,3,121,1495632779.36
1495632779410478712,10,5,122,1495632779.41
1495632779410531372,10,3,122,1495632779.41
1495632779460501411,10,5,119,1495632779.46
1495632779460549322,10,3,119,1495632779.46
1495632779510714294,10,5,119,1495632779.51
1495632779511271836,10,3,119,1495632779.51
1495632779562012785,10,5,119,1495632779.56
1495632779562071243,10,3,119,1495632779.56
1495632779611558401,10,5,119,1495632779.61
1495632779611603728,10,3,119,1495632779.61
1495632779661648432,10,5,119,1495632779.66
1495632779661705632,10,3,119,1495632779.66
1495632779711609183,10,5,119,1495632779.71
1495632779711657024,10,3,119,1495632779.71
1495632779762997493,10,5,121,1495632779.76
1495632779763046940,10,3,121,1495632779.76
1495632779811431516,10,5,121,1495632779.81
1495632779811891769,10,3,121,1495632779.81
1495632779863220502,10,5,120,1495632779.86
1495632779863271067,10,3,120,1495632779.86
1495632779911381167,10,5,121,1495632779.91
1495632779911839046,10,3,121,1495632779.91
1495632779962619805,10,5,122,1495632779.96
1495632779962668763,10,3,122,1495632779.96
1495632780012793710,10,5,122,1495632780.01
1495632780016800433,10,3,122,1495632780.01
1495632780062836110,10,5,121,1495632780.06
1495632780063083348,10,3,121,1495632780.06
1495632780111382089,10,5,121,1495632780.11
1495632780111431187,10,3,121,1495632780.11
1495632780162598098,10,5,120,1495632780.16
1495632780162659628,10,3,120,1495632780.16
1495632780213836318,10,5,120,1495632780.21
1495632780214086699,10,3,120,1495632780.21
1495632780263216828,10,5,117,1495632780.26
1495632780263364123,10,3,117,1495632780.26
1495632780314044103,10,5,117,1495632780.31
1495632780314095995,10,3,117,1495632780.31
1495632780360536818,10,5,110,1495632780.36
1495632780360765618,10,3,110,1495632780.36
1495632780410481574,10,5,109,1495632780.41
1495632780410527879,10,3,109,1495632780.41
1495632780461141229,10,5,104,1495632780.46
1495632780462505090,10,3,104,1495632780.46
1495632780510987722,10,5,103,1495632780.51
1495632780511038776,10,3,103,1495632780.51
1495632780563365612,10,5,99,1495632780.56
1495632780563811479,10,3,99,1495632780.56
1495632780611421863,10,5,98,1495632780.61
1495632780611886029,10,3,98,1495632780.61
1495632780663237460,10,5,96,1495632780.66
1495632780663289701,10,3,96,1495632780.66
1495632780712017475,10,5,95,1495632780.71
1495632780712069157,10,3,95,1495632780.71
1495632780760749161,10,5,93,1495632780.76
1495632780760803846,10,3,93,1495632780.76
1495632780810867404,10,5,92,1495632780.81
1495632780811128540,10,3,92,1495632780.81
1495632780860641472,10,5,91,1495632780.86
1495632780861868724,10,3,91,1495632780.86
1495632780911046693,10,5,90,1495632780.91
1495632780912191113,10,3,90,1495632780.91
1495632780963784408,10,5,89,1495632780.96
1495632780964325189,10,3,89,1495632780.96
