%time,field.header.seq,field.header.stamp,field.header.frame_id,field.x,field.y,field.phi,field.theta,field.psi,field.u,field.v,field.p,field.q,field.r
1495637539917417393,8027,0,,-3.80063295364,-37.3566017151,0.00170974328648,-8.91374147614e-05,5.16478633881,0.132423982024,0.00571381021291,0.000462896510726,6.15189346718e-05,-0.0193495415151
1495637540005576853,8028,0,,-3.78059983253,-37.3961753845,0.00101943791378,0.0284269209951,5.16490840912,0.443534582853,0.00595138827339,-0.006903053727,0.285160571337,0.0277685355395
1495637540106104095,8029,0,,-3.75339841843,-37.4191207886,-0.00637154420838,0.0406262464821,5.15862464905,0.574588119984,0.00975348893553,-0.0739098191261,0.121993243694,0.0708479508758
1495637540174438065,8030,0,,-3.71455097198,-37.4963264465,-0.00737269362435,0.0414950177073,5.15860319138,0.864278376102,0.00706140091643,-0.010011495091,0.00868772808462,0.117615461349
1495637540211075961,8031,0,,-3.68033337593,-37.5381584167,-0.00465189712122,0.0398087836802,5.15611743927,0.902481853962,0.00919293239713,0.0272079650313,-0.0168623588979,0.162721186876
1495637540230338046,8032,0,,-3.62637448311,-37.6440734863,-0.00238813948818,0.0388933084905,5.14875793457,1.18862867355,0.00830259174109,0.0226375777274,-0.00915474630892,0.204781219363
1495637540301684904,8033,0,,-3.56034088135,-37.7752418518,-0.0026754909195,0.0386146493256,5.14096450806,1.46850883961,0.00807747803628,-0.00287351361476,-0.00278658629395,0.245124563575
1495637540404527097,8034,0,,-3.52697658539,-37.8200798035,-0.00374104268849,0.0385207645595,5.14604091644,1.30436205864,0.00939941126853,-0.0106555176899,-0.000938850804232,0.285241156816
1495637540502916006,8035,0,,-3.45518422127,-37.9610099792,-0.00391500024125,0.0386104136705,5.15426397324,1.58158910275,0.00794285815209,-0.00173957680818,0.00089649745496,0.324868917465
1495637540603883038,8036,0,,-3.42852282524,-37.9890594482,-0.00412303116173,0.0385288521647,5.15860319138,1.48793554306,0.0166307725012,-0.00208030967042,-0.000815622566734,0.363403350115
1495637540704911944,8037,0,,-3.34505391121,-38.1441421509,-0.00237994850613,0.038533937186,5.16006135941,1.76113939285,0.0131949493662,0.0174308288842,5.08443590661e-05,0.400479882956
1495637540820988715,8038,0,,-3.32338404655,-38.154006958,-0.00247904378921,0.0383972674608,5.16132354736,1.70952689648,0.0280912108719,-0.000990952481516,-0.00136667257175,0.435675531626
1495637540906978983,8039,0,,-3.22735238075,-38.3269386292,2.93952907668e-05,0.0383886918426,5.16147136688,1.97792124748,0.0218269471079,0.0250843912363,-8.57555205585e-05,0.469520300627
1495637541024200521,8040,0,,-3.26234698296,-38.3289337158,-0.000391823850805,0.038245908916,5.15900802612,1.89084482193,0.035884693265,-0.00421219132841,-0.00142784079071,0.501295924187
1495637541106071408,8041,0,,-3.15660214424,-38.5167617798,0.00158144172747,0.0382599718869,5.1606965065,2.15530228615,0.0278369020671,0.0197326559573,0.000140615302371,0.532280802727
1495637541183645099,8042,0,,-3.19140911102,-38.5001983643,0.000671089452226,0.0381317809224,5.16302680969,1.78646659851,-0.0721281096339,-0.00910352356732,-0.00128191011027,0.561644494534
1495637541218256482,8043,0,,-3.09546375275,-38.6817893982,-0.0215106252581,0.0381474792957,4.55067014694,2.05319166183,-0.0500978603959,-0.221817150712,0.000157007132657,0.598329663277
1495637541245281432,8044,0,,-3.26328992844,-38.6615943909,-0.0255785193294,0.0383116975427,4.20230197906,1.86282610893,-0.123222723603,-0.0406789295375,0.00164216116536,0.646572232246
1495637541305760140,8045,0,,-3.36249423027,-38.850063324,-0.0358981415629,0.0383058972657,4.39449596405,2.12779641151,-0.0935769453645,-0.103196233511,-5.80121850362e-05,0.695213019848
1495637541420267650,8046,0,,-3.57779359818,-38.8016319275,-0.0326012298465,0.0382790789008,4.38738489151,1.51486241817,-0.0649519786239,0.0329691357911,-0.000268184987362,0.746120154858
1495637541516629346,8047,0,,-3.62636995316,-38.9737358093,-0.0220772791654,0.0384939573705,4.35820150375,1.78752613068,-0.0518127903342,0.105239495635,0.00214880681597,0.788866221905
1495637541624353167,8048,0,,-3.80073070526,-38.8812599182,-0.0163099449128,0.0383828096092,4.31682348251,1.28295004368,-0.12040117383,0.0576733350754,-0.00111147970892,0.82373470068
1495637541725921672,8049,0,,-3.85661172867,-39.0272407532,-0.0318369567394,0.0384482219815,4.28544998169,1.56064116955,-0.0877864658833,-0.155270114541,0.000654121802654,0.8616746068
1495637541822391830,8050,0,,-4.05780601501,-38.8988609314,-0.0331079885364,0.0386024713516,4.25740766525,1.67751574516,-0.143240019679,-0.012710319832,0.00154249812476,0.907947480679
1495637541925471205,8051,0,,-4.13654851913,-39.0772094727,-0.0406577028334,0.0384685397148,4.23155593872,1.94648337364,-0.109392315149,-0.0754971578717,-0.0013393140398,0.95345890522
1495637542018148983,8052,0,,-4.37079238892,-38.963092804,-0.0362009219825,0.038376018405,4.20174121857,1.91459548473,0.0433697551489,0.0445678383112,-0.000925206055399,1.000020504
1495637542125038349,8053,0,,-4.45480108261,-39.1641120911,0.000184543052455,0.0384615138173,4.20138597488,2.17854213715,0.0257157851011,0.363854646683,0.000854952377267,1.02994704247
1495637542185027538,8054,0,,-4.70026683807,-39.0588951111,0.0094749238342,0.0379979982972,4.1473736763,2.24783778191,-0.0154141159728,0.0929038077593,-0.00463515054435,1.03814172745
1495637542217602980,8055,0,,-4.81189155579,-39.2831001282,-0.00683309091255,0.0377991423011,4.14667844772,2.50455951691,-0.00556311057881,-0.163080140948,-0.00198856485076,1.05298101902
1495637542246127345,8056,0,,-4.93427467346,-39.5300064087,-0.0142630124465,0.0379046350718,4.09840297699,2.75570654869,-0.00673651508987,-0.0742992088199,0.00105491071008,1.07977354527
1495637542315968214,8057,0,,-5.07971858978,-39.7925338745,-0.0125154545531,0.0378553345799,4.07875967026,3.0012524128,-0.00767759094015,0.0174755714834,-0.00049300910905,1.1062734127
1495637542424382137,8058,0,,-5.36376905441,-39.5986099243,-0.00974779762328,0.0376429781318,4.0610742569,2.22981405258,-0.161542922258,0.0276765748858,-0.00212355027907,1.12903082371
1495637542523687924,8059,0,,-5.50065898895,-39.8065643311,-0.0417470857501,0.0377143397927,4.0394077301,2.48693346977,-0.116741448641,-0.319992870092,0.00071362615563,1.16058909893
1495637542623361072,8060,0,,-5.76717472076,-39.5780181885,-0.0460853427649,0.0380735844374,4.02735185623,1.7902649641,0.0516850538552,-0.0433825775981,0.00359243992716,1.20956432819
1495637542725810899,8061,0,,-5.95112323761,-39.3673667908,-0.00227757147513,0.0386128798127,4.01598262787,1.37344920635,0.160451114178,0.438077718019,0.00539293373004,1.23973023891
1495637542821328702,8062,0,,-6.08289527893,-39.1793403625,0.0395172424614,0.0386121794581,3.99294400215,0.937274158001,0.136711657047,0.417948156595,-6.99134352544e-06,1.2322551012
1495637542919881739,8063,0,,-6.14208173752,-39.2869338989,0.0376020818949,0.0384854711592,3.9856274128,1.222397089,0.116914905608,-0.0191516336054,-0.00126707274467,1.21173262596
1495637543017689848,8064,0,,-6.29752922058,-39.0836753845,0.0196021236479,0.0385221801698,3.97467088699,0.81781065464,0.0361428633332,-0.179999560118,0.000367069034837,1.20572769642
1495637543124943290,8065,0,,-6.35904932022,-39.1755905151,-0.00409392267466,0.0388355180621,3.97009778023,1.10565268993,0.0290136132389,-0.236960470676,0.00313339778222,1.21650230885
1495637543174005534,8066,0,,-6.43805265427,-39.2896194458,-0.00956273730844,0.03898332268,3.95876169205,1.38710010052,0.017476240173,-0.0546881444752,0.00147803779691,1.23778319359
1495637543227757694,8067,0,,-6.6267209053,-39.06848526,-0.00683230627328,0.0387853942811,3.95373177528,0.822578787804,0.0551203489304,0.027304308489,-0.00197928026319,1.2563765049
1495637543249998579,8068,0,,-6.68903493881,-39.1604728699,0.0040045529604,0.0389235131443,3.94694852829,1.11033439636,0.0404112786055,0.108368590474,0.00138119538315,1.26870858669
1495637543320963539,8069,0,,-6.82896471024,-38.9405899048,0.00425434298813,0.0387600176036,3.94386410713,0.637962460518,0.0733520388603,0.00249789888039,-0.00163496518508,1.27548754215
1495637543420792298,8070,0,,-6.97016906738,-38.737537384,0.00800462719053,0.0389815121889,3.93760466576,0.802567720413,-0.108817055821,0.0375028438866,0.00221495283768,1.28266060352
1495637543523542091,8071,0,,-7.04166793823,-38.8202171326,-0.0292678084224,0.0387722253799,3.9391503334,1.09053206444,-0.0744950249791,-0.372724354267,-0.00209287554026,1.2998508215
1495637543623845141,8072,0,,-7.23667764664,-38.6542816162,-0.0380758494139,0.0389788523316,3.94487285614,0.797534525394,0.0643563866615,-0.0880804285407,0.00206626299769,1.33925902843
1495637543713731640,8073,0,,-7.29768753052,-38.7441749573,-0.000669976288918,0.0392938032746,3.94843649864,1.08576726913,0.0378950238228,0.374058753252,0.00314950896427,1.36356127262
1495637543832675049,8074,0,,-7.50107336044,-38.5982131958,0.0113242883235,0.0387788005173,3.94998216629,1.30745542049,-0.0980616509914,0.119942642748,-0.00515001127496,1.3625985384
1495637543922550165,8075,0,,-7.59902763367,-38.7229347229,-0.024246795103,0.0383159257472,3.9581053257,1.58457696438,-0.064559340477,-0.355710834265,-0.00462874956429,1.37361419201
1495637544031516886,8076,0,,-7.84304857254,-38.6092529297,-0.0351580195129,0.0385574698448,3.95825886726,1.01690840721,-0.0214740410447,-0.109112240374,0.00241542281583,1.40819466114
1495637544122655082,8077,0,,-7.91955471039,-38.7144317627,-0.0194255970418,0.0389736294746,3.96325826645,1.30038738251,-0.0238853059709,0.15732422471,0.00416161958128,1.43620800972
1495637544187839489,8078,0,,-8.1541261673,-38.5835990906,-0.0103817749768,0.0387514792383,3.97247290611,1.58855128288,0.00627783918753,0.0904382243752,-0.0022215009667,1.45055520535
1495637544238997322,8079,0,,-8.25772953033,-38.7380180359,-0.00525298761204,0.038479115814,3.9726088047,1.85952532291,0.00534456409514,0.0512878708541,-0.00272365123965,1.46098136902
1495637544250202796,8080,0,,-8.37599468231,-38.9145240784,-0.0062463702634,0.0382619425654,3.99538183212,2.1246342659,0.00512276543304,-0.0099338227883,-0.00217173458077,1.47038900852
1495637544334281925,8081,0,,-8.50410366058,-39.1155776978,-0.00832881033421,0.0381253547966,4.00848007202,2.38398218155,0.00363488751464,-0.020824406296,-0.00136586092412,1.48161351681
1495637544434536152,8082,0,,-8.76668357849,-38.9850387573,-0.00921160914004,0.0379949584603,4.03080844879,1.62162363529,-0.131949856877,-0.00882798805833,-0.00130398652982,1.49372172356
1495637544535237155,8083,0,,-8.87063407898,-39.1434135437,-0.0376019030809,0.0381518043578,4.04042863846,1.89197826385,-0.0960921943188,-0.283902943134,0.00156846968457,1.51492118835
1495637544628605592,8084,0,,-9.11071300507,-38.9822387695,-0.041226465255,0.0384598970413,4.06133031845,1.69189047813,0.0918757617474,-0.036245636642,0.00308093382046,1.55109274387
1495637544736945836,8085,0,,-9.19862651825,-39.1575813293,0.00590184144676,0.038768414408,4.07679128647,1.96063005924,0.0578808672726,0.471283078194,0.00308515434153,1.56794655323
1495637544827440517,8086,0,,-9.43022632599,-39.0217857361,0.0186038166285,0.0381575971842,4.07697963715,1.35426425934,0.159239128232,0.127019762993,-0.00610816292465,1.5554125309
1495637544936314835,8087,0,,-9.4948091507,-39.1720161438,0.0306432824582,0.0383630990982,4.11704206467,1.63059282303,0.123022206128,0.120394662023,0.00205503241159,1.54099011421
1495637545031765520,8088,0,,-9.71414852142,-39.0255012512,0.0236909724772,0.0383141562343,4.14004278183,1.85477757454,0.0812352597713,-0.0695230960846,-0.000489438069053,1.52508032322
1495637545135039340,8089,0,,-9.79478168488,-39.2216682434,0.00835169386119,0.0382486768067,4.1653046608,2.11996865273,0.0643356442451,-0.153392791748,-0.000654789793771,1.52022016048
1495637545227330755,8090,0,,-9.98450183868,-39.1109924316,0.000818625849206,0.0382141135633,4.16564464569,2.00396108627,-0.0978317111731,-0.0753306820989,-0.000345629407093,1.52461075783
1495637545244030364,8091,0,,-10.0777072906,-39.3176460266,-0.0317402817309,0.0380709245801,4.219435215,2.26587891579,-0.0703559815884,-0.325589090586,-0.00143189053051,1.54075396061
1495637545305481613,8092,0,,-10.1666650772,-39.5537414551,-0.0366208143532,0.0382377915084,4.24908828735,2.52222132683,-0.0623932369053,-0.0488053224981,0.00166866765358,1.57348203659
1495637545332415064,8093,0,,-10.2545433044,-39.8167800903,-0.0268444046378,0.0380991436541,4.28044700623,2.77280306816,-0.0527846626937,0.0977640897036,-0.00138648506254,1.59906244278
1495637545437815552,8094,0,,-10.4404935837,-39.6494979858,-0.0193954817951,0.0377752929926,4.30993080139,2.37454342842,-0.187868192792,0.0744892284274,-0.00323851336725,1.61574208736
1495637545533852694,8095,0,,-10.5159482956,-39.9016571045,-0.0480542220175,0.0376539491117,4.34342288971,2.62848973274,-0.137386634946,-0.286587417126,-0.00121344754007,1.63925266266
1495637545632351321,8096,0,,-10.7023906708,-39.7274932861,-0.0512666068971,0.0379444621503,4.37425327301,2.14658761024,0.0640701428056,-0.0321238525212,0.00290514947847,1.67913293839
1495637545736989697,8097,0,,-10.7391843796,-39.9652404785,-0.00105900305789,0.0384292192757,4.41040802002,2.40549063683,0.0355049297214,0.502076029778,0.00484755961224,1.69832575321
1495637545834868417,8098,0,,-10.9135360718,-39.7865447998,0.013844596222,0.03787708655,4.43986558914,1.95245838165,-0.12307382375,0.149035990238,-0.00552132446319,1.68580853939
1495637545935868481,8099,0,,-10.9445886612,-40.006072998,-0.0292593166232,0.0376959405839,4.48139286041,2.2156393528,-0.0817335098982,-0.431039124727,-0.00181144243106,1.68877887726
1495637546030757084,8100,0,,-11.1321191788,-39.8216667175,-0.0424888581038,0.0381785184145,4.52028608322,1.57829034328,-0.192153945565,-0.132295414805,0.00482578575611,1.72057628632
1495637546133608358,8101,0,,-11.1501169205,-40.0063400269,-0.0578434355557,0.0384912006557,4.56209993362,1.84945213795,-0.149466797709,-0.153545796871,0.00312682241201,1.75590622425
1495637546212953293,8102,0,,-11.3459243774,-39.7976837158,-0.0509217754006,0.0385706424713,4.59685897827,1.86633777618,-0.229354470968,0.0692166090012,0.000794418447185,1.7936565876
1495637546234474958,8103,0,,-11.3490428925,-40.0114936829,-0.060338255018,0.0382956601679,4.59736394882,2.13117718697,-0.174691528082,-0.0941647738218,-0.00274984189309,1.82735323906
1495637546278266069,8104,0,,-11.3459787369,-40.2509269714,-0.0547321550548,0.0382449328899,4.63434839249,2.39042520523,-0.14029276371,0.0560609698296,-0.000507279240992,1.86440432072
1495637546336389453,8105,0,,-11.3277301788,-40.5149269104,-0.0423955842853,0.0380734950304,4.71394205093,2.64392971992,-0.11147993058,0.123365730047,-0.00171435403172,1.89196062088
1495637546435923547,8106,0,,-11.5274629593,-40.259437561,-0.0331721045077,0.037819352001,4.750852108,1.77227091789,-0.210858777165,0.0922347903252,-0.00254146475345,1.91044437885
1495637546535153764,8107,0,,-11.4959011078,-40.4615325928,-0.0543563701212,0.0379894785583,4.75137042999,2.03938794136,-0.156980276108,-0.211842656136,0.0017012860626,1.93281030655
1495637546627458448,8108,0,,-11.7233715057,-40.1810646057,-0.0544736012816,0.0383216030896,4.84113502502,1.87240302563,-0.261030048132,-0.00117229239549,0.00332123436965,1.96698868275
1495637546734551610,8109,0,,-11.6732416153,-40.3897705078,-0.070056900382,0.0382799245417,4.88022851944,2.13710474968,-0.199742883444,-0.155833035707,-0.000416785303969,2.00177407265
1495637546831178213,8110,0,,-11.8965969086,-40.1413574219,-0.0633323341608,0.038327679038,4.88079833984,1.474624753,-0.256567418575,0.0672456771135,0.00047754359548,2.04146409035
1495637546934425837,8111,0,,-11.850769043,-40.3112030029,-0.0678740590811,0.038437243551,4.9628443718,1.7481110096,-0.197360575199,-0.0454172380269,0.0010956445476,2.07552528381
1495637547033240289,8112,0,,-12.0938577652,-40.0540275574,-0.0593931078911,0.038505140692,5.00525474548,1.08264660835,-0.157370343804,0.0848095342517,0.000678979093209,2.10938334465
1495637547133665492,8113,0,,-12.0385837555,-40.1794242859,-0.046155128628,0.0387560799718,5.04114961624,1.36469781399,-0.124509833753,0.132379770279,0.00250940397382,2.13296222687
1495637547238860709,8114,0,,-12.2505760193,-39.9103088379,-0.0366928391159,0.0386635959148,5.08371210098,1.05329072475,-0.228148549795,0.0946229025722,-0.000924853084143,2.14745116234
1495637547254030166,8115,0,,-12.1906518936,-40.0309143066,-0.0589719377458,0.0385754816234,5.12302064896,1.33592832088,-0.170348346233,-0.222790971398,-0.000881151121575,2.16630005836
1495637547319831481,8116,0,,-12.1068563461,-40.1693878174,-0.0586763992906,0.0387814342976,5.16286802292,1.61250150204,-0.13933879137,0.00295536615886,0.00205952953547,2.19758725166
1495637547347955588,8117,0,,-11.9983978271,-40.3237113953,-0.0451701208949,0.0386682711542,5.16342449188,1.88287448883,-0.112814739347,0.135062783957,-0.00113160826731,2.2196457386
1495637547437846842,8118,0,,-12.2585458755,-40.0244941711,-0.0342611148953,0.0383476540446,5.24083423615,2.01177597046,-0.0582536868751,0.109090082347,-0.00320618785918,2.23073601723
1495637547533007965,8119,0,,-12.1066732407,-40.1937561035,-0.0225512329489,0.0381853021681,5.27511644363,2.27360248566,-0.0468173064291,0.117098800838,-0.00162353424821,2.23447656631
1495637547636612895,8120,0,,-12.3517570496,-39.9357643127,-0.0188973471522,0.0379885658622,5.31070566177,2.11273360252,0.0957249924541,0.0365388654172,-0.00196736189537,2.23276996613
1495637547736385500,8121,0,,-12.1736679077,-40.0926513672,0.00912558101118,0.0381948649883,5.34575939178,2.37243533134,0.0666325688362,0.280229270458,0.00206298939884,2.22212362289
1495637547833858930,8122,0,,-12.4314079285,-39.8562812805,0.0129668656737,0.0378755182028,5.37443637848,1.544921875,0.0923034995794,0.0384128503501,-0.00319345202297,2.19668602943
1495637547934129573,8123,0,,-12.286854744,-39.9666099548,0.0113852219656,0.0382296517491,5.41039466858,1.81705951691,0.071432992816,-0.0158164370805,0.00354133173823,2.17536211014
1495637548038300288,8124,0,,-12.6019001007,-39.723400116,0.00503571750596,0.0383199453354,5.43680334091,1.91736531258,-0.0227244123816,-0.0634950473905,0.000902934989426,2.15800619125
1495637548137781447,8125,0,,-12.4267206192,-39.8533554077,-0.016883643344,0.038207270205,5.46718406677,2.18113923073,-0.0152623290196,-0.219193592668,-0.0011267575901,2.15124750137
1495637548242873860,8126,0,,-12.7404584885,-39.6450500488,-0.022042343393,0.0382347740233,5.46759366989,1.45435225964,0.0569530688226,-0.0515870079398,0.000275064667221,2.15651416779
1495637548273779187,8127,0,,-12.5957746506,-39.7396659851,-0.00192478438839,0.0386239252985,5.49588441849,1.7283680439,0.0363681986928,0.201175585389,0.00389149505645,2.15401220322
1495637548307015466,8128,0,,-12.4264307022,-39.8453903198,0.00328213116154,0.0383903309703,5.5484585762,1.99612975121,0.0306202899665,0.0520691536367,-0.00233594840392,2.13860058784
1495637548337816171,8129,0,,-12.2294483185,-39.9558486938,-0.00202352576889,0.0381502769887,5.57424592972,2.25824809074,0.0249609258026,-0.0530565679073,-0.00240053771995,2.12615442276
1495637548431544502,8130,0,,-12.6612520218,-39.6888160706,-0.00693591078743,0.038040407002,5.59870052338,1.54133367538,-0.126567259431,-0.0491238497198,-0.00109869160224,2.11924576759
1495637548535153974,8131,0,,-12.5039548874,-39.7795295715,-0.0392748191953,0.0382090322673,5.61896657944,1.81343281269,-0.092758141458,-0.323389083147,0.00168624974322,2.12470555305
1495637548636818303,8132,0,,-12.9623632431,-39.5406951904,-0.0436059385538,0.0385372079909,5.64069414139,1.69937098026,-0.214037582278,-0.0433111861348,0.00328175583854,2.14711165428
1495637548735384675,8133,0,,-12.789891243,-39.6368522644,-0.0609964244068,0.0384349040687,5.65891933441,1.96782100201,-0.164172291756,-0.173904880881,-0.00102301780134,2.17127418518
1495637548835196737,8134,0,,-13.2321033478,-39.4287567139,-0.0560490712523,0.0384389013052,5.67400884628,1.38057899475,-0.243949308991,0.0494735203683,3.99397467845e-05,2.20141434669
1495637548935778523,8135,0,,-13.0857448578,-39.508480072,-0.0655732154846,0.0384867079556,5.69601297379,1.65610635281,-0.186997517943,-0.0952413901687,0.000478095316794,2.22839808464
1495637549041998945,8136,0,,-13.5492324829,-39.3159217834,-0.0589780732989,0.0385757163167,5.71281051636,1.09847581387,-0.0431276001036,0.065951384604,0.000890085357241,2.25823402405
1495637549146632922,8137,0,,-13.4206905365,-39.3663635254,-0.0229383893311,0.0389113761485,5.72762107849,1.3802011013,-0.0422817766666,0.36039686203,0.00335658853874,2.27056074142
1495637549249656565,8138,0,,-13.8454704285,-39.1820335388,-0.0105262268335,0.0385570861399,5.74305009842,1.55241763592,-0.139426425099,0.124121621251,-0.00354291894473,2.26110577583
1495637549259051758,8139,0,,-13.6750583649,-39.2478866577,-0.0372900292277,0.0382174402475,5.75634527206,1.82419753075,-0.0998350530863,-0.267638027668,-0.00339644658379,2.26050376892
1495637549306377188,8140,0,,-13.4777994156,-39.317527771,-0.0434922240674,0.0384038165212,5.76725006104,2.09021496773,-0.0843293592334,-0.0620219483972,0.00186374923214,2.2777838707
1495637549343461862,8141,0,,-13.2543897629,-39.3908309937,-0.0344551019371,0.0383544676006,5.77585315704,2.3502175808,-0.0708292797208,0.0903712213039,-0.000493467086926,2.29019641876
1495637549447760948,8142,0,,-13.738158226,-39.1972846985,-0.0260462760925,0.0380675680935,5.78328943253,1.49589526653,-0.143203988671,0.0840882658958,-0.0028690113686,2.29387402534
1495637549543536395,8143,0,,-13.5705099106,-39.2547569275,-0.0407361760736,0.0382196269929,5.79331827164,1.76903057098,-0.106834769249,-0.146898984909,0.00152060331311,2.2995736599
1495637549646855472,8144,0,,-14.0860710144,-39.083530426,-0.041661541909,0.0384509749711,5.79758119583,1.82361841202,0.0250314343721,-0.00925365183502,0.00231346627697,2.31431293488
1495637549743281701,8145,0,,-13.8835887909,-39.1351089478,-0.00957246590406,0.0385878905654,5.80829191208,2.0894639492,0.00953549239784,0.320890754461,0.0013691498898,2.31614637375
1495637549844623355,8146,0,,-14.3623132706,-38.9826545715,0.000255311228102,0.0381160788238,5.81279277802,1.34324383736,-0.0416147522628,0.0982777699828,-0.00471811601892,2.29811048508
1495637549943662277,8147,0,,-14.2056999207,-39.0240707397,-0.0164762474597,0.0382436178625,5.81283712387,1.61974835396,-0.0272096469998,-0.167315587401,0.00127540167887,2.28657913208
1495637550045996033,8148,0,,-14.7182617188,-38.8912086487,-0.023288698867,0.0384957902133,5.81675052643,1.69267630577,-0.146062850952,-0.0681245028973,0.00252171652392,2.28772521019
1495637550143051670,8149,0,,-14.5302057266,-38.9479980469,-0.0459941066802,0.038394767791,5.81681442261,1.96129488945,-0.110967680812,-0.227054074407,-0.00101021223236,2.29684400558
1495637550243480570,8150,0,,-15.0136671066,-38.846660614,-0.0454934351146,0.0384382307529,5.82240772247,1.4642380476,-0.22015312314,0.00500672403723,0.000434607849456,2.31607174873
1495637550254292285,8151,0,,-14.8481302261,-38.9021987915,-0.0613444298506,0.0384461991489,5.82393264771,1.73792159557,-0.168264359236,-0.15850995481,7.96915410319e-05,2.33584833145
1495637550304494475,8152,0,,-14.6555681229,-38.9599609375,-0.0569235794246,0.0385515466332,5.82168340683,2.00568914413,-0.137307628989,0.0442085079849,0.00105347239878,2.36186909676
1495637550344807912,8153,0,,-14.436914444,-39.0210227966,-0.0437400378287,0.0383739881217,5.81952142715,2.26751732826,-0.110304497182,0.131835415959,-0.00177556439303,2.37791538239
1495637550447873744,8154,0,,-15.0595312119,-38.8993034363,-0.0337269678712,0.0095569556579,5.81733322144,1.84339499474,-0.215193480253,0.100130699575,-0.288170337677,2.33676934242
