%time,field.roll,field.pitch,field.yaw,field.rolld,field.pitchd,field.yawd,field.rolldd,field.pitchdd,field.yawdd
1495638583141603533,0.0221551698864,-0.0074729514308,-1.71297770962,-0.0275384091818,-0.0105665300577,-0.0348266365392,0.0460587366532,0.0681045996313,0.00827122784218
1495638583190414284,0.0221043614462,-0.00751719429886,-1.70220670913,-0.0283846185298,-0.0110946521108,-0.0347602752973,0.0474740447509,0.0715085118695,0.00825546723459
1495638583240240662,0.0305185823575,-0.00764355404984,-1.71408156076,0.00189637825196,-0.0127682211767,-0.0374416890611,-0.00317174408751,0.0822951892902,0.00889229543232
1495638583288385329,0.0210876189557,-0.00456132626825,-1.71463367844,0.0158033395678,-0.0178167919728,-0.040575205146,-0.0264315142749,0.114834811181,0.90938396043
1495638583340622907,0.0213579120362,-0.00473033334482,-1.71469404093,0.0203052422254,-0.0198343048461,0.00324141416107,-0.0339610686356,0.127838314293,0.898977637064
1495638583387223947,0.0199615989084,-0.00477172773311,-1.72065747067,-0.005681879497,-0.0203935337572,0.020685523907,0.00950309764519,0.131442719986,0.894834710255
1495638583437914264,0.0194575902284,-0.00479037838911,-1.72032793362,-0.0140760954211,-0.0206161646512,0.0272134072871,0.023542651568,0.132877645909,0.893284356384
1495638583490012504,0.0259036146176,0.0119840345154,-1.72829080618,-0.0726963336841,-0.0170098692123,0.0350045054349,0.121586590812,0.109633940958,0.891433992573
1495638583540824278,0.0247661602292,0.0121012790746,-1.72814743462,-0.0916407129362,-0.0156107795492,0.0379261434165,0.153271579196,0.100616369359,0.890740111801
1495638583588681408,0.0541562111144,0.0564325241296,-1.77419219876,-0.161412560224,0.00772224270513,0.0625513345459,0.26996688715,-0.0497722757438,0.884891698439
1495638583640611335,0.0528011490938,0.057202881511,-1.77375405693,-0.183981630398,0.0169167652332,0.0718096425641,0.307714269463,-0.109033856618,0.882692876427
1495638583690958798,0.0800013748714,0.0344418265172,-1.86773322405,-0.142578240181,0.00882107675444,0.123406326075,0.238465975781,-0.0568546057594,0.87043880978
1495638583741590587,0.0808029673574,0.0341758948302,-1.86681339829,-0.12922827929,0.00564727750672,0.142802214996,0.216137803919,-0.0363984743809,0.865832340928
1495638583790968936,0.0860870365698,0.0507882124172,-1.79509012322,-0.0436272256487,-0.00655229748866,0.190873268872,0.0729677187888,0.042231611957,0.854415601365
1495638583841012169,0.0877471923803,0.050378135827,-1.79411862766,-0.0159775041289,-0.0114478114527,0.208761198698,0.0267228092295,0.0737847345702,0.850167268539
1495638583891632574,0.0828746524703,0.0668498610941,-1.80682066076,0.0819984924802,-0.0243329541176,0.24277047096,-0.137144703827,0.156833519516,0.842090162405
1495638583940318163,0.0847754248105,0.0664169368459,-1.80617896425,0.113655869051,-0.0295011957134,0.25549855399,-0.190092525213,0.190144457237,0.839067278624
1495638583990774647,0.0659226251839,0.0353946809468,-1.81218827436,0.149231734269,-0.029920003425,0.283298743146,-0.249594125196,0.192843804266,0.832464812195
1495638584040186239,0.0666137737677,0.0353863978298,-1.8116605879,0.160743150122,-0.0300180405045,0.293698041428,-0.26884728059,0.193475683985,0.829995008217
1495638584087460829,0.0450790059524,0.00735600910496,-1.72020744295,0.0904047594038,-0.0393854286543,0.324492005349,-0.151204413374,0.253851437998,0.822681528735
1495638584137512373,0.043715824987,0.00704861462103,-1.71955239022,0.0677014564933,-0.043054025021,0.335898703725,-0.113232523167,0.277496691965,0.819972470078
1495638584190700350,0.0469644982102,-0.0158766133253,-1.63464037333,-0.0519764405013,-0.0382248924648,0.362773229967,0.0869320071984,0.24637141834,0.813589845978
1495638584242190979,0.0446428529603,-0.0157112880473,-1.58141654599,-0.0906434058829,-0.0362507929676,0.372782652975,0.151603556086,0.233647728051,0.811212636276
1495638584288223300,0.0674816346643,-0.00564477748642,-1.55583948571,-0.160578931792,-0.0334919878605,0.415087867797,0.268572620976,0.215866364041,0.801165267208
1495638584338718754,0.0661237669685,-0.0055545784398,-1.55501150882,-0.183194603273,-0.0324155579999,0.43087329243,0.306397945238,0.208928436047,0.797416273429
1495638584387862018,0.0918650578596,-0.0052040129423,-1.54775983986,-0.160963779822,-0.0258901353312,0.480737163669,0.269216289749,0.166870040732,0.785573744805
1495638584440670059,0.0922948311013,-0.00498636146395,-1.54680039021,-0.153806424241,-0.02329204924,0.499369215138,0.257245418315,0.150124561177,0.78114868519
1495638584490148488,0.0994340353651,-0.00159271189176,-1.52283569359,-0.0422461575849,-0.022982016254,0.536914998872,0.0706578449747,0.148126301363,0.772231667567
1495638584545175875,0.10159763263,-0.00158299033758,-1.52209995634,-0.00621167615508,-0.0228660621979,0.550923077456,0.0103891969327,0.147378941111,0.768904788456
1495638584589771351,0.0967602049539,-0.00146298389983,-1.50495119488,0.0825646827177,-0.0208688558641,0.578156094008,-0.138091672364,0.134506320014,0.76243702392
1495638584645803197,0.0984825245643,-0.00139637063657,-1.50441771178,0.111249936023,-0.0200736996845,0.588316816474,-0.186068536935,0.129381289095,0.760023881024
1495638584689799156,0.0781259068281,-0.00503309779247,-1.47099009865,0.116871341656,-0.0239107090149,0.616274794925,-0.195470490401,0.154112017423,0.753383940083
1495638584740845663,0.0782360960204,-0.0051604496526,-1.47043103768,0.118706932861,-0.0254308039886,0.626687861412,-0.198540566503,0.163909506194,0.750910866195
1495638584787563124,0.0660296562878,-0.0054111191191,-1.42273348026,0.0923660009912,-0.0299379484626,0.643499506562,-0.15448464315,0.192959465661,0.746918147941
1495638584842925053,0.0655193939118,-0.00556145059889,-1.42237746462,0.0838678397446,-0.0317324415646,0.649729432459,-0.140271237854,0.204525536413,0.745438558131
1495638584890671764,0.054738675746,-0.0128719876722,-1.37697317447,0.0169137896691,-0.0422168145401,0.659614568372,-0.028288772203,0.272100607887,0.743090866263
1495638584941293915,0.0534405366091,-0.0132204499313,-1.37675135901,-0.0047064529983,-0.0463761947977,0.663257820748,0.00787167035643,0.298909117928,0.742225604111
1495638584989330684,0.0620113402448,-0.0197796690061,-1.30951083596,-0.083646253324,-0.0463392541125,0.675417493508,0.139900628553,0.298671023628,0.739337716164
1495638585040228144,0.0604796156601,-0.0197772334199,-1.30922979298,-0.109157227055,-0.0463100034284,0.679885987941,0.182568424398,0.298482493797,0.738276461353
1495638585089024783,0.0839978279277,-0.0205736781522,-1.24384027655,-0.13497740034,-0.0545909827126,0.704145002545,0.225753364886,0.351856001999,0.732515013882
1495638585140990958,0.0834956532136,-0.0208498206628,-1.24332902154,-0.143341554982,-0.0578872614864,0.713138656824,0.239742640498,0.373101552329,0.730379046385
1495638585190428318,0.0909948903308,-0.034017878366,-1.2023517135,-0.114454189218,-0.0555706566626,0.750853971212,0.191427737355,0.358170307809,0.721421765711
1495638585240848139,0.0915548127182,-0.0339381713251,-1.17941350497,-0.105128851284,-0.0546188416764,0.764931375731,0.175830856604,0.352035561757,0.718078421886
1495638585288676220,0.104410927107,-0.0269059894113,-1.13080318634,-0.00632392929527,-0.0454458744191,0.795953252963,0.0105769433558,0.292912911362,0.710710813636
1495638585340605032,0.106326779234,-0.0266012301538,-1.13017457583,0.0255842565438,-0.041808167336,0.80749427357,-0.0427903633374,0.269466748514,0.707969853829
1495638585390884815,0.0905464105598,-0.0230755727967,-1.12880690038,0.159095628697,-0.0357193930435,0.819313872923,-0.266091756297,0.230222688906,0.705162732357
1495638585440968910,0.0931370982244,-0.0228730721339,-1.12857972752,0.202243727104,-0.0333022473102,0.823730767548,-0.338258121773,0.214643426697,0.704113732354
1495638585490794450,0.0495911996764,-0.0231696990129,-1.09587563224,0.167989219727,-0.0447771462906,0.831851623095,-0.280966528638,0.288602748877,0.702185052092
1495638585541041548,0.0489291996543,-0.0235524959084,-1.09569671086,0.156964482459,-0.0493465669937,0.834849904934,-0.262527356383,0.318054098168,0.701472968621
1495638585590487435,0.0392270732607,-0.0301610789684,-1.0000424724,-0.0200462687436,-0.0526429709148,0.838760477,0.0335279284597,0.339300455113,0.700544218797
1495638585638397440,0.0357940391613,-0.0302698488429,-0.999898861642,-0.0772231166419,-0.0539411733029,0.840112672183,0.129157758151,0.347667776589,0.700223076259
1495638585690788947,0.0680526367579,-0.027058903756,-0.897396248883,-0.109638540658,-0.0510368698677,0.846096013566,0.18337343446,0.32894863023,0.698802049575
1495638585741060141,0.0674220374153,-0.026962592824,-0.897208047974,-0.12014177156,-0.0498872975053,0.848215209746,0.200940373164,0.321539275876,0.698298746466
1495638585789252025,0.0561442374258,0.0308004717698,-0.891858803372,-0.0702185077319,-0.0351585244925,0.838828428653,0.117442359668,0.22660771522,0.700528080472
1495638585837908845,0.0571132638846,0.0312812912434,-0.892034590401,-0.0540791947109,-0.0294205653638,0.835313281074,0.0904489206754,0.18962476935,0.701362918096
1495638585893948786,0.0619287252961,0.0221289513656,-0.950630938337,0.0143016871727,-0.0239870618654,0.821067117952,-0.0239199598945,0.154604135487,0.704746341613
1495638585937327141,0.0632548777848,0.0223119148064,-0.95094569499,0.0363886067425,-0.0218027885309,0.81580872988,-0.0608609322372,0.140525808911,0.705995193932
1495638585988113559,0.060176407593,-0.033576800713,-0.899289792091,0.0378244422837,-0.0437352158411,0.809614385232,-0.0632624061434,0.281887180405,0.707466333296
1495638586038572695,0.0602044328675,-0.0342983084415,-0.899371191822,0.0382912617539,-0.0523463100986,0.807239556429,-0.0640431743752,0.337388383127,0.708030348431
1495638586090921670,0.0522359915514,-0.0311333588645,-0.736299731439,-0.0288708916628,-0.0643012837575,0.790993698063,0.0482873497617,0.414441937149,0.711888693921
1495638586139210564,0.0509336571845,-0.031532808008,-0.736493377981,-0.0505610602655,-0.069069575088,0.784733614961,0.0845647453454,0.445175069996,0.713375445982
1495638586191078685,0.05985762638,-0.0206568184175,-0.658420995483,-0.11450884493,-0.0592385515343,0.764793831985,0.191519150517,0.38181104042,0.718111088137
1495638586239977148,0.0586166907783,-0.0203308086397,-0.690397758912,-0.135176747435,-0.0553472818252,0.757214008296,0.226086778313,0.356730586937,0.719911274861
1495638586290010817,0.0814326891775,-0.00293522727281,-0.632551371843,-0.0367306018403,-0.0403482967584,0.72928948108,0.0614329283187,0.260057424861,0.726543271228
1495638586341163410,0.083341020471,-0.00243798819803,-0.633044167163,-0.00494786838418,-0.034413247039,0.718784267012,0.00827544414048,0.221804168331,0.729038229907
1495638586390224326,0.0834046974914,0.00114853462486,-0.683763955995,0.0985096407312,-0.0322869515444,0.715871857273,-0.164760047332,0.208099527114,0.729729918996
1495638586440775727,0.0854115196794,0.0012188190236,-0.683856157489,0.13193317722,-0.0314480668436,0.714841279491,-0.220661819109,0.202692652163,0.729974678309
1495638586489923878,0.0651691560404,-0.00642069764449,-0.6737026079,0.132872316269,-0.0455181898175,0.726796872544,-0.222232554653,0.293379006781,0.727135258717
1495638586537345341,0.0651885141305,-0.0068887353918,-0.673466515567,0.133195117133,-0.0511049282224,0.731254531362,-0.222772447858,0.329387287667,0.726076577334
1495638586588169680,0.0420576890764,0.0164902811944,-0.587951152794,0.0255887402682,-0.0537643811564,0.728194242447,-0.042797862488,0.346528295767,0.726803387311
1495638586638047462,0.0399716891694,0.016397262398,-0.587948231914,-0.00915305024117,-0.0548753738094,0.726952179893,0.0153087249103,0.353688991796,0.72709837366
1495638586690578445,0.0511464571609,0.00654722392874,-0.510148522306,-0.0478034378151,-0.0499747129307,0.718536460644,0.0799525469649,0.322102695703,0.729097083219
1495638586740887499,0.0503961030801,0.0067125374511,-0.510253634824,-0.060300769735,-0.0480011070016,0.715301250449,0.100854673735,0.309382186615,0.729865436506
1495638586791491906,0.044356896018,0.0264601855647,-0.452966405447,-0.0954070560502,-0.0459525910594,0.701292649137,0.15957089026,0.296178859003,0.733192439763
1495638586843396133,0.0436762592917,0.0265249106432,-0.45319329628,-0.10674291446,-0.0451805043175,0.695990198412,0.178530421065,0.291202517843,0.734451756838
1495638586888144558,0.0794630782924,0.0440981178505,-0.389552657059,-0.0746464073774,-0.0377626508789,0.686576725618,0.124848141983,0.243392126371,0.736687430047
1495638586941016923,0.0800836557004,0.0443423856375,-0.389687043695,-0.0643114114508,-0.0348473124406,0.682984764554,0.10756258084,0.224601855957,0.737540510658
1495638586988546014,0.0898923403867,-0.0062410777384,-0.469706733442,0.0244620420502,-0.0418460897432,0.677262044002,-0.0409134291438,0.26971117032,0.73889964063
1495638587040313772,0.0916137780393,-0.00646530864541,-0.469873781803,0.0531323222517,-0.0445213570666,0.675214496068,-0.0888652507925,0.286954107119,0.739385927483
1495638587091028810,0.0727318993654,-0.023765235334,-0.404050658135,0.0297572539081,-0.0512329939205,0.658979491844,-0.0497698146698,0.330212711249,0.743241695145
1495638587147545421,0.072279543872,-0.0239859908652,-0.404314017972,0.022223658818,-0.0538676750386,0.65283496881,-0.037169672446,0.347194057228,0.744701002016
1495638587188157222,0.0721334358238,-0.0240738545119,-0.342231510566,0.0197902442979,-0.0549164933337,0.650609662515,-0.0330997206267,0.353954020024,0.745229505978
1495638587239118938,0.0647930865872,0.0172046000975,-0.297961072701,-0.03950659397,-0.0384168920713,0.63582017428,0.0660758504864,0.247608916011,0.748741967674
1495638587290576319,0.0867756638703,0.00420158084226,-0.267536964304,-0.00841407543497,-0.0358687308603,0.641532897662,0.0140727694937,0.231185217964,0.747385212002
1495638587339213512,0.0873775444699,0.00428898331514,-0.267405766203,0.00160979375068,-0.0348250603195,0.643633573459,-0.00269242373222,0.224458434058,0.746886307431
1495638587392292679,0.081050893674,-0.00605849038212,-0.285517866234,0.00277040687373,-0.0395534245836,0.647078136834,-0.00463358067553,0.254934224442,0.746068233356
1495638587437445344,0.0810737633981,-0.00621435074233,-0.285464970756,0.00315142388806,-0.0414136428965,0.648386567923,-0.00527084197147,0.266923914788,0.745757484667
1495638587489235941,0.0757282674936,-0.00327139026011,-0.211183566011,-0.0303832829009,-0.0482437203872,0.654857361145,0.0508168651485,0.310945905963,0.744220689547
1495638587537679253,0.0750780765096,-0.00349981041224,-0.211006327715,-0.0412120822335,-0.0509704406144,0.657191136784,0.0689283258882,0.328520472861,0.743666424422
1495638587587971474,0.0912594464189,-0.00692896762658,-0.135173760517,-0.0509069671783,-0.0518194472726,0.659222382356,0.0851432840438,0.333992587002,0.743184009334
1495638587637431954,0.0910704769257,-0.00695666511582,-0.135080365753,-0.0540545599238,-0.0521499782692,0.659894765181,0.0904077183254,0.336122962921,-0.318100448768
1495638587690129925,0.0910094318816,-0.00696768795161,-0.135067431336,-0.0550712588572,-0.0522815565985,0.607089773212,0.0921081748812,0.336971026513,-0.709510256116
1495638587740557847,0.104538352762,-0.00659296362443,-0.118748123598,-0.0139680327412,-0.0452614830562,0.578965325237,0.0233619138036,0.291724451207,-0.536405767475
1495638587790352932,0.0799288628748,0.000722505731549,-0.109560658519,0.148898556971,-0.0383053257472,0.574085129503,-0.249036877124,0.246889836067,-0.916543499309
1495638587839700621,0.0830894685502,0.000953250845803,-0.109647444193,0.201538786763,-0.035551129699,0.553185417558,-0.337079089923,0.229138178887,-1.03112743848
1495638587889833113,0.0463153087968,0.00106399500363,-0.160173839268,0.359846949239,-0.0334792978796,0.514143595446,-0.601853787598,0.215784573135,-1.02185511597
1495638587939367206,0.0493881777164,0.00113309978851,-0.160957303642,0.41102616311,-0.0326544002722,0.499606715164,-0.687452411622,0.210467849387,-0.720318389235
1495638587991193628,-0.000909902059657,0.00430963717996,-0.155964251764,0.345706510839,-0.0335382891298,0.506403368172,-0.578203520652,0.21616479024,-0.936804328015
1495638588040812368,-0.00217411023546,0.00427956425982,-0.155830595487,0.324652153516,-0.033897353995,0.498194815028,-0.542989536686,0.218479075891,-1.01806732565
1495638588093581441,-0.0285663949602,0.00412655166251,0.0183826705663,0.132478079981,-0.0359913935074,0.483660900718,-0.221573183762,0.231975817189,-1.01461556204
1495638588140589508,-0.0322926200628,0.00405671368765,0.01822979608,0.0704184722502,-0.0368250420275,0.478028010338,-0.117776805751,0.237348943313,-1.01327776648
1495638588190695674,-0.0334962165021,0.00402891244661,0.0181218905755,0.0503726973125,-0.0371569022605,0.475922469878,-0.0842497031951,0.239487886578,-1.01277770656
1495638588240212516,-0.0359164208533,0.00728949968988,0.207321630799,-0.123331979932,-0.0377694566933,0.446406072829,0.206276083238,0.24343599198,-1.00576764561
1495638588294267715,-0.0392857355853,0.00726846422068,0.218388406094,-0.17944772576,-0.0380206441982,0.435168361445,0.30013119092,0.245054974215,-1.00309872088
1495638588340773554,-0.00638096681524,0.00713705807725,0.375250290298,-0.306782693533,-0.0408032455769,0.404332609269,0.513102379949,0.262989712657,-0.99577531681
1495638588388817166,-0.0088528124553,0.00704424279484,0.374772974988,-0.347951815318,-0.041911173731,0.392625577575,0.581958853321,0.27013065703,-0.992994929839
1495638588440634371,0.0478832255487,-0.0024484105109,0.411656917185,-0.28767656082,-0.0343261665205,0.37649930182,0.481146854514,0.221242907083,-0.989164984881
1495638588490887895,0.0666733058656,-0.00167097360249,0.271219694096,-0.0652897980468,-0.0225045528737,0.361154992116,0.109198958971,0.145048900156,-0.985520754652
1495638588539408524,0.0709860126973,-0.00127669702496,0.270825079283,0.00653778528327,-0.0177981127305,0.355579926008,-0.010934623299,0.114714417607,-0.984196692193
1495638588596725308,0.0533873658526,0.00270293241903,0.157874768807,0.180898552994,-0.00860063217405,0.339429578229,-0.30255773884,0.0554337713127,-0.980361030197
1495638588640220363,0.0567705356163,0.00300906944163,0.157484491927,0.23724544215,-0.00494639630492,0.333521679059,-0.396799440012,0.0318810752559,-0.978957920826
1495638588690860673,0.0211390404435,0.0129828113425,0.148537820665,0.266283165039,-0.00810300465306,0.31146971825,-0.445365819527,0.0522264058959,-0.973720642399
1495638588738155445,0.0217043106731,0.0128756641206,0.148109383735,0.275698407791,-0.00938228550365,0.303236400091,-0.461113068526,0.0604717721296,-0.971765252584
1495638588790482702,0.000356285181996,0.00875234328041,0.265990386696,0.188115695805,-0.0211176284657,0.280460774553,-0.31462860604,0.136109737441,-0.966356105827
1495638588839621489,-0.00134140448937,0.008361558759,0.265639289515,0.159841161078,-0.0257822937046,0.271811514915,-0.267338679437,0.166174967632,-0.964301931085
1495638588896239862,-0.0113359315744,-0.00250573921983,0.447670555035,0.0311028624096,-0.0379045958035,0.249489959427,-0.0520203814036,0.244307005921,-0.959000624684
1495638588938324405,-0.0138325802131,-0.00290819736292,0.447374270988,-0.0104785200102,-0.0427084263243,0.240936889475,0.0175256090677,0.275269199993,-0.95696929472
1495638588988615503,-0.0146279424007,-0.0525870106787,0.499368359412,-0.0906972065712,-0.0427796907345,0.195452017504,0.151693539197,0.275728521464,-0.946166766057
1495638589037388192,-0.016183946319,-0.0525802763019,0.49853530723,-0.116612369861,-0.0426979606595,0.178389016113,0.195037353047,0.275201745502,-0.942114351406
1495638589088087864,-0.00197539683949,-0.015071324869,0.478136681015,-0.159657207466,-0.0252690491761,0.139825540963,0.267031012029,0.162866945705,-0.932955634945
1495638589137478431,-0.00281116365035,-0.014496702325,0.477384032376,-0.173577143607,-0.0184108199745,0.125432935029,0.290312482963,0.118663507925,-0.929537431674
1495638589188129703,0.0072077119074,0.006793639288,0.551731955184,-0.111275978051,0.00436158503386,0.0740390577907,0.186112092934,-0.0281117832311,-0.917331530945
1495638589239816654,0.00841563926862,0.00754951824954,0.561828831598,-0.0911581938707,0.0133839018164,0.054754143944,0.152464552965,-0.086263444076,-0.912751418359
1495638589290987966,0.00880580759686,0.00785040236415,0.55865671557,-0.0846599804825,0.0169755210609,0.0475301579367,0.141596114734,-0.109412556352,-0.91103574208
1495638589339271547,0.0163176403903,0.024752504012,0.56330921311,0.059822666732,0.0172232270026,-0.0264554661945,-0.100055033488,-0.11100909882,-0.893464365253
1495638589388174279,-0.00132639976386,0.0211706444085,0.503438546929,0.167565802484,0.0123994928257,-0.101357696497,-0.280258351808,-0.0799186194439,-0.875675297049
1495638589438394143,0.000764551412164,0.0210103611584,0.501962110032,0.2023908472,0.0104862959007,-0.129289383116,-0.338504184126,-0.0675874653294,-0.869041600345
1495638589488459375,-0.0202680636079,0.0232700432814,0.471392340463,0.181519379369,-0.00514493602514,-0.189080039005,-0.303596087799,0.0331607260099,-0.854841488395
1495638589537480765,-0.0206717340619,0.0227481046123,0.47022615817,0.174796673253,-0.0113753546621,-0.211396235668,-0.292352179389,0.073317727834,-0.849541454699
1495638589590102818,-0.034248199452,0.0184799518941,0.484277632309,0.101682868891,-0.0233746686113,-0.259388124788,-0.17006735754,0.150657068932,-0.838143516542
1495638589639948405,-0.0356656653472,0.0180803867458,0.483369323273,0.0780752984047,-0.028144143871,-0.27734480803,-0.130583055274,0.181397832573,-0.833878854974
1495638589691264004,-0.0390938305501,0.00755236143555,0.491838663812,0.012978637416,-0.0364058302682,-0.316209125645,-0.0217071232734,0.234646992069,-0.824648689277
1495638589740567415,-0.0403563552883,0.00727864757849,0.491101013912,-0.00804859160223,-0.0396728554073,-0.33074729333,0.0134614878655,0.255703993551,-0.821195915502
1495638589794381240,-0.0339353101969,0.00786819902754,0.444884864452,-0.00499709177092,-0.0309740526043,-0.375365322333,0.00835777159057,0.199637481751,-0.810599259596
1495638589838682541,-0.033876480425,0.00815831985125,0.443997788274,-0.00401740900353,-0.0275109097685,-0.391991670666,0.00671922557693,0.177316440216,-0.806650548813
1495638589890229253,-0.032055597109,0.0121007819481,0.377712049043,0.0268470135989,-0.0168575635717,-0.425084054248,-0.0449023587788,0.108652283345,-0.798791201151
1495638589938048182,-0.0314570045059,0.012455499641,0.377031107102,0.0368165124803,-0.0126234214997,-0.437378815877,-0.0615766161954,0.0813619099659,-0.79587122998
1495638589990890239,-0.0446693530055,0.0129101146312,0.314818183444,0.0420948303799,-0.00630406707861,-0.473672009026,-0.0704047461177,0.0406316891251,-0.787251699084
1495638590038696527,-0.0445662216085,0.013120871714,0.31407891653,0.043812735706,-0.00378828187662,-0.487167983361,-0.0732779893936,0.0244166646087,-0.784046443286
1495638590089951229,-0.0445329042083,0.0132047703225,0.313820115019,0.0443676335817,-0.00278679378744,-0.492212269529,-0.0742060711487,0.0179617598314,-0.782848439564
1495638590140583507,-0.0419576778063,0.0193257625114,0.314371548307,0.0264286715247,-0.0116408801995,-0.519291119998,-0.0442026703074,0.075029123185,-0.776417289037
1495638590191409379,-0.0390357419662,0.00882800095722,0.250057424249,0.00665507712096,-0.0154471967089,-0.534848163989,-0.0111307970805,0.0995620266573,-0.772722535016
1495638590238337695,-0.0394194666443,0.00870293158684,0.227265955451,0.000264102330445,-0.0169398603498,-0.540615792636,-0.000441718314488,0.109182711886,-0.771352739498
1495638590288866328,-0.0395434144875,0.00865315293656,0.22848338606,-0.0018002362524,-0.0175340624013,-0.542744202467,0.00301094398429,0.113012530436,-0.770847248172
1495638590349890288,-0.0419466494048,0.0121507140865,0.178740128486,0.0208286874074,-0.0153243213544,-0.552175047052,-0.0348365449071,0.098770056467,-0.768607449212
1495638590390852968,-0.0415075674753,0.0122237989002,0.178523887022,0.0281416247906,-0.0144520058282,-0.55564349898,-0.0470676311282,0.0931477093637,-0.767783701673
1495638590440479602,-0.0545033244005,0.00568324227734,0.127428547109,0.0429167700336,-0.0143631604344,-0.579512367779,-0.0717794624931,0.0925750729406,-0.762114912729
1495638590496206591,-0.0542159897017,0.00568740620173,0.126935035688,0.0477025692727,-0.014313279162,-0.588376565116,-0.0797838415905,0.0922535724981,-0.76000969089
1495638590538052063,-0.0511823307702,0.00254997333067,0.102302668905,0.0451093761312,-0.0111303452584,-0.62173634379,-0.0754466556911,0.0717385653981,-0.752086837649
1495638590591100641,-0.0512328034605,0.00265674497279,0.101646558415,0.044268696779,-0.00985573237668,-0.634178823131,-0.0740405966614,0.0635232856878,-0.749131783938
1495638590638315097,-0.0573128073887,0.00641899483622,0.0188509281853,0.0600410672086,-0.00348772019319,-0.649645060708,-0.100420314212,0.0224794503101,-0.745458596184
1495638590690924998,-0.0570065187707,0.00663076866389,0.0184954240433,0.0651424089961,-0.000959887515233,-0.655331796927,-0.108952446784,0.00618677603326,-0.744108012389
1495638590740180770,-0.0707005442174,0.00611718200282,-0.00793354251845,0.00361353515553,-0.0106842720947,-0.658559536038,-0.00604373560641,0.0688634839805,-0.743341433464
1495638590788542159,-0.0718932838167,0.00579282948746,-0.00801431344784,-0.0162512262031,-0.014556039092,-0.659735843101,0.0271806168265,0.0938182363709,-0.743062063857
1495638590840806837,-0.0434873112406,-0.0085619850874,0.0165685719622,-0.0619878367633,-0.0288089778804,-0.661219353902,0.103676339121,0.18568289624,-0.742709734231
1495638590888378666,-0.0443760922528,-0.00903489062957,0.0165578572453,-0.0767909975918,-0.0344536415042,-0.661802113581,0.128435027313,0.222064523326,-0.742571330453
1495638590938080869,-0.0263710123918,-0.0152355006226,-0.102739744193,0.00283547302674,-0.0293985407354,-0.662156820751,-0.0047424055821,0.189482813713,-0.742487088501
1495638590988837535,-0.0248274661431,-0.0150657037065,-0.102832306466,0.0285428204925,-0.027371515338,-0.662152635536,-0.0477386418266,0.176417999401,-0.742488082478
1495638591038839768,-0.0541195921602,-0.00748971355186,-0.232999726165,0.107229659773,-0.00996624066163,-0.667660758853,-0.17934451581,0.064235546237,-0.741179918743
1495638591088682769,-0.0525916063489,-0.00691038934516,-0.233198723755,0.132678766387,-0.00305107925686,-0.66957058682,-0.221908837222,0.0196651625554,-0.740726339993
1495638591140556057,-0.0777313575095,-0.0038836987839,-0.228253755324,0.0704627853422,-0.00760754560493,-0.689040233685,-0.1178509206,0.0490330169667,-0.736102353837
1495638591188166024,-0.078936780134,-0.00403627698214,-0.228622786975,0.0503870107898,-0.00942894622218,-0.696324145914,-0.0842736428743,0.0607725150922,-0.734372445249
1495638591239039529,-0.0601372243662,-0.0116163820395,-0.215330538292,0.0128567697767,-0.0230946587523,-0.701175425392,-0.0215032963396,0.148852317587,-0.733220280072
1495638591288537026,-0.0608662801183,-0.0120709378363,-0.26477193496,0.000714012689753,-0.0285204653465,-0.703060829433,-0.00119420559943,0.183823342489,-0.732772501935
1495638591338973607,-0.0593013559446,-0.015907693635,-0.306894788466,0.0237156444171,-0.0367846992307,-0.686067655309,-0.0396650588477,0.237088921337,-0.736808332808
1495638591389375614,-0.0588552680638,-0.0161827197959,-0.30659987931,0.0311451886377,-0.0400675700523,-0.679666883484,-0.0520911731687,0.258248053211,-0.738328498043
1495638591440913803,-0.0707139728218,-0.0228406620831,-0.359423020146,0.0557960155604,-0.0399258401937,-0.669830520872,-0.0933203501347,0.25733455983,-0.74066460639
1495638591489065320,-0.0702351378485,-0.0228347121779,-0.359272763023,0.0637712216239,-0.0398546365794,-0.666092876058,-0.106659098695,0.256875630208,-0.74155228648
1495638591539048841,-0.072753719654,-0.0254464915461,-0.378454425791,0.0642737832419,-0.031541228527,-0.662573745546,-0.107499646639,0.203293108425,-0.74238807004
1495638591590760791,-0.0727438292002,-0.0251686419397,-0.378400872345,0.0644385571872,-0.0282244801531,-0.661236213057,-0.107775235534,0.181915625103,-0.742705730229
1495638591638204047,-0.0833773577163,-0.00442270834422,-0.41897496395,-0.0080010374679,-0.0139344310194,-0.65810259884,0.0133819522854,0.0898117774218,-0.743449954758
1495638591690780286,-0.0847819114649,-0.00394973689896,-0.418944169095,-0.0313936137981,-0.00828915337715,-0.656884653988,0.0525066709909,0.0534261927944,-0.743739213221
1495638591737809658,-0.0699068227166,-0.0109519704282,-0.42161194652,-0.106757955883,-0.0121540248511,-0.65804063266,0.178555578253,0.0783365013746,-0.743464671551
1495638591790369837,-0.0713695474201,-0.0110796345884,-0.421635986388,-0.131119861846,-0.0136777568124,-0.658469707682,0.219301527074,0.0881574316706,-0.743362767444
1495638591840407135,-0.0426379197594,-0.0148928074173,-0.455702645319,-0.0996132663306,-0.0211204285482,-0.651164512664,0.166605891096,0.13612778485,-0.745097730634
1495638591892451325,-0.0420283875102,-0.0151404271058,-0.455587340881,-0.0894620901795,-0.024076150221,-0.648394587512,0.149627773515,0.155178337875,-0.745755580037
1495638591939943883,-0.0288881435107,-0.022115587715,-0.552567424598,0.0318723617511,-0.0284380413,-0.642646162899,-0.0533073899339,0.183292093663,-0.747120814651
1495638591989742884,-0.0265352889387,-0.0222598395231,-0.552527146189,0.0710587991108,-0.0301597799734,-0.640386062617,-0.118847769802,0.194389239309,-0.747657582087
1495638592040566667,-0.0443976979702,-0.0152648458883,-0.639760860905,0.164982593942,-0.0286349055436,-0.632672737829,-0.275937865422,0.184560945445,-0.749489474945
1495638592090944229,-0.0425747963183,-0.0152152526271,-0.639675972978,0.195343289533,-0.028043102072,-0.629689283511,-0.326716952682,0.180746586495,-0.750198036921
1495638592137564616,-0.0728858010383,-0.011943747168,-0.679215305379,0.113999424659,-0.0297510995741,-0.612538130947,-0.19066713129,0.191755165983,-0.754271387227
1495638592188314365,-0.0744619669029,-0.0120013332671,-0.678915515481,0.0877490376205,-0.0304385905412,-0.606081265019,-0.146762646624,0.196186260847,-0.755804874654
1495638592243270307,-0.0803516823033,-0.0118006062557,-0.656433611771,-0.0641472718886,-0.0241278569764,-0.58702473581,0.107288052968,0.155511604127,-0.760330746533
1495638592288156390,-0.0832977718027,-0.0115900902332,-0.644543085546,-0.113214152257,-0.0216149424414,-0.579913498085,0.189353741888,0.13931508196,-0.762019645414
1495638592339260445,-0.0486575828142,-0.00467947795481,-0.647696176297,-0.151809314473,-0.0184048298522,-0.561191163377,0.253905198033,0.118624899708,-0.766466147043
1495638592388579080,-0.0494081884011,-0.00457364252321,-0.647340157471,-0.164311290443,-0.0171416639318,-0.554188669702,0.274815092104,0.110483399253,-0.768129219518
1495638592438676158,-0.0326046801493,0.00908389850392,-0.733468678608,-0.103098835598,-0.0136824631918,-0.542557548975,0.172435600281,0.0881877657618,-0.77089157785
1495638592491007816,-0.0314182535955,0.00919680705492,-0.733308021911,-0.0833392780669,-0.0123350480508,-0.538110791433,0.139387204105,0.0795032526612,-0.77194767021
1495638592540512085,-0.0292079829723,-0.00770694255073,-0.824587046222,0.0234851871466,-0.0147624110903,-0.526368595782,-0.039279612809,0.0951483686135,-0.774736408522
1495638592591039388,-0.0271359709721,-0.00778482920158,-0.824427967087,0.057994415525,-0.01569168374,-0.521874410208,-0.0969972337325,0.101137822238,-0.775803764906
1495638592638388290,-0.0586939425877,-0.00448159474507,-0.844604574777,0.09758562259,-0.0162980699249,-0.510568952395,-0.163214601916,0.105046171348,-0.778488779215
1495638592688374744,-0.0579241898811,-0.00450243223768,-0.844402731175,0.110406433226,-0.0165468953447,-0.506319554639,-0.184657755617,0.106649929204,-0.779497999184
1495638592740342247,-0.0713798041862,-0.00480687360414,-0.836704220321,0.053442034356,-0.021279730232,-0.506330668707,-0.0893832526914,0.137154534156,-0.779495359624
1495638592791147866,-0.0724840174358,-0.00496472521061,-0.836698897822,0.0350516709427,-0.0231639892833,-0.506343650345,-0.0586248708322,0.1492991746,-0.779492276521
1495638592837359610,-0.0452081109417,-0.0118539676201,-0.843602458124,0.0348329699455,-0.0258799959974,-0.512788990969,-0.0582590874796,0.166804689546,-0.777961526322
1495638592888387609,-0.0452138907541,-0.0119433215035,-0.843730765044,0.0347361782631,-0.0269464230219,-0.515190505544,-0.0580972007641,0.173678146125,-0.777391173392
1495638592937395655,-0.0459313433694,0.0016634463897,-0.909647471083,0.0730164755059,-0.0234391360292,-0.504906698855,-0.122122036697,0.151072581656,-0.779833548443
1495638592990386752,-0.0451887576253,0.00177796861483,-0.909498065506,0.0853842232368,-0.0220724571634,-0.500986775464,-0.142807430395,0.142263907809,-0.78076451918
1495638593038813440,-0.0743869381115,-0.00492209222427,-0.972296436002,0.0567337179062,-0.0225187511229,-0.493161161316,-0.0948886827541,0.145140412325,-0.782623080444
1495638593089599437,-0.0749410428104,-0.00493575356242,-0.972191830338,0.0475056942866,-0.0226816448701,-0.490163747373,-0.0794545628337,0.146190313605,-0.783334957792
1495638593138612931,-0.08506433854,-0.00544746317,-0.943250059,-0.0181302623158,-0.0312823167363,-0.488474165584,0.0303233557154,0.201624340746,-0.783736228696
1495638593188737533,-0.0863369469063,-0.00573432420713,-0.927380885804,-0.0393253038431,-0.0347065497543,-0.487857594122,0.0657726378297,0.223694596304,-0.783882662678
1495638593242344211,-0.0715839880457,0.0146868949731,-0.946450184214,-0.095341595043,-0.0270017638377,-0.486059070561,0.159461404949,0.174034835036,-0.784309806945
1495638593290710138,-0.0726714004123,0.0149402136639,-0.946429476917,-0.113452687717,-0.0239784621248,-0.48536487295,0.189752698918,0.154548707462,-0.784474676917
1495638593341119693,-0.0467611768016,0.00205702436498,-1.02501454914,-0.122901684561,-0.0176828913696,-0.479835095503,0.205556402553,0.113971779806,-0.785787983447
1495638593391272017,-0.0469459250745,0.00226943433636,-1.02496522903,-0.125979161804,-0.0151470153774,-0.477677822278,0.210703566754,0.0976272638462,-0.786300329747
1495638593440876998,-0.0288516442082,0.00903859346255,-1.05412657376,-0.0358348026209,-0.0136350184179,-0.460823531974,0.0599346798154,0.0878819693167,-0.790303176105
1495638593491007254,-0.0271040813554,0.00908779849916,-1.05382500315,-0.00672956906755,-0.013047843064,-0.454489539747,0.0112553868826,0.0840974400367,-0.791807481374
1495638593539741665,-0.0432984811251,-0.00802472525109,-1.12015647524,0.0741027723011,-0.0196798299376,-0.43182854338,-0.123938897565,0.126842675068,-0.797189404026
1495638593587698534,-0.0417296160739,-0.00824285769442,-1.11977050787,0.100232466812,-0.0222832044411,-0.423281240408,-0.167641520705,0.143622240099,-0.799219364348
1495638593638169543,-0.0579497049572,0.0119103373544,-1.10441725396,0.101408282691,-0.0205923705886,-0.40505973151,-0.169608104669,0.132724285714,-0.803546921261
1495638593696616083,-0.0579259826438,0.011963054256,-1.10405751339,0.101803691476,-0.0199636358511,-0.398265678001,-0.170269436593,0.128671893175,-0.805160489786
1495638593740978918,-0.0732640623888,0.0188048506126,-1.13866820396,-0.00214763303599,-0.0170158965666,-0.397910351537,0.00359197453198,0.109672789147,-0.805244878818
1495638593791370803,-0.0752796023854,0.01890194478,-1.13868628904,-0.0357160679315,-0.0158570728504,-0.397737837835,0.0597360928254,0.102203806917,-0.805285850335
1495638593841028092,-0.0583468045885,0.0157698025764,-1.1467147688,-0.0895139528463,-0.0139397007265,-0.406795341836,0.149714515233,0.0898457423363,-0.80313471871
1495638593891175883,-0.0593913081092,0.0158343487391,-1.14689387302,-0.106910442813,-0.0131691315699,-0.410172058811,0.178810616783,0.0848791824903,-0.802332757962
1495638593941284351,-0.0374809626586,0.0091864295242,-1.17307399146,-0.0685010254775,-0.0131210201771,-0.405567610266,0.114569823991,0.0845690894769,-0.803426301491
1495638593991246775,-0.0367371478244,0.00918925408192,-1.17300470034,-0.0561132462823,-0.0130871239616,-0.403816334413,0.0938509271256,0.0843506177394,-0.803842224561
1495638594040560661,-0.0375345308565,-0.00794092923171,-1.20261525342,0.0581642592253,-0.018232417999,-0.393546906327,-0.0972813019301,0.11751365125,-0.806281184735
1495638594091074905,-0.035317778336,-0.00810945605687,-1.20244001909,0.0950841931288,-0.0202436520711,-0.389673985748,-0.159030893262,0.13047668552,-0.807200992437
1495638594139093233,-0.0598635002338,-0.00510388714478,-1.19904737884,0.12924795928,-0.0264021503249,-0.38822258426,-0.216170719236,0.170170137922,-0.807545696192
1495638594188896075,-0.0591994220512,-0.00530991204855,-1.1838109598,0.140308629199,-0.0288615412067,-0.387666456289,-0.234669989824,0.186021683361,-0.807677775015
1495638594239270146,-0.0777310727593,0.00503308786845,-1.2203253526,0.0920900478471,-0.0220143178255,-0.387517952795,-0.154023104028,0.141889181545,-0.807713044175
1495638594291023516,-0.0786653521385,0.00525964317687,-1.22034876436,0.076530024254,-0.0193102170868,-0.387420571971,-0.127998542324,0.124460404343,-0.807736171846
1495638594340736468,-0.0708505562679,0.0021462265227,-1.25831813258,0.0321640700292,-0.0162900735786,-0.391716083769,-0.053795279945,0.104994632388,-0.806715999923
1495638594390610691,-0.0717115891345,0.00224756238169,-1.25842763476,0.017823452849,-0.0150803480359,-0.393278319114,-0.0298102085566,0.0971975719248,-0.80634497344
1495638594437975934,-0.0764174519413,-0.000928090724504,-1.28688764766,0.020953066398,-0.013142812961,-0.397647157813,-0.035044572144,0.0847095508028,-0.805307386584
1495638594490773638,-0.0763564797288,-0.000862863859536,-1.28699171592,0.0219686472848,-0.0123641171171,-0.399247707783,-0.0367431587366,0.0796906119087,-0.804927260486
1495638594539410620,-0.085186607397,-0.00121434861541,-1.30562430538,0.00313208523365,-0.0183950359267,-0.405227716173,-0.00523849754719,0.118561774787,-0.803507025378
1495638594590341396,-0.0855514934476,-0.00141550117889,-1.30575214043,-0.00294490503209,-0.0207961752146,-0.407441829673,0.00492543358066,0.134037870437,-0.802981179674
1495638594645606528,-0.0785608723693,0.0252232467319,-1.31737553869,-0.0851496351216,-0.0255943935435,-0.401314050137,0.142415075406,0.164963892173,-0.804436510011
1495638594688702437,-0.0801558396302,0.0250582717519,-1.31726662966,-0.111713882266,-0.0275644118748,-0.399010005314,0.186844499616,0.177661278068,-0.804983714151
1495638594740743692,-0.0597113546315,0.00121098063988,-1.38120908482,-0.118721080245,-0.0310836782626,-0.398758289993,0.198564228387,0.200344053495,-0.805043495829
1495638594790913413,-0.0598484298011,0.00109793704229,-1.38125024206,-0.121004457956,-0.0324324301602,-0.398590877667,0.202383239571,0.209037182411,-0.805083255784
1495638594841163166,-0.0475912350361,-0.00502246994458,-1.34932527912,-0.084971171951,-0.023716555391,-0.403316045661,0.14211659091,0.152860636435,-0.803961041727
1495638594892141365,-0.0468929672626,-0.00473054879088,-1.34939274992,-0.0733417898334,-0.0202317408226,-0.405119036367,0.122666133738,0.130399913788,-0.803532836525
1495638594941460976,-0.0385661743183,-0.00101157850634,-1.36878791402,-0.0260880606506,-0.0137156927757,-0.407423312155,0.0436329893774,0.0884019408501,-0.802985577532
1495638594990213897,-0.0376500354934,-0.000794857636045,-1.36884595553,-0.0108299692378,-0.0111288063109,-0.408262470243,0.018113417438,0.0717286463993,-0.802786279855
1495638595041073083,-0.0438284549222,0.00921870592406,-1.41138429766,0.070199077742,-0.0139785937717,-0.416129555474,-0.117409862482,0.0900964202087,-0.800917869326
1495638595090911617,-0.0422563388575,0.00912178824436,-1.41156543346,0.0963827234329,-0.0151357661296,-0.419021695901,-0.161202720434,0.0975547589169,-0.800230994141
1495638595139257150,-0.0515203314056,0.0154151060009,-1.45699803742,0.1006890357,-0.0199716606104,-0.421762844204,-0.168405144559,0.128723615265,-0.799579979159
1495638595187273168,-0.0514362771387,0.015252605732,-1.46790551778,0.102089135644,-0.0219115887749,-0.422747879892,-0.170746849708,0.1412270606,-0.799346035964
1495638595239119080,-0.0618765807373,0.00534338690291,-1.50134809152,0.0171053934397,-0.0180725291097,-0.422069861771,-0.0286092347089,0.116483117222,-0.799507063354
1495638595291049007,-0.0635244715403,0.00547329176065,-1.50135916143,-0.0103399548745,-0.0165215931625,-0.421778057166,0.0172938551181,0.106486848706,-0.799576366124
1495638595337589772,-0.0643193960094,0.0123786371765,-1.50918269152,-0.0808155159053,-0.0136943670578,-0.421677943708,0.135166143404,0.0882644899109,-0.799600142787
1495638595388008403,-0.0656864068514,0.012471698857,-1.50918640074,-0.1035830076,-0.0125836806679,-0.421631548522,0.173245391093,0.0811057678434,-0.799611161513
1495638595440939786,-0.0463333803388,0.0161480380227,-1.55623330534,-0.104705338624,-0.0111580768905,-0.433461220495,0.175122520188,0.0719173044635,-0.796801647821
1495638595488052762,-0.0463562417788,0.0161949278996,-1.55649351406,-0.105086470378,-0.0105984539342,-0.437829505854,0.175759973389,0.0683103590254,-0.795764192383
1495638595538644946,-0.0314029443442,0.0194226678103,-1.596594421,-0.0140742248121,-0.0123193565041,-0.449156929851,0.0235395229238,0.0794021157219,-0.793073961167
1495638595588197970,-0.0296383695348,0.0193646591709,-1.59684002416,0.0153144030851,-0.0130118901332,-0.453345426424,-0.0256137547394,0.0838657121238,-0.792079205058
1495638595640163515,-0.0349081033525,0.022443242158,-1.63177694837,0.0998728757755,-0.0137683990081,-0.459239296546,-0.167040094937,0.0887416490453,-0.790679427546
1495638595688331719,-0.0332675761769,0.0224174371411,-1.63191485773,0.127195887966,-0.0140765154645,-0.461402515258,-0.212738574277,0.0907275562246,-0.79016566921
1495638595741010554,-0.0521883748388,0.0219772060339,-1.64905092063,0.146875205905,-0.0210278883377,-0.458478296006,-0.245652767558,0.135531334175,-0.790860163025
1495638595792510471,-0.0518055770414,0.0217453594964,-1.64900728111,0.153251053916,-0.0237954177665,-0.457365501704,-0.256316546375,0.153368929174,-0.79112444853
1495638595838127169,-0.0666143577537,0.00478872813728,-1.66014205214,0.119572619245,-0.0273729803062,-0.45696236182,-0.199988450473,0.17642744158,-0.791220193114
1495638595893313720,-0.0672668032666,0.00467247565187,-1.66014234316,0.108706454418,-0.0287602227076,-0.456798891166,-0.18181449493,0.185368653863,-0.791259016933
1495638595943505371,-0.0840039852308,0.0175756011566,-1.64756910562,0.0358045253816,-0.0336730383515,-0.462083834939,-0.0598840403111,0.217033291229,-0.790003857709
1495638595990211313,-0.085417163087,0.0174093221042,-1.64766120253,0.0122684333186,-0.0356582522502,-0.46407389567,-0.020519287648,0.229828617321,-0.741084482681
1495638596040814951,-0.0752243208548,0.0544570769286,-1.71055329625,-0.110778193926,-0.0249053925993,-0.463003557567,0.185279535477,0.160523065033,-0.5749136733
1495638596091099069,-0.077611702777,0.0548090426584,-1.71057803245,-0.150540135489,-0.020704994962,-0.454210077243,0.251782461741,0.133450185117,0.780637636433
1495638596138206946,-0.0478067402663,0.0493090681102,-1.8462808218,-0.206843858912,-0.00977914122252,-0.389629297743,0.345951967054,0.0630296316821,0.992283321839
1495638596190546495,-0.0489005766045,0.049674609737,-1.81701147953,-0.225062234565,-0.00541553925687,-0.353950339265,0.376422694717,0.0349048486931,0.983809669943
1495638596240831167,-0.0313927222976,-0.000962749263875,-1.90194366448,-0.26924204295,-0.0152518976787,-0.342352603355,0.450314623126,0.0983032631664,0.981055240411
1495638596291094964,-0.0322506907818,-0.00128164402759,-1.9017827865,-0.283531811016,-0.0190571615954,-0.337919697583,0.474214647992,0.122829382349,0.980002437807
1495638596340992023,0.0146190575282,-0.0121755463884,-1.80639955447,-0.294832881294,-0.0301059285887,-0.330256895913,0.493115994703,0.194042150248,0.978182544047
1495638596388229030,0.0143972020171,-0.012542181967,-1.80618433283,-0.298528784618,-0.0344821461068,-0.327501712439,0.499297493307,0.222248244428,0.977528195751
1495638596441378321,0.0541001087472,-0.0120079181874,-1.77926363558,-0.178017212661,-0.0262249326661,-0.314112085783,0.297738618943,0.16902791454,0.974348197227
1495638596487362172,0.0564355040995,-0.0117325205171,-1.77898804492,-0.139122073175,-0.0229375379328,-0.309137574021,0.232685442674,0.147839624636,0.97316676473
1495638596540271624,0.0686721357474,-0.0142771550281,-1.78320556215,0.0396446907173,-0.0111492731553,-0.287985558962,-0.0663068210438,0.0718605616289,0.968143220878
1495638596587937252,0.0721390893814,-0.0138833817778,-1.78280381229,0.0973864178451,-0.00644875145661,-0.280073569372,-0.162881426575,0.0415642253108,0.96626414569
1495638596642622487,0.0402042304155,-0.0132860777199,-1.78716788914,0.189006178439,0.00322657677713,-0.262112184379,-0.316117962409,-0.0207962991053,0.96199836747
1495638596695926123,0.0419832326318,-0.0129633772877,-1.78682730316,0.218636003813,0.00707862067282,-0.255392764313,-0.365674649398,-0.0456239299212,0.960402524177
1495638596746055053,0.0154957120463,-0.00300185265622,-1.81737449322,0.158286782694,0.00497610773917,-0.244875768277,-0.264738939409,-0.0320725747664,0.957904767314
1495638596793325730,0.0143265760289,-0.00307382854306,-1.81719519466,0.138815386179,0.00411666580714,-0.240909226663,-0.232172500351,-0.0265332020142,0.956962724881
1495638596841506856,0.00749028633159,0.00301154127238,-1.87026082943,0.00774610999152,-0.00645355930666,-0.231446899506,-0.0129555791633,0.0415952134121,0.954715448899
1495638596892644926,0.00494824432977,0.00265775755215,-1.87011790451,-0.0345913582196,-0.0106768235046,-0.227848800491,0.0578549853114,0.0688154754817,0.953860910542
1495638596940004229,0.0177499671968,-0.0048157209716,-1.90786912433,-0.110899362076,-0.0226159241405,-0.21153799104,0.185482192495,0.145766722894,0.949987139352
1495638596988160840,0.0162690546099,-0.00521268922926,-1.90758413028,-0.135564146237,-0.0273543138425,-0.205397316655,0.226734713321,0.176307130368,0.948528746525
1495638597039286124,0.0261236506453,-0.00848856506097,-1.89992906675,-0.138861578593,-0.0251020610986,-0.193444606585,0.232249758417,0.161790655182,0.945690011632
1495638597089936489,0.0260591329195,-0.00841281949684,-1.89969482599,-0.139936309738,-0.024197801325,-0.188985160796,0.234047275421,0.155962417387,0.944630905849
1495638597140945704,0.0411147330666,-0.0112588261606,-1.90574562443,-0.105580897311,-0.0162848955358,-0.17821261842,0.176586915851,0.104961258279,0.942072457452
1495638597191482018,0.0417802963996,-0.0109942960467,-1.88696900636,-0.0944962605409,-0.0131271349952,-0.17415732138,0.158047560055,0.0846085013971,0.941109335855
1495638597241315448,0.052955937091,-0.0103096198256,-1.91690907922,-0.0116921707876,-0.00162715767763,-0.157688018511,0.0195554729271,0.0104875414698,0.937197922927
1495638597291468403,0.0545615064505,-0.00992605738621,-1.90938993926,0.0150483014286,0.00295139080389,-0.151488760842,-0.025168692498,-0.0190226392161,0.935725616734
1495638597340709442,0.0505311836846,0.000401629347427,-1.94620686322,0.0687241157413,0.00625966843669,-0.133140918982,-0.114942948511,-0.0403455259556,0.931368056099
1495638597392832552,0.0515725920186,0.000510113223395,-1.9458822151,0.0860688051989,0.00755435639787,-0.126239822018,-0.143952412303,-0.0486901958483,0.929729065056
1495638597442448705,0.0378643712664,0.0545248757768,-1.97766275232,0.0176220006467,0.0172117564031,-0.0931423303591,-0.0294732742814,-0.11093516721,0.921868504241
1495638597488481516,0.0365374413215,0.0548371802472,-1.97705222173,-0.00447769490266,0.0209382610509,-0.0807332188571,0.00748906623377,-0.134953658207,0.918921375297
1495638597537336611,0.0567728074537,0.0488891161824,-2.1242929524,-0.0913271728629,0.0146050982172,-0.0253398270186,0.152747174915,-0.0941344378163,0.905765601143
1495638597588449533,0.0550869966978,0.0486789059977,-2.1233387645,-0.119404671479,0.0120959897244,-0.00446356489286,0.199707553277,-0.0779624467848,0.900807547834
1495638597639034880,0.0757155685317,0.0134646665487,-2.09156242393,-0.115510328017,-0.00507470908584,0.0677010548436,0.193194158158,0.0327080913646,0.883668654409
1495638597688535518,0.0757899465567,0.0128982381799,-2.09015857585,-0.114271965387,-0.0118351867934,0.0946415662053,0.191122963053,0.0762814901127,0.87727035903
1495638597740435137,0.0842278469299,0.0246662075698,-1.9776591745,-0.0646792594529,-0.0374216100266,0.158444187759,0.108177816605,0.241194011137,0.862117416563
1495638597789000595,0.0851893499909,0.0238103774875,-1.97635730901,-0.0486656307833,-0.0476379317938,0.182166219366,0.0813945881012,0.307041408518,0.856483501037
1495638597840890367,0.0747673487019,0.0603679065239,-1.96613700855,0.0310501836842,-0.0413814482828,0.217846167847,-0.0519322748059,0.266716410407,0.848009614018
1495638597888379577,0.0763142304385,0.0605699439905,-1.96544685959,0.0568136350442,-0.0389707240979,0.231172509385,-0.0950223463359,0.251178537091,0.844844645531
1495638597939949189,0.0633675832105,0.0377482318558,-2.02244971327,0.0568388335386,-0.0344040804368,0.265570333805,-0.0950644915017,0.221745086705,0.836675259356
1495638597990763895,0.0633688018023,0.0379047804041,-2.02183243316,0.056859380297,-0.0325347511504,0.278494461594,-0.0950988565127,0.209696673278,0.833605815499
1495638598040631340,0.064542870821,0.00810525349981,-1.95940713253,0.00561156822044,-0.0284428996136,0.326280216477,-0.00938550012713,0.183323407018,0.822256833641
1495638598091156131,0.0635487208724,0.00824724083571,-1.95844778187,-0.0109459794367,-0.026747198327,0.344072155207,0.0183074476437,0.172394080494,0.81803129843
1495638598138590374,0.0681371202549,0.00791758523042,-1.87341959723,-0.0608145452494,-0.0336323369141,0.391558868184,0.101713977225,0.216770957702,0.80675333818
1495638598188844460,0.0671695318867,0.00768792826795,-1.86840952243,-0.0769297771595,-0.0363737324751,0.409217737365,0.128667139906,0.234440111728,0.802559406611
1495638598237850765,0.085615386547,-0.0163635300214,-1.84091710559,-0.105415142237,-0.0421512546085,0.452295670323,0.176309685993,0.271678053569,0.792328519168
1495638598290014167,0.0850617994784,-0.0165518811612,-1.77322865429,-0.114635469042,-0.044398943615,0.468444457444,0.19173093278,0.286165114037,0.788493227824
1495638598343927798,0.0983142131365,-0.012973092033,-1.7501310066,-0.090678729375,-0.0430909720202,0.51195305989,0.151662635585,0.27773482696,0.778160057593
1495638598392378235,0.0987781689812,-0.0129301089721,-1.74928178339,-0.0829518217185,-0.0425779819089,0.52819118384,0.138739172848,0.274428444832,0.774303549005
1495638598439028298,0.109096255738,-0.0189392382237,-1.72379756763,-0.0255665166382,-0.0301946883923,0.571276559044,0.0427606928637,0.194614235015,0.764070894049
1495638598488640127,0.110208810413,-0.0185249768352,-1.72295472771,-0.00703716626266,-0.0252495071432,0.587353733654,0.0117698515385,0.162740991175,0.760252610474
1495638598543903717,0.11157200891,-0.00827428025759,-1.67721770202,0.0615946318278,-0.0213077802008,0.628257985651,-0.103018693196,0.137335325,0.750537966121
1495638598590917031,0.112903223171,-0.00814464770428,-1.6764020402,0.0837659219712,-0.019760639383,0.643496580319,-0.140100777613,0.127363517284,0.746918842915
1495638598639400778,0.0985828601373,-0.00815922424103,-1.66559825328,0.113175824072,-0.018901048881,0.674934554873,-0.189289636959,0.121823186951,0.739452412726
1495638598690890008,0.0991541484371,-0.00813054198217,-1.66498886267,0.122690884092,-0.0185586696987,0.686674471123,-0.205203833048,0.11961644576,0.736664215766
1495638598740860889,0.0827538831319,-0.00868452702148,-1.62518339643,0.0739751287227,-0.0281775771081,0.713085782769,-0.123725410217,0.18161332027,0.730391603824
1495638598788995286,0.0818098396317,-0.00900535296121,-1.62464934811,0.0582524427612,-0.0320072464447,0.722913353714,-0.097428791287,0.206296740037,0.728057583474
1495638598843422879,0.0735144353313,-0.0163352946837,-1.57239211384,-0.0208695999167,-0.0420824344556,0.751840469549,0.0349049721891,0.271234486103,0.721187475141
1495638598891110649,0.0719801264324,-0.0166701012375,-1.57180096828,-0.0464232880858,-0.0460788066713,0.762594234329,0.0776442090901,0.2969923582,0.71863348637
1495638598938882228,0.0761201918072,-0.0275062940229,-1.49978807136,-0.149418053214,-0.0601296923583,0.80153905341,0.249905748687,0.387554722471,0.709384201802
1495638598988170546,0.0741221087701,-0.0279731036002,-1.49899101464,-0.182696121072,-0.0657016837929,0.816015035638,0.30556422023,0.423467954509,0.705946196897
1495638599040002488,0.0962003904196,-0.0281157710001,-1.40952231606,-0.198600770985,-0.0693827875835,0.847258188131,0.332165178808,0.447193822745,0.698526036398
1495638599090136168,0.095890634077,-0.0282385620686,-1.4088600941,-0.203760177943,-0.0708485349959,0.858835079781,0.340794426953,0.456641024441,0.695776557319
1495638599141469718,0.123008172974,-0.0385825363896,-1.35040540804,-0.103407220561,-0.0682848031869,0.873413770849,0.172951382501,0.440116969008,0.692314159354
1495638599188171751,0.124953249333,-0.0384951021361,-1.33705515061,-0.0710125830655,-0.0672408251187,0.878811578385,0.118770472212,0.433388202992,0.691032195306
1495638599240643855,0.132642316332,-0.0482839294242,-1.29900529648,0.0688911915786,-0.0590438473066,0.90176345406,-0.115222387383,0.380556110618,0.68558118964
1495638599290773694,0.135355678193,-0.0480086480144,-1.29853871302,0.11408196818,-0.0557575614794,0.91029981399,-0.190805187569,0.359374967962,0.683553828259
1495638599340722291,0.0956175577896,-0.0308246294842,-1.25336457205,0.203711335944,-0.0534361184813,0.93123161288,-0.340712737383,0.344412539891,0.678582585126
1495638599391065287,0.0973583910622,-0.030750328182,-1.2529315241,0.232705610576,-0.052549651543,0.939004648898,-0.389206448509,0.338698982499,0.676736511019
1495638599441479520,0.05614674879,-0.0307027198326,-1.22701409573,0.163335560696,-0.0553667591521,0.941403423563,-0.273183157624,0.356856124416,0.676166808809
1495638599490785511,0.0548034604822,-0.030796719224,-1.22694955633,0.14096395088,-0.0564888267959,0.942270429437,-0.235766033118,0.364088202234,0.675960897362
1495638599540156944,0.0466751403573,-0.0377234374061,-1.13912316452,-0.00916396527255,-0.0635346848202,0.930366110007,0.0153269805965,0.409500966612,0.678788139614
1495638599588806215,0.0437634796076,-0.0379572466212,-1.13928782861,-0.0576573928587,-0.0663254674002,0.925815277199,0.0964335541774,0.427488435462,0.274348814404
1495638599640624745,0.0552172137521,0.00557403372384,-1.04012945729,-0.160806189236,-0.0644135666805,0.883582351451,0.268952715218,0.415165635798,0.397086088459
1495638599688896037,0.0532157306096,0.00562983835865,-1.04086636672,-0.194141027587,-0.0637486054025,0.873316285425,0.324706136952,0.410879751845,-0.796961671666
1495638599743457027,0.0844167775495,-0.0144628576249,-1.06857334128,-0.0806220091251,-0.0601145904509,0.792470060813,0.134842498063,0.387457385942,-0.628718792241
1495638599794010104,0.0866170135037,-0.0143379260809,-1.07014040179,-0.043977778698,-0.0586227455996,0.769731588379,0.0735540282764,0.377841978069,0.716938384936
1495638599841083337,0.0799654265558,-0.0176141373252,-1.00585449465,0.20859743099,-0.0536469631754,0.800445830196,-0.34888486394,0.34577150006,0.709643839229
1495638599891404613,0.0848651504835,-0.0174475231971,-1.00522050063,0.290202252521,-0.0516580095762,0.811853875727,-0.485371142421,0.332952070425,-0.383684876063
1495638599941122246,0.032438769918,-0.0067527954354,-1.0064441875,0.419020678853,-0.0488919003401,0.74871998232,-0.700823456147,0.315123629013,-0.498780710384
1495638599989670456,0.0349404915031,-0.0066624679193,-1.00765324905,0.460687761944,-0.0478139539173,0.718615854325,-0.770512783316,0.3081759263,0.198739333548
1495638600039292412,-0.0254359087506,-0.00936206309875,-0.966410304553,0.311002045898,-0.0391000485349,0.733353318677,-0.520159361279,0.25201207364,0.534929739003
1495638600088074245,-0.0283360466649,-0.00907083509551,-0.966098622959,0.262701544257,-0.0356236004886,0.755799790035,-0.439375461576,0.229605275851,-0.32876593607
1495638600140029596,-0.0427829254061,-0.0120515838078,-0.837480629657,0.0487953787836,-0.0310765187727,0.693008871775,-0.0816115951524,0.200297908338,-0.575602473072
1495638600188206947,-0.0469313739608,-0.0118993271473,-0.83858977231,-0.0202965742273,-0.029258957578,0.656301120911,0.0339465711736,0.188583156494,-1.05561712687
1495638600238215752,-0.0251947201214,-0.0081893314734,-0.710610528988,-0.163223540386,-0.0204803246237,0.583984105183,0.272995800615,0.132002114336,-1.03844203983
1495638600290323008,-0.0279683833219,-0.00789711952735,-0.757610585331,-0.209419204073,-0.0169923044604,0.55675100707,0.350259301721,0.109520730624,-1.03197425592
1495638600340767687,-0.00685686115492,-0.0078869217855,-0.672447504641,-0.187560664289,-0.0158478711973,0.508127432356,0.313700300767,0.102144499377,-1.02042629422
1495638600390691219,-0.0064340483373,-0.007848740508,-0.673316773281,-0.180519144456,-0.0153921033413,0.489853074397,0.301923167764,0.0992069326272,-1.0160861858
1495638600439439667,0.0120231232246,-0.00809663169269,-0.658882873959,-0.0881415661617,-0.0188689845006,0.455165209241,0.147419161261,0.121616521965,-1.00784791577
1495638600490822876,0.0138139846777,-0.00821258972787,-0.659536311371,-0.0583152033114,-0.0202531634699,0.442181465449,0.0975337600102,0.130537989467,-1.00476431328
1495638600550976477,0.0232793346647,-0.00509232300581,-0.674872628171,0.0574627564302,-0.0249425909219,0.405684464966,-0.0961080194689,0.160762819887,-0.996096378721
1495638600590215193,0.0255246138633,-0.00524935451414,-0.675582091291,0.0948576018407,-0.0268171530225,0.392058554788,-0.158651913184,0.172844960442,-0.992860263528
1495638600637975809,0.00911207331468,-0.00189900275075,-0.699425149183,0.17163665789,-0.0275558187555,0.360136257627,-0.287066967944,0.17760589272,-0.985278808087
1495638600691233065,0.010602326718,-0.0019242622924,-0.700053183346,0.196457082998,-0.0278574312417,0.348230239938,-0.328579802476,0.179549879772,-0.982451162504
1495638600747112796,-0.0143830389801,-0.0051947586595,-0.675776841545,0.163031247434,-0.026765479576,0.322902472227,-0.272674185435,0.172511908877,-0.976435889187
1495638600787861069,-0.0150300110269,-0.00515772664765,-0.676244079829,0.152256440377,-0.0263233418186,0.313406482587,-0.25465302824,0.169662192386,-0.974180618461
1495638600838724377,-0.0278985920053,-0.00170833468366,-0.598387093134,0.0286498845788,-0.0244327824621,0.292257156084,-0.0479177094162,0.1574769445,-0.969157713133
1495638600890231907,-0.0302955352177,-0.00164589028993,-0.598735845173,-0.0112708524723,-0.0236874798313,0.284261738365,0.0188508066116,0.152673235336,-0.967258824001
1495638600942010907,-0.0186948353215,-0.0016065178409,-0.518658817216,-0.103366885197,-0.0231469074728,0.267428082529,0.172883920509,0.149189076975,-0.963260878271
1495638600988588621,-0.0204819298312,-0.00158848927577,-0.518923384861,-0.133131092889,-0.022931702394,0.261043425332,0.222665365572,0.147802012759,-0.961744540214
1495638601040393110,-0.0038471363709,0.00177826877555,-0.487334972323,-0.132374025517,-0.0225947393665,0.244220111386,0.221399149847,0.145630180383,-0.957749050654
1495638601088650085,-0.00383338879497,0.00178889376258,-0.487634205101,-0.132145382943,-0.0224680003481,0.237894916085,0.221016738938,0.144813307667,-0.956246834629
1495638601141066946,0.0131859280583,-0.00145032133716,-0.492330580643,-0.063714466625,-0.0207177945385,0.21998013317,0.106564174419,0.133532682402,-0.951992124271
1495638601191186865,0.0145123631635,-0.00139133291256,-0.492676789221,-0.0416230768447,-0.0200135649497,0.213288522618,0.0696157255284,0.128993701872,-0.950402885659
1495638601252295828,0.019000066071,-0.00107749889171,-0.520063532507,0.0442119410529,-0.0148556061072,0.19949916537,-0.0739456711693,0.0957490397207,-0.947127952248
1495638601290117255,0.0206648051141,-0.000905465069656,-0.530809968486,0.0719380115645,-0.0128020548627,0.194363753554,-0.120318276489,0.0825132580056,-0.945908306442
1495638601347360428,0.0104058986931,-0.000778911693155,-0.579355382111,0.132656728673,-0.0110090500794,0.175247236236,-0.221871978549,0.0709567799346,-0.941368187556
1495638601388026003,0.0115842734343,-0.000719112660612,-0.579756115272,0.15228270862,-0.0102952352315,0.168156663429,-0.254696962591,0.0663560194045,-0.939684196535
1495638601449036554,-0.0205301897569,-0.0409601120142,-0.602705582677,0.178782511464,-0.0105880057645,0.125276784853,-0.299018601959,0.0682430172957,-0.929500346449
1495638601490940768,-0.0200143473008,-0.0409624990997,-0.603542667576,0.187374468531,-0.0106154131342,0.10927352376,-0.313388883311,0.0684196663873,-0.925699617125
1495638601541043504,-0.0198477131654,-0.0409634130879,-0.603849520903,0.190149742924,-0.010626323305,0.103292063054,-0.318030605043,0.0684899858598,-0.924279037097
1495638601590352014,-0.0479115854124,-0.0339727418689,-0.523371297976,0.157884322641,-0.0101274765724,0.0437918392444,-0.264065814049,0.0652747622415,-0.910147901946
1495638601639173306,-0.0672577326779,0.0295797692213,-0.489177333551,0.0330504153274,-0.000781090407331,-0.011737555264,-0.0552777165084,0.00503437260637,-0.896959827542
1495638601690897481,-0.069678118405,0.0298799475423,-0.490215404106,-0.00726063013866,0.00280040728653,-0.0325350419976,0.0121436009352,-0.0180495031019,-0.892020483166
1495638601743962118,-0.0496948611189,0.0609036785631,-0.49085432225,-0.116559887982,0.0067331090422,-0.0687192413692,0.194949575681,-0.0433969991177,-0.883426837985
1495638601789317607,-0.0518161291663,0.0610291998196,-0.491547232005,-0.151889904275,0.00823061229395,-0.0822450703148,0.254039986664,-0.0530488771561,-0.880214491801
1495638601839882279,-0.0249813237065,0.0538425936542,-0.54097838507,-0.149296637941,-0.00386942956873,-0.123808187061,0.249702678348,0.0249396869303,-0.870343368931
1495638601890739371,-0.0249325332801,0.0534402030966,-0.541809311523,-0.148484556072,-0.0086725527629,-0.139288846307,0.248344449385,0.0558973220604,-0.866666756071
1495638601940551157,-0.0146914682349,0.0600454802986,-0.5822687238,-0.0788362152406,-0.0205673935153,-0.170851296402,0.131855709331,0.132563300645,-0.859170763293
1495638601989540904,-0.0133410359451,0.0596474064209,-0.582901818701,-0.0563450218787,-0.0253193613057,-0.182603742332,0.0942385781002,0.163191223157,-0.856379590568
1495638602041503656,-0.0121031550176,0.0179790101896,-0.640356070008,0.0979567806707,-0.0365692738491,-0.2272655587,-0.163835373878,0.2357004372,-0.845772535287
1495638602089161042,-0.00911014253999,0.0176113081825,-0.641252064269,0.14780525148,-0.0409573898648,-0.24389539052,-0.247208294021,0.263983220929,-0.841822997185
1495638602139686463,-0.0338946245913,0.0173284598836,-0.642376583314,0.23895333543,-0.0378275459399,-0.288707328146,-0.39965593787,0.243810395389,-0.83118028853
1495638602189125645,-0.0321251748289,0.0174329366326,-0.643234949657,0.268423926375,-0.0365804042111,-0.305457865325,-0.448946300955,0.235772175873,-0.827202083246
1495638602242156687,-0.0698350356449,0.0113819288661,-0.669694276938,0.212154400952,-0.0217103667614,-0.342303329756,-0.354833992725,0.139930121625,-0.81845138948
1495638602290610056,-0.0709244028175,0.0118791662616,-0.583821744262,0.194011768849,-0.0157747036507,-0.355947390121,-0.324489948204,0.101672911595,-0.815210963668
1495638602344688091,-0.091039440171,0.0159926085452,-0.638873592439,0.0623234787981,-0.00291765238158,-0.400340695309,-0.104237709532,0.0188051845047,-0.804667679034
1495638602391164600,-0.0935927410242,0.0164208198256,-0.639762720936,0.0197987525057,0.00219377460301,-0.41687290545,-0.0331139508351,-0.0141395652312,-0.800741325806
1495638602446302826,-0.0805365686438,0.0135374868164,-0.619398542433,-0.0741724109621,0.00300252875566,-0.458407423134,0.124055370115,-0.0193522393509,-0.790876995132
1495638602488894279,-0.0823601182056,0.0135649991447,-0.620178739138,-0.104543804223,0.00333102003421,-0.473957416921,0.174852349518,-0.021469468648,-0.787183915515
1495638602547829356,-0.0673295144427,0.0167775025897,-0.657751017173,-0.118480924103,-0.00287118524155,-0.499109969199,0.198162560723,0.0185056892163,-0.781210255369
1495638602588920473,-0.0676007081779,0.0165699814785,-0.658259371203,-0.12299793576,-0.00534844187275,-0.50846954483,0.205717385295,0.0344723850123,-0.778987382584
1495638602639215069,-0.0508289330227,0.0195077853083,-0.717223932885,-0.0597241796553,-0.0126679659141,-0.536157363708,0.0998903111801,0.081649012685,-0.772411603779
1495638602691127467,-0.0496025204147,0.019263036089,-0.717796184779,-0.0392986554865,-0.0155896053163,-0.546440157741,0.0657280677301,0.100479894788,0.124283306904
1495638602749298625,-0.04835703342,0.0190502422228,-0.791057910679,0.0459951981301,-0.0174844583772,-0.523344228504,-0.0769282170223,0.112692816946,0.106686403617
1495638602790672739,-0.0467026088932,0.0189870609179,-0.790668602894,0.073549543712,-0.018238644923,-0.515231974923,-0.123013607737,0.117553785728,-0.0268994807553
1495638602845722475,-0.051900733845,0.008528729619,-0.829156335641,0.0332596970948,-0.0231951194211,-0.523115532872,-0.0556277459437,0.149499818099,0.767507919976
1495638602888935302,-0.0526819665321,0.00836527886725,-0.829334874306,0.0202484009424,-0.0251459408893,-0.486391721643,-0.0338660000473,0.162073474193,0.663461927366
1495638602939429363,-0.0435422339408,0.00461543340685,-0.809276281242,-0.129946080964,-0.0310515162965,-0.480087455452,0.217338346698,0.200136759538,0.923713884741
1495638602988456268,-0.0464561593046,0.00441908615634,-0.809141215642,-0.178477560601,-0.0333952029765,-0.464666301131,0.298508563366,0.215242555114,0.426047566153
1495638603039415823,-0.0109938993115,-0.00227993960162,-0.836263393826,-0.269190038531,-0.0328797615367,-0.474520493198,0.450227644324,0.211920373404,0.178750391457
1495638603090212712,-0.012755501275,-0.00226151355734,-0.836471472384,-0.298530131871,-0.032659629722,-0.490655015676,0.499299746623,0.210501554831,0.664474447661
1495638603145776621,0.0310206544746,-0.00853282913339,-0.876110168371,-0.230822523377,-0.025026602813,-0.464596089327,0.386056934068,0.161304302869,0.765721402674
1495638603188489667,0.0323315508736,-0.00827700869782,-0.875639983484,-0.208990449167,-0.0219727167588,-0.449437366331,0.349542197506,0.141621049625,0.684179939932
1495638603239789904,0.0327549664832,-0.00817516502793,-0.932527966262,-0.201938505727,-0.020757020525,-0.447733866427,0.337747630737,0.133785506185,0.844929178177
1495638603288833571,0.0519138459952,-0.0106953591854,-0.955465342709,-0.0262018651317,-0.00686706883225,-0.435784175927,0.0438233304604,0.0442604119711,1.00324497509
1495638603338444001,0.0553216323498,-0.0102314692279,-0.975615055666,0.0305542991943,-0.00132956792378,-0.423256454912,-0.0511028945399,0.00856948218923,1.00026967672
1495638603389359697,0.0433098447842,-0.00976535672606,-1.03615860911,0.185555972025,0.00575240864292,-0.407362897202,-0.310347398556,-0.0370760775203,0.996495001638
1495638603444968235,-0.00233042510902,-0.00307549312903,-1.08510071151,0.20608584859,0.00395307133485,-0.378894552139,-0.34468417422,-0.025478784341,0.989733850068
1495638603488591796,-0.00192962235356,-0.00313675370481,-1.08459110712,0.212762086764,0.00322162595975,-0.368196254748,-0.355850363737,-0.0207643895348,0.987193034645
1495638603537650269,-0.0018001420525,-0.00316114658869,-1.08438600936,0.214918567866,0.00293045089577,-0.364197547085,-0.359457136898,-0.018887674942,0.986243352866
1495638603590272880,-0.023366538593,-0.00372160395033,-1.08984775239,0.0576858465546,-0.00645293255925,-0.343411619087,-0.0964811437558,0.0415911738284,0.981306753657
1495638603640214568,-0.0264152578977,-0.00403457062478,-1.08945390286,0.00690997529574,-0.0101887860374,-0.335635055427,-0.0115571211948,0.0656699209687,0.979459841746
1495638603688593976,-0.0104592971802,-0.00440715550877,-1.06962287121,-0.137872626717,-0.0158219390106,-0.313408166982,0.230595709568,0.101977358302,0.9741810185
1495638603738475179,-0.0132686293767,-0.00459503304659,-1.06918326093,-0.184662243861,-0.0180646143652,-0.30512193622,0.308852613949,0.116432104212,0.972213062091
1495638603787301917,0.0161170485816,-0.00809506055695,-1.07269249044,-0.203370782113,-0.0192088217366,-0.283267398742,0.34014315186,0.123806879516,0.967022671148
1495638603837713426,0.0157524916605,-0.00813259419513,-1.07227678728,-0.209443032127,-0.0196567644705,-0.275093600752,0.350299154789,0.1266940109,0.965081417204
1495638603890653469,0.0334783419965,-0.0079992471547,-1.08640396966,-0.128032301488,-0.0173962662895,-0.260261858708,0.214137498589,0.112124391285,0.961558920348
1495638603937767977,0.0350565143198,-0.00792385180555,-1.0861302947,-0.101748252811,-0.0164962791199,-0.254701183558,0.17017671392,0.106323691763,0.960238275701
1495638603988304855,0.0441807904292,-0.0111679450148,-1.12227427347,0.0139207120326,-0.0154137203226,-0.24247948805,-0.0232827686343,0.0993462608502,0.957335657526
1495638604040372508,0.0464239746164,-0.0111312312317,-1.12206637644,0.0512806717341,-0.0149753819606,-0.237869269867,-0.0857683150545,0.0965210326548,0.956240743725
1495638604090896182,0.0333072752119,-0.00406277636181,-1.13670179502,0.124427488656,-0.00966443253728,-0.221689711583,-0.208108351306,0.0622902982359,0.952398144317
1495638604138188788,0.0347268861633,-0.00388687705379,-1.13640269257,0.148071302809,-0.00756492165081,-0.215624606179,-0.247653272088,0.0487582922165,0.950957698909
1495638604188244943,0.0121534478338,0.0298688212001,-1.17177368452,0.100288946763,0.00578178984273,-0.189812304109,-0.167735984955,-0.0372654485663,0.94482735005
1495638604243976192,0.0112278580072,0.0303079326567,-1.2238550585,0.0848737257082,0.0110225309026,-0.180182758285,-0.141953609425,-0.0710436680675,0.942540360107
1495638604288439038,0.0225198824468,0.0519298247125,-1.25650050893,-0.025711953084,0.0202279158073,-0.120812015459,0.043003939266,-0.130375260365,0.928439976324
1495638604340920925,0.0203741508647,0.0522329895239,-1.25538781383,-0.061449239892,0.0238461959024,-0.0985803118402,0.102775521238,-0.153696210183,0.923160009488
1495638604388987931,0.0358954588118,0.0178799375399,-1.32904770882,-0.102487937828,0.00716536519699,-0.0244220407547,0.171413857184,-0.0461830255804,0.905547629497
1495638604437758723,0.0350985322646,0.0173296952905,-1.32768151666,-0.115761016507,0.000598077175994,0.00338463805556,0.193613441459,-0.00385479494187,0.898943621794
1495638604490897326,0.0423173298953,0.0400278936684,-1.24712266215,-0.0951899780267,-0.0122071001032,0.0696186172659,0.159207821375,0.0786785880173,0.883213238749
1495638604540960117,0.0427159514297,0.0395964953484,-1.24579723329,-0.0885510934624,-0.0173572949798,0.0942861735976,0.148104106785,0.111873208974,0.877354763771
1495638604590871844,0.0494773485144,0.0659302376806,-1.294886022,-0.0154708937951,-0.0215433937492,0.13239567769,0.0258754896986,0.138853928203,0.868303864154
1495638604640638784,0.0508945467248,0.0657857415495,-1.29419202198,0.00813235062361,-0.0232689487751,0.14669825039,-0.0136015771017,0.149975671437,0.864907043522
1495638604690083201,0.0508042299519,0.0248575554573,-1.34040014901,-0.00340025192065,-0.0350196258016,0.199162916708,0.0056870136083,0.225712469602,0.85244683341
1495638604740642563,0.0505805304105,0.024473010054,-1.33942936571,-0.0071259564655,-0.0396088206505,0.218828506295,0.0119183555622,0.255291269464,0.847776311411
1495638604788779058,0.0536821813759,-0.0103909769232,-1.20692931204,-0.0673479175613,-0.0551681457049,0.277790995744,0.11264121971,0.355575998469,0.833772886652
1495638604838912392,0.0525138459556,-0.0109037072717,-1.20570569091,-0.0868065541978,-0.0612876421072,0.299680732293,0.145186317524,0.395018071708,0.679532006673
1495638604889112840,0.0640195427035,-0.00672226002025,-1.08045239244,-0.109130196079,-0.0471322702259,0.326283641854,0.182523214356,0.30378226115,0.512060076106
1495638604940495913,0.0635858693977,-0.00625074373065,-1.07985324103,-0.116353229652,-0.0415039151999,0.328027173821,0.194603934015,0.26750574809,-0.977652991346
1495638604990150895,0.0796058006485,0.00506963513037,-1.07800027545,-0.0731103374244,-0.0204623470061,0.259575877459,0.122279023303,0.131886242953,-0.961396001738
1495638605040083784,0.0804437052628,0.00576959471908,-1.07930888307,-0.0591553826915,-0.0121072678227,0.233984941011,0.0989389828229,0.0780351376645,-0.95531822659
1495638605089984124,0.085386371392,-0.0109824012542,-1.12399501671,0.113619908557,-0.00808745853434,0.224905248792,-0.190032380311,0.0521262062859,-0.738290072443
1495638605138944537,0.0887375160895,-0.010845210724,-1.12420090219,0.169432984302,-0.0064493689889,0.2323058557,-0.283381264067,0.0415682055001,0.159923258732
1495638605190960093,0.0466128950444,-0.004108103053,-1.15386132349,0.365519857253,-0.0106594409722,0.264491617486,-0.611341880194,0.0687034396097,0.133327057572
1495638605239945094,0.0504188812988,-0.00424980462856,-1.13222110708,0.428909212783,-0.0123511080922,0.275634009668,-0.717362297485,0.0796067646642,0.357664209078
1495638605290373154,-0.013081643812,0.00193352135305,-1.1547279376,0.367520643942,-0.0213015589717,0.301282471679,-0.614688250226,0.137295227228,-0.0713302456842
1495638605338811436,-0.0142688542435,0.00163376220475,-1.15425328998,0.347748936884,-0.0248799370166,0.289751165144,-0.581619533636,0.160358995821,0.109945104023
1495638605389374988,-0.0431330258427,0.00790294140748,-1.07035157347,0.09800068823,-0.028241056257,0.306792374319,-0.163908810463,0.182022463291,0.296546247232
1495638605439359350,-0.0479759115334,0.00778965032358,-1.06996513412,0.0173431941121,-0.0295935760194,0.322599025336,-0.0290069627865,0.190739877277,-0.976363821408
1495638605491493349,-0.0235860802168,0.00845662544777,-0.985441356106,-0.199728477949,-0.0211080085197,0.273187034885,0.334051299307,0.136047733872,-0.964628613194
1495638605540125586,-0.0277981211765,0.00873961763629,-0.986326172168,-0.269880313177,-0.017729961962,0.254618680352,0.451382147401,0.114275164534,-0.960218681422
1495638605590789640,0.0191803490148,-0.0147534949832,-0.946260811647,-0.277479373064,-0.0149744432963,0.254693369639,0.464091781274,0.0965149826689,-0.960236419917
1495638605638919360,0.0190302974345,-0.0146572500991,-0.946230575562,-0.2799793871,-0.013824937902,0.254675352425,0.468273122591,0.0891060599455,-0.960232140879
1495638605690819188,0.0459377934313,-0.00453063846242,-0.91930082295,-0.0964481176184,-0.0160273202422,0.260059958522,0.161312093983,0.103301104743,-0.961510969624
1495638605740602054,0.0494963399694,-0.00460597669644,-0.919178416391,-0.0371811992056,-0.016926902816,0.262041982387,0.0621865646399,0.109099196518,-0.961981694695
1495638605790827019,0.0259205317337,-0.00524048568946,-0.966033794082,0.106194757877,-0.0277718452456,0.26058477987,-0.177613614305,0.178998251189,-0.961635613212
1495638605841152760,0.0287030079467,-0.00560220258823,-0.966095369053,0.152537237588,-0.0320896258809,0.260093764218,-0.255122669197,0.206827701335,-0.961518998381
1495638605890001361,0.00969662713839,-0.00902535536024,-0.926303380579,0.179912770733,-0.0347911166539,0.242802435253,-0.300908991258,0.22423965649,-0.957412356575
1495638605938365542,0.0102287177451,-0.00911486067849,-0.926605671349,0.188775085757,-0.0358594449896,0.236292878181,-0.315731453629,0.231125367616,-0.955866355151
1495638605991276109,-0.00465274098885,-0.0116335161293,-0.895593094925,0.154864215017,-0.0238539447754,0.224782717014,-0.259014602092,0.153746154099,-0.953132724374
1495638606047759060,-0.00530969110322,-0.0112324997485,-0.895791064897,0.143923027656,-0.0190669628665,0.220444371757,-0.240715169325,0.122892554615,-0.952102379625
1495638606089989013,-0.0272594554191,-0.00393348929643,-0.866878339409,0.0414810877324,-0.00739158279765,0.215639815088,-0.069378244885,0.047641068953,-0.950961310982
1495638606140774105,-0.0292453443004,-0.00354528787466,-0.86694949524,0.0084066191635,-0.00275783769406,0.213810600659,-0.0140602986774,0.0177751287296,-0.95052687772
1495638606190770402,-0.0261272494202,0.00302845708031,-0.814289550938,-0.116692112244,-0.00504443120615,0.200322198351,0.195170724346,0.0325129409357,-0.947323420257
1495638606237632927,-0.0285540384031,0.0029509608692,-0.831546736172,-0.157110239469,-0.00596967746706,0.195199968428,0.262771138938,0.0384764432222,-0.946106905114
1495638606287331917,0.0179346903884,-0.00449251767063,-0.779679033074,-0.16960261006,-0.0175714693508,0.190684338506,0.283664967751,0.113253629955,-0.945034455758
1495638606338372691,0.0176897480068,-0.00487823738015,-0.779728155267,-0.173683016833,-0.0221755864679,0.188936812539,0.290489558806,0.142928608515,-0.944619423275
1495638606388700674,0.0224563925263,-0.00524654287827,-0.814276563497,-0.0828398924178,-0.0274227593347,0.193604473862,0.138551968055,0.176748283029,-0.945727979659
1495638606438191046,0.0242182610149,-0.00542154326747,-0.814212079431,-0.0534961405557,-0.0295117208815,0.195388975109,0.0894737467786,0.190212295245,-0.946151793667
1495638606490479816,0.0183224037285,-0.00529172098122,-0.807723582569,0.0294940371661,-0.0271728229259,0.186950599139,-0.049329577526,0.175137364499,-0.9441477032
1495638606541091556,0.0199325450645,-0.00521370923654,-0.807880401027,0.0563109866431,-0.0262416038694,0.183788682952,-0.094181653245,0.169135365673,-0.943396757034
