%time,field.header.seq,field.header.stamp,field.header.frame_id,field.x,field.y,field.phi,field.theta,field.psi,field.u,field.v,field.p,field.q,field.r
1495633871889645190,309,0,,-3.88217926025,-35.6905860901,-0.00503137242049,0.0533958226442,5.4398317337,0.336326509714,-0.0307088736445,0.0505889989436,0.532951712608,0.192355275154
1495633871990654121,310,0,,-3.82277750969,-35.7569999695,-0.0158773735166,0.0761882737279,5.43696737289,0.890847444534,-0.0187713503838,-0.108460016549,0.227924495935,0.233363196254
1495633872091457092,311,0,,-3.73485136032,-35.8407402039,-0.017437312752,0.0776735842228,5.43413448334,1.0562915802,-0.0300931092352,-0.0155993821099,0.0148531673476,0.28173199296
1495633872187344216,312,0,,-3.62676978111,-35.9591293335,-0.0143244098872,0.0746437758207,5.42910528183,1.60287559032,-0.0236217826605,0.0311290267855,-0.03029807657,0.329041272402
1495633872269714747,313,0,,-3.52417826653,-36.0595550537,-0.0104313157499,0.0728131979704,5.42961120605,1.59284758568,-0.0308312159032,0.0389309413731,-0.0183058381081,0.372725069523
1495633872283398331,314,0,,-3.37926697731,-36.2156143188,-0.0114796292037,0.0724616348743,5.4251127243,2.12953257561,-0.0218628775328,-0.0104831410572,-0.0035156167578,0.414174079895
1495633872328396023,315,0,,-3.19794130325,-36.4094467163,-0.011545823887,0.0723870694637,5.44051218033,2.6541826725,-0.016477342695,-0.000661939673591,-0.000745669065509,0.45560759306
1495633872392322378,316,0,,-3.09351849556,-36.5022087097,-0.0102845607325,0.0721666365862,5.43645858765,2.29830551147,-0.032051242888,0.0126126250252,-0.00220429687761,0.495359688997
1495633872484294619,317,0,,-3.01634764671,-36.5715408325,-0.0131016904488,0.0722148194909,5.45825338364,2.13512182236,-0.0411332026124,-0.0281712934375,0.000481801311253,0.534397363663
1495633872589994583,318,0,,-2.82709550858,-36.7584342957,-0.0166898015887,0.0723715946078,5.48996829987,2.65960001945,-0.0311466101557,-0.0358811095357,0.00156776688527,0.575227677822
1495633872690098096,319,0,,-2.75180864334,-36.8038406372,-0.0153069347143,0.0722233727574,5.490442276,2.60596752167,-0.100798033178,0.0138286668807,-0.00148218683898,0.615855515003
1495633872793754921,320,0,,-2.72945427895,-36.8656768799,-0.028432417661,0.0720425620675,5.55808591843,2.7125005722,-0.15764850378,-0.131254836917,-0.00180811039172,0.658440053463
1495633872888933574,321,0,,-2.6818459034,-36.9211425781,-0.0462638176978,0.0720201805234,5.58538579941,2.81146430969,-0.202617868781,-0.178313985467,-0.000223813854973,0.712711572647
1495633872994294319,322,0,,-2.42075753212,-37.1270256042,-0.0589869022369,0.0720614120364,5.60511016846,3.32121276855,-0.158154428005,-0.127230852842,0.000412283989135,0.77660548687
1495633873091583578,323,0,,-2.40901279449,-37.1758651733,-0.04929292202,0.0719392672181,5.61914253235,2.65538978577,-0.247192785144,0.0969397872686,-0.00122147006914,0.839126825333
1495633873187014847,324,0,,-2.15312170982,-37.3636474609,-0.060376714915,0.0719088315964,5.64512586594,3.16854262352,-0.186196163297,-0.1108379215,-0.000304354442051,0.896570265293
1495633873267207307,325,0,,-2.22994732857,-37.3794898987,-0.0551372095942,0.0719201266766,5.66857099533,3.30733442307,-0.0121940076351,0.0523950532079,0.00011295274453,0.958116412163
1495633873292179129,326,0,,-1.89953660965,-37.5684585571,-0.0128947133198,0.071952432394,5.69361066818,3.80627942085,-0.0185623820871,0.422424972057,0.000323049927829,0.999708294868
1495633873336076887,327,0,,-1.52058768272,-37.7704391479,0.000864649773575,0.0712944567204,5.71967506409,4.2941570282,-0.00695338565856,0.137593626976,-0.00657971855253,1.01495075226
1495633873390511186,328,0,,-1.65713500977,-37.7541694641,-0.00432792492211,0.0708706602454,5.74619054794,4.26679611206,-0.0583514645696,-0.0519257448614,-0.00423799874261,1.03174948692
1495633873486484564,329,0,,-1.74094414711,-37.7450370789,-0.0216436516494,0.070872053504,5.77191829681,4.29863548279,-0.100887686014,-0.173157274723,1.39981957545e-05,1.05877673626
1495633873588312385,330,0,,-1.87390947342,-37.7649765015,-0.0360932871699,0.071033090353,5.78614902496,4.22437047958,-0.261607050896,-0.14449635148,0.00161030807067,1.09775459766
1495633873686431635,331,0,,-1.97519922256,-37.7894363403,-0.0706314519048,0.0710102766752,5.79836416245,4.18642616272,-0.371423870325,-0.345381647348,-0.000228139397223,1.15140986443
1495633873788006636,332,0,,-1.54901754856,-37.9816513062,-0.103302150965,0.0711596310139,5.81784725189,4.66628789902,-0.288911551237,-0.326707005501,0.00149358832277,1.22958910465
1495633873889458850,333,0,,-1.71002268791,-37.9965209961,-0.0883566066623,0.0712691247463,5.83970165253,3.67231154442,0.0341299213469,0.149455487728,0.0010949060088,1.31166815758
1495633873990852542,334,0,,-1.31305146217,-38.1220436096,-0.00387032632716,0.0717946887016,5.85664987564,4.1634311676,0.00890484917909,0.844862759113,0.00525561906397,1.35089445114
1495633874091380830,335,0,,-1.64041829109,-38.0886077881,0.019657837227,0.070909999311,5.86902570724,3.30674958229,0.306286305189,0.235281631351,-0.00884682778269,1.34056842327
1495633874191459685,336,0,,-1.28270697594,-38.168258667,0.0640146359801,0.0578765124083,5.88650989532,3.65736961365,0.232010304928,0.443568021059,-0.130334913731,1.3171159029
1495633874266393096,337,0,,-1.80020618439,-38.1014633179,0.0590506866574,-0.0300418399274,5.89747095108,1.59634912014,0.090091176331,-0.0496395155787,-0.879183530807,1.18165898323
1495633874294201730,338,0,,-1.70094764233,-38.1221809387,0.0318296812475,-0.0754845440388,5.91536045074,1.01138412952,0.072531439364,-0.27221006155,-0.454427033663,1.08331489563
1495633874339995263,339,0,,-1.64818572998,-38.1314659119,0.0189587660134,-0.0723332613707,5.88740777969,0.5333968997,0.0498510114849,-0.128709167242,0.0315128043294,1.00486457348
1495633874393502768,340,0,,-1.61686897278,-38.1376724243,0.0139775145799,-0.0396909788251,5.88522815704,0.317430496216,0.0341504216194,-0.0498125217855,0.326422810555,0.929104149342
1495633874491484710,341,0,,-2.50956773758,-38.0513153076,0.00416832324117,0.0284106153995,5.83633184433,-0.336254626513,-0.0796086043119,-0.0980919077992,0.681015968323,0.94762724638
1495633874593448442,342,0,,-2.48941397667,-38.0645332336,-0.0316936485469,0.0718289315701,5.79586553574,0.234612748027,-0.0551892705262,-0.358619719744,0.43418315053,0.974087178707
1495633874697239228,343,0,,-3.294090271,-38.0401229858,-0.0388745181262,0.0801372304559,5.76331472397,0.0229473356158,0.100816935301,-0.0718087181449,0.08308301121,1.01803004742
1495633874792583894,344,0,,-3.23748159409,-38.057975769,0.00657611107454,0.0771541371942,5.76292181015,0.590005874634,0.0649717822671,0.45450630784,-0.0298309456557,1.04683876038
1495633874901065567,345,0,,-4.00181388855,-38.0764465332,0.0212237108499,0.0737349390984,5.80508136749,1.51336538792,0.0771430954337,0.146475985646,-0.0341919846833,1.04709398746
1495633874991589575,346,0,,-3.80837368965,-38.1452064514,0.0157611779869,0.0723913908005,5.80564308167,2.05195760727,0.0648623555899,-0.0546253249049,-0.0134354513139,1.04965162277
1495633875109358462,347,0,,-4.42216730118,-38.2285804749,0.00617972528562,0.0722152143717,5.82549715042,1.3506718874,-0.1110849455,-0.0958145260811,-0.00176180398557,1.06041443348
1495633875193103683,348,0,,-4.24703216553,-38.3006858826,-0.0333421528339,0.072540037334,5.85374164581,1.89233636856,-0.0788435861468,-0.395218789577,0.00324825383723,1.08768463135
1495633875284449162,349,0,,-4.85905504227,-38.3990707397,-0.0395420454443,0.0728715583682,5.87345075607,1.09343087673,-0.0727963969111,-0.0619989223778,0.0033152224496,1.1347784996
1495633875303774945,350,0,,-4.70372056961,-38.4521942139,-0.028459707275,0.0731952115893,5.88158798218,1.64054143429,-0.0609627142549,0.110823385417,0.00323654222302,1.17349255085
1495633875334666513,351,0,,-4.49602365494,-38.5171127319,-0.0197491534054,0.0728893056512,5.89539957047,2.17556285858,-0.0468029156327,0.0871055498719,-0.00305910687894,1.20157253742
1495633875407648141,352,0,,-5.19520330429,-38.6230506897,-0.0167321301997,0.0724399238825,5.89561414719,2.77228188515,-0.148832023144,0.0301702283323,-0.00449379533529,1.22543537617
1495633875503885729,353,0,,-4.88094425201,-38.7186088562,-0.0399074405432,0.0719098225236,5.93409204483,3.28284049034,-0.10913836956,-0.231753095984,-0.00530100613832,1.25619757175
1495633875608998954,354,0,,-4.51371479034,-38.8096733093,-0.041774764657,0.0718275904655,5.95249509811,3.78244566917,-0.0904381349683,-0.0186732355505,-0.000822327332571,1.29918944836
1495633875699965411,355,0,,-5.17045402527,-38.9401664734,-0.0324099995196,0.0651752799749,5.96347522736,3.74641728401,0.146873533726,0.0936476364732,-0.0665231198072,1.33421516418
1495633875801140983,356,0,,-5.83468437195,-39.0750846863,0.0212109107524,-0.0178166609257,5.97352170944,3.2137362957,0.245621100068,0.536209106445,-0.829919397831,1.24925994873
1495633875902518333,357,0,,-6.43361330032,-39.1644477844,0.0742438584566,-0.0956640690565,5.96591424942,2.47532391548,0.320910423994,0.530329465866,-0.778474032879,1.13390493393
1495633876000706380,358,0,,-6.26974868774,-39.1747283936,0.102265648544,-0.116308443248,5.91621685028,1.62229323387,0.252780646086,0.280217915773,-0.206443786621,1.00031280518
1495633876111358927,359,0,,-7.00183820724,-39.2762870789,0.0768324062228,-0.11284995079,5.87207698822,0.585895776749,0.474853128195,-0.254332393408,0.0345848985016,0.868502616882
1495633876205615189,360,0,,-7.01305246353,-39.234954834,0.101551376283,-0.106974944472,5.82754230499,-0.242295429111,0.353126078844,0.2471896559,0.0587500855327,0.746920228004
1495633876266883035,361,0,,-7.84973239899,-39.3103713989,0.0930819958448,-0.105133086443,5.82677602768,-1.39506185055,0.275712311268,-0.0846937894821,0.0184186194092,0.613525629044
1495633876302836001,362,0,,-7.95599794388,-39.2422294617,0.0695746019483,-0.0193849932402,5.73949861526,-1.24338579178,0.218097552657,-0.235073894262,0.857480883598,0.598493158817
1495633876338528527,363,0,,-8.00523471832,-39.1968917847,0.0361828021705,0.0618088282645,5.69627857208,-0.646836340427,0.171994939446,-0.33391803503,0.811938226223,0.59387999773
1495633876413629699,364,0,,-8.00552082062,-39.1815605164,0.0126733975485,0.0835248157382,5.66305208206,-0.0795174837112,0.131115525961,-0.235094040632,0.217159882188,0.60386967659
1495633876513169798,365,0,,-8.73075580597,-39.398563385,0.0112384688109,0.0800737664104,5.63657617569,-0.144883781672,-0.00462663453072,-0.0143492855132,-0.0345105156302,0.62525498867
1495633876608111202,366,0,,-8.69487667084,-39.4220275879,-0.00683203199878,0.0749666169286,5.61749696732,0.428687483072,0.000985696795397,-0.180705010891,-0.0510714538395,0.651819288731
1495633876698445525,367,0,,-9.32862567902,-39.662853241,-0.0117749907076,0.0732214972377,5.61729335785,1.16822516918,-0.0197948142886,-0.0494295880198,-0.0174512155354,0.68890440464
1495633876802562746,368,0,,-9.82749843597,-39.9222259521,-0.0129375196993,0.0728474035859,5.61405849457,1.5012011528,0.123009778559,-0.0116252908483,-0.00374091928825,0.724589347839
1495633876907611998,369,0,,-10.1993217468,-40.1487350464,0.0181181766093,0.0729556158185,5.64170885086,1.77620851994,0.214982613921,0.310556977987,0.00108206283767,0.748837530613
1495633877001268180,370,0,,-9.99562835693,-40.2586097717,0.0502283088863,0.0726973041892,5.67593383789,2.30835556984,0.166979908943,0.321101337671,-0.00258307135664,0.745797276497
1495633877100502101,371,0,,-10.3354377747,-40.4991111755,0.0432231985033,0.0720844566822,5.7242102623,1.74118328094,0.0562496110797,-0.0700511038303,-0.00612850720063,0.733993649483
1495633877223769381,372,0,,-10.6922187805,-40.7220497131,0.00707703735679,0.0722418949008,5.76508140564,2.21817970276,0.167200148106,-0.361461609602,0.00157442095224,0.743467092514
1495633877269134929,373,0,,-10.439371109,-40.8284988403,0.0181249100715,0.0726691409945,5.79772520065,2.74089813232,0.117891468108,0.11047872901,0.00427246605977,0.76629781723
1495633877299940728,374,0,,-10.137169838,-40.9489593506,0.0232594273984,0.0722132101655,5.82994747162,3.25190114975,0.0932449996471,0.0513451620936,-0.00455930456519,0.774944663048
1495633877335326654,375,0,,-9.78524303436,-41.0792732239,0.0167434848845,0.0716872662306,5.86163663864,3.75202608109,0.0755017250776,-0.0651594176888,-0.00525944633409,0.784854471684
1495633877413813239,376,0,,-10.246348381,-41.3019638062,0.00792448222637,0.00270607322454,5.88943767548,2.18211746216,0.267257213593,-0.0881900265813,-0.689811944962,0.705197095871
1495633877501438907,377,0,,-10.7474403381,-41.4184417725,0.0590988509357,-0.0620889924467,5.91271877289,0.902018129826,0.383634775877,0.511743664742,-0.647950649261,0.623682081699
1495633877614531783,378,0,,-11.2932910919,-41.524105072,0.114253289998,-0.073272280395,5.92233610153,0.147167935967,0.0306964181364,0.551544368267,-0.111832886934,0.504254221916
1495633877714295235,379,0,,-11.7903680801,-41.6211051941,0.0438679754734,-0.0372668094933,5.92231178284,-0.162778392434,-0.187201216817,-0.703853130341,0.360054731369,0.38987582922
1495633877816513054,380,0,,-12.2008857727,-41.7662658691,-0.059838976711,0.0297675058246,5.86221122742,-0.26046076417,-0.190141439438,-1.0370695591,0.670343160629,0.443603634834
1495633877911928678,381,0,,-12.548535347,-41.8979568481,-0.0886879190803,0.0727400332689,5.83244609833,-0.174842715263,-0.221121996641,-0.288489431143,0.429725259542,0.539594948292
1495633878019740502,382,0,,-12.8850564957,-42.0450935364,-0.075548492372,0.0805962383747,5.82286262512,-0.0598631612957,-0.178690388799,0.131394281983,0.0785620361567,0.625032603741
1495633878116425702,383,0,,-12.8434009552,-42.0775794983,-0.0483114793897,0.077017866075,5.84989356995,0.508955538273,-0.141472056508,0.272370129824,-0.0357836633921,0.691003680229
1495633878223854238,384,0,,-13.1499872208,-42.2600288391,-0.031873177737,0.0738035291433,5.87863254547,0.45452901721,-0.221026644111,0.164383009076,-0.0321434028447,0.739739894867
1495633878247455354,385,0,,-13.4160461426,-42.4189567566,-0.0505408942699,0.0728678628802,5.87907934189,0.435715794563,-0.26461315155,-0.18667717278,-0.0093566570431,0.789750933647
1495633878301929180,386,0,,-13.3276948929,-42.4695663452,-0.0727668181062,0.0732102692127,5.9613609314,0.99751996994,-0.204165056348,-0.222259193659,0.00342402164824,0.857907116413
1495633878316625046,387,0,,-13.1808300018,-42.5208396912,-0.0634472593665,0.0734535455704,5.99441003799,1.54669070244,-0.166145339608,0.0931955873966,0.00243280036375,0.929265797138
1495633878414544756,388,0,,-12.9786958694,-42.5731239319,-0.0449386313558,0.073073014617,6.03411960602,2.08375620842,-0.13092982769,0.185086265206,-0.00380533654243,0.984138429165
1495633878513396294,389,0,,-13.2400827408,-42.7664527893,-0.0330551378429,0.0725112631917,6.03470039368,1.58154129982,0.111815147102,0.118834912777,-0.00561750028282,1.02589297295
1495633878625858922,390,0,,-13.0293331146,-42.7891616821,0.0173135958612,0.0728165060282,6.0943403244,2.11828970909,0.0771819576621,0.50368732214,0.00305245514028,1.04730379581
1495633878726251085,391,0,,-13.3294754028,-42.9806022644,0.0261596087366,0.07226280123,6.11493206024,1.53953588009,-0.149998858571,0.0884601324797,-0.0055370638147,1.04133844376
1495633878827037646,392,0,,-13.6583995819,-43.2026863098,-0.033985555172,0.072152890265,6.13127326965,1.74340462685,0.175749748945,-0.601451635361,-0.00109910243191,1.05936598778
1495633878925965866,393,0,,-13.9056425095,-43.3683013916,0.00805133394897,0.0731811970472,6.15207719803,1.93450176716,0.361928671598,0.420368880033,0.0102830976248,1.09550070763
1495633879014363911,394,0,,-14.133392334,-43.5439071655,0.082795932889,0.072991669178,6.16707706451,2.54258418083,0.126041591167,0.747446000576,-0.00189528916962,1.07430779934
1495633879112202401,395,0,,-14.2772026062,-43.7055740356,0.0485948175192,0.0633446574211,6.16722106934,2.94186806679,-0.011781187728,-0.3420111835,-0.0964701324701,1.03284609318
1495633879218329164,396,0,,-14.4653930664,-43.9142036438,-0.0158260744065,-0.00678804703057,6.1969909668,1.54497075081,0.113704606891,-0.644208908081,-0.70132702589,0.949410915375
1495633879286191284,397,0,,-14.7627096176,-44.0855140686,0.00918777100742,-0.0530956238508,6.1925868988,0.310800760984,0.179216817021,0.25013846159,-0.463075757027,0.897702038288
1495633879321901202,398,0,,-14.7740936279,-44.0722389221,0.0548935346305,-0.0622076690197,6.20250558853,-0.11511041224,0.131639778614,0.457057625055,-0.0911204740405,0.809877574444
1495633879346301233,399,0,,-14.8031072617,-44.0607681274,0.0543945096433,-0.0366460196674,6.11774015427,-0.291299968958,0.111745178699,-0.00499022100121,0.255616515875,0.704536318779
1495633879425982733,400,0,,-14.7720489502,-44.0543479919,0.0295457281172,0.0470638684928,6.11662340164,0.303132981062,0.0932369530201,-0.248487830162,0.837098896503,0.708748519421
1495633879513581373,401,0,,-15.1835212708,-44.31690979,-0.00112389668357,0.0792805552483,6.03859186172,-0.0934465304017,0.131471037865,-0.306696236134,0.322166889906,0.721971988678
1495633879615673337,402,0,,-15.5993919373,-44.5891952515,0.00648847781122,0.080646134913,6.0055065155,0.271894693375,0.300195336342,0.0761237442493,0.013655773364,0.746964454651
1495633879712662346,403,0,,-15.9144001007,-44.8155860901,0.0590499266982,0.076013982296,6.00661897659,0.557509183884,0.413278579712,0.525614500046,-0.0463215373456,0.748369038105
1495633879824530063,404,0,,-16.1544818878,-45.0515975952,0.102960698307,0.0732688158751,6.00658416748,1.41473114491,0.250333338976,0.439107686281,-0.0274516735226,0.710825264454
1495633879924822145,405,0,,-16.2875995636,-45.2808189392,0.0695967301726,0.0720186755061,6.07636499405,2.08025741577,0.150846689939,-0.333639681339,-0.0125013981014,0.671562075615
1495633880020744190,406,0,,-16.0278224945,-45.3050918579,0.0213788226247,0.0720785036683,6.11483383179,2.60628652573,0.120751142502,-0.48217907548,0.000598270446062,0.673523008823
1495633880124535814,407,0,,-16.1325817108,-45.5712928772,0.00593796512112,0.0723623633385,6.14450359344,1.85801804066,-0.0309578273445,-0.154408574104,0.00283863674849,0.69930934906
1495633880228483177,408,0,,-16.3196697235,-45.8536911011,-0.0173360724002,0.0725509524345,6.17644119263,2.24112677574,0.213411316276,-0.232740372419,0.00188589259051,0.731699168682
1495633880269122567,409,0,,-16.043012619,-45.8474617004,0.0298323277384,0.0728673636913,6.2010436058,2.7633035183,0.14806419611,0.471684008837,0.00316411536187,0.75714045763
1495633880331715301,410,0,,-15.8170995712,-45.8390388489,0.0377943776548,-0.0203093569726,6.22666501999,2.25737905502,0.122521787882,0.079620487988,-0.931767225266,0.651966571808
1495633880339018325,411,0,,-15.6377487183,-45.8296165466,0.0438576750457,-0.0614228919148,6.25103282928,1.7935461998,0.0934016406536,0.0606329850852,-0.411135345697,0.569648265839
1495633880429306552,412,0,,-16.0940933228,-46.1853179932,0.0295704491436,-0.100628644228,6.27192497253,1.51189208031,0.0406844094396,-0.142872259021,-0.392057538033,0.485827326775
1495633880532313155,413,0,,-16.4870014191,-46.4804229736,0.014808495529,-0.110947839916,6.27211475372,1.23603391647,-0.0054844468832,-0.147619530559,-0.103191904724,0.42041260004
1495633880629059116,414,0,,-16.4473419189,-46.480052948,0.000756195455324,-0.109165683389,6.20890140533,0.396572858095,-0.00631948187947,-0.140523001552,0.0178215224296,0.364036232233
1495633880725607218,415,0,,-16.9475002289,-46.818397522,-0.00210811756551,-0.106329664588,6.1751704216,-0.396451771259,-0.25083693862,-0.0286431293935,0.0283601880074,0.313276350498
1495633880833050560,416,0,,-17.4351940155,-47.1640167236,-0.05088859424,-0.105343513191,6.14140844345,-1.25841188431,-0.325781315565,-0.48780477047,0.00986154656857,0.278494805098
1495633880930360700,417,0,,-17.8661727905,-47.4582977295,-0.0760250091553,-0.0410706289113,6.11130857468,-1.35794687271,-0.397289395332,-0.251364171505,0.642728865147,0.284801095724
1495633881025996325,418,0,,-17.9444713593,-47.4788017273,-0.10110732913,0.0525963678956,6.0858373642,-0.748841822147,-0.307141155005,-0.250823169947,0.936669945717,0.387360841036
1495633881126677007,419,0,,-18.2688732147,-47.7985534668,-0.0983372107148,0.0830977633595,6.07222557068,-0.276116073132,-0.378792703152,0.0277012120932,0.305013924837,0.483796775341
1495633881225253018,420,0,,-18.5039730072,-48.1161842346,-0.0989947244525,0.0812761038542,6.05889749527,-0.0871721506119,-0.223079502583,-0.00657517137006,-0.0182165540755,0.576773047447
1495633881280999286,421,0,,-18.4589862823,-48.1417617798,-0.0626277029514,0.0758671537042,6.04827547073,0.484570294619,-0.181644320488,0.363670259714,-0.0540894903243,0.660061776638
1495633881321548155,422,0,,-18.3580341339,-48.1722984314,-0.0382908768952,0.0731934159994,6.03827905655,1.04574549198,-0.137102007866,0.243368238211,-0.026737369597,0.71533280611
1495633881352240328,423,0,,-18.2025566101,-48.2091064453,-0.0308272112161,0.072599992156,6.04350852966,1.59451377392,-0.101536080241,0.0746366679668,-0.00593428313732,0.760354578495
1495633881426375451,424,0,,-18.3307361603,-48.5692253113,-0.0283366460353,0.0725954249501,6.04559993744,1.74003589153,-0.192174986005,0.0249056499451,-4.56930392829e-05,0.80351048708
1495633881522508276,425,0,,-18.1082324982,-48.6178512573,-0.0490930601954,0.0725237950683,6.08218812943,2.27305960655,-0.14294745028,-0.207564145327,-0.000716296897735,0.852239727974
1495633881627775156,426,0,,-18.1896190643,-48.9647979736,-0.0479084849358,0.0725421980023,6.12440347672,1.95988500118,-0.256076216698,0.011845767498,0.000184086718946,0.910368204117
1495633881720355156,427,0,,-18.2653160095,-49.2437667847,-0.0650425851345,0.0724471956491,6.18345594406,1.79764282703,-0.32038256526,-0.171341016889,-0.000950017303694,0.968437373638
