%time,field.DevID,field.MsgID,field.Data,field.Time
1495799555324518015,10,5,136,1495799555.32
1495799555325278167,10,3,-177,1495799555.32
1495799555373735934,10,5,136,1495799555.37
1495799555374660911,10,3,-177,1495799555.37
1495799555419711404,10,5,136,1495799555.42
1495799555420127728,10,3,-177,1495799555.42
1495799555470227465,10,5,136,1495799555.47
1495799555470817973,10,3,-177,1495799555.47
1495799555520158535,10,5,136,1495799555.52
1495799555520535887,10,3,-177,1495799555.52
1495799555571525264,10,5,136,1495799555.57
1495799555572151461,10,3,-177,1495799555.57
1495799555620190392,10,5,136,1495799555.62
1495799555620853466,10,3,-177,1495799555.62
1495799555670420732,10,5,136,1495799555.67
1495799555671019481,10,3,-177,1495799555.67
1495799555719904747,10,5,136,1495799555.72
1495799555720578645,10,3,-177,1495799555.72
1495799555772100419,10,5,136,1495799555.77
1495799555772702870,10,3,-177,1495799555.77
1495799555823689592,10,5,136,1495799555.82
1495799555824558140,10,3,-177,1495799555.82
1495799555874443813,10,5,136,1495799555.87
1495799555875183151,10,3,-177,1495799555.87
1495799555922782570,10,5,136,1495799555.92
1495799555922843123,10,3,-177,1495799555.92
1495799555970682309,10,5,136,1495799555.97
1495799555971327432,10,3,-177,1495799555.97
1495799556021493026,10,5,136,1495799556.02
1495799556022158613,10,3,-177,1495799556.02
1495799556070647881,10,5,136,1495799556.07
1495799556070909856,10,3,-177,1495799556.07
1495799556122467950,10,5,136,1495799556.12
1495799556122940147,10,3,-177,1495799556.12
1495799556172929886,10,5,136,1495799556.17
1495799556173574242,10,3,-177,1495799556.17
1495799556222928491,10,5,136,1495799556.22
1495799556223726008,10,3,71,1495799556.22
1495799556270852949,10,5,136,1495799556.27
1495799556271240149,10,3,100,1495799556.27
1495799556322131954,10,5,136,1495799556.32
1495799556322737827,10,3,136,1495799556.32
1495799556372556803,10,5,136,1495799556.37
1495799556372812561,10,3,136,1495799556.37
1495799556423906004,10,5,136,1495799556.42
1495799556424769731,10,3,136,1495799556.42
1495799556473075874,10,5,136,1495799556.47
1495799556473369627,10,3,136,1495799556.47
1495799556521349048,10,5,136,1495799556.52
1495799556521605087,10,3,136,1495799556.52
1495799556572681344,10,5,136,1495799556.57
1495799556572743852,10,3,136,1495799556.57
1495799556622799238,10,5,136,1495799556.62
1495799556622856997,10,3,-107,1495799556.62
1495799556673382836,10,5,136,1495799556.67
1495799556673586982,10,3,74,1495799556.67
1495799556722808049,10,5,136,1495799556.72
1495799556723475521,10,3,136,1495799556.72
1495799556773492149,10,5,136,1495799556.77
1495799556773713476,10,3,136,1495799556.77
1495799556823142315,10,5,136,1495799556.82
1495799556823340315,10,3,136,1495799556.82
1495799556872865885,10,5,136,1495799556.87
1495799556873120526,10,3,136,1495799556.87
1495799556922305835,10,5,97,1495799556.92
1495799556922507955,10,3,136,1495799556.92
1495799556977747593,10,5,105,1495799556.97
1495799556979386067,10,3,136,1495799556.97
1495799557022544977,10,5,-177,1495799557.02
1495799557022742348,10,3,136,1495799557.02
1495799557072555244,10,5,-177,1495799557.07
1495799557073769364,10,3,136,1495799557.07
1495799557121126925,10,5,-177,1495799557.12
1495799557121326113,10,3,136,1495799557.12
1495799557172621463,10,5,-177,1495799557.17
1495799557173407038,10,3,136,1495799557.17
1495799557222565384,10,5,-177,1495799557.22
1495799557223152610,10,3,136,1495799557.22
1495799557272427659,10,5,-177,1495799557.27
1495799557273017120,10,3,136,1495799557.27
1495799557322397423,10,5,-177,1495799557.32
1495799557322993659,10,3,136,1495799557.32
1495799557371245954,10,5,-177,1495799557.37
1495799557371305529,10,3,136,1495799557.37
1495799557423745365,10,5,-177,1495799557.42
1495799557424206667,10,3,136,1495799557.42
1495799557472769057,10,5,-177,1495799557.47
1495799557472974390,10,3,136,1495799557.47
1495799557522921666,10,5,-153,1495799557.52
1495799557523119107,10,3,136,1495799557.52
1495799557569872259,10,5,-137,1495799557.57
1495799557570223630,10,3,136,1495799557.57
1495799557622115703,10,5,-177,1495799557.62
1495799557622362941,10,3,136,1495799557.62
1495799557670371074,10,5,-177,1495799557.67
1495799557670988332,10,3,136,1495799557.67
1495799557722425877,10,5,-177,1495799557.72
1495799557722788004,10,3,136,1495799557.72
1495799557772725847,10,5,-177,1495799557.77
1495799557772923987,10,3,136,1495799557.77
1495799557820158274,10,5,-177,1495799557.82
1495799557820785029,10,3,136,1495799557.82
1495799557870219534,10,5,-177,1495799557.87
1495799557870876111,10,3,136,1495799557.87
1495799557920160868,10,5,-177,1495799557.92
1495799557920788392,10,3,136,1495799557.92
1495799557969554507,10,5,-177,1495799557.97
1495799557969974183,10,3,136,1495799557.97
1495799558021222533,10,5,-177,1495799558.02
1495799558021720153,10,3,136,1495799558.02
1495799558073626965,10,5,-177,1495799558.07
1495799558073961016,10,3,136,1495799558.07
1495799558122546383,10,5,-177,1495799558.12
1495799558123183615,10,3,136,1495799558.12
1495799558172685717,10,5,-177,1495799558.17
1495799558172976257,10,3,136,1495799558.17
1495799558222369060,10,5,-177,1495799558.22
1495799558222733144,10,3,136,1495799558.22
1495799558272375491,10,5,-177,1495799558.27
1495799558272753263,10,3,136,1495799558.27
1495799558322560714,10,5,-177,1495799558.32
1495799558323119375,10,3,136,1495799558.32
1495799558372780298,10,5,-177,1495799558.37
1495799558373136279,10,3,136,1495799558.37
1495799558421054663,10,5,-177,1495799558.42
1495799558421658720,10,3,136,1495799558.42
1495799558476729201,10,5,-177,1495799558.47
1495799558477434738,10,3,136,1495799558.47
1495799558521120250,10,5,-177,1495799558.52
1495799558521365463,10,3,136,1495799558.52
1495799558573096763,10,5,-177,1495799558.57
1495799558574055055,10,3,136,1495799558.57
1495799558622910289,10,5,-177,1495799558.62
1495799558624419138,10,3,136,1495799558.62
1495799558673842879,10,5,-177,1495799558.67
1495799558674806689,10,3,136,1495799558.67
1495799558724281627,10,5,-177,1495799558.72
1495799558724488008,10,3,136,1495799558.72
1495799558772492646,10,5,-177,1495799558.77
1495799558773405053,10,3,136,1495799558.77
1495799558823079597,10,5,-158,1495799558.82
1495799558823968469,10,3,136,1495799558.82
1495799558873624296,10,5,-137,1495799558.87
1495799558874309160,10,3,136,1495799558.87
1495799558921044222,10,5,109,1495799558.92
1495799558921694515,10,3,136,1495799558.92
1495799558971374296,10,5,120,1495799558.97
1495799558971650169,10,3,136,1495799558.97
1495799559020151658,10,5,136,1495799559.02
1495799559020773454,10,3,136,1495799559.02
1495799559071663724,10,5,136,1495799559.07
1495799559072472695,10,3,136,1495799559.07
1495799559123085417,10,5,136,1495799559.12
1495799559123673900,10,3,136,1495799559.12
1495799559172499592,10,5,136,1495799559.17
1495799559173249967,10,3,136,1495799559.17
1495799559222997634,10,5,-94,1495799559.22
1495799559223203666,10,3,136,1495799559.22
1495799559272656811,10,5,72,1495799559.27
1495799559273281053,10,3,136,1495799559.27
1495799559319882370,10,5,-177,1495799559.32
1495799559320104255,10,3,136,1495799559.32
1495799559373465787,10,5,-168,1495799559.37
1495799559374050219,10,3,136,1495799559.37
1495799559419840260,10,5,-177,1495799559.42
1495799559420249251,10,3,136,1495799559.42
1495799559473109746,10,5,-177,1495799559.47
1495799559473507003,10,3,136,1495799559.47
1495799559520404938,10,5,-177,1495799559.52
1495799559521054322,10,3,136,1495799559.52
1495799559569710785,10,5,-177,1495799559.57
1495799559569926874,10,3,136,1495799559.57
1495799559622920485,10,5,-177,1495799559.62
1495799559623254466,10,3,136,1495799559.62
1495799559672527911,10,5,-177,1495799559.67
1495799559672799594,10,3,136,1495799559.67
1495799559723263481,10,5,128,1495799559.72
1495799559723624980,10,3,136,1495799559.72
1495799559769675178,10,5,136,1495799559.77
1495799559770030182,10,3,136,1495799559.77
1495799559819885894,10,5,136,1495799559.82
1495799559820212611,10,3,136,1495799559.82
1495799559870246210,10,5,136,1495799559.87
1495799559870604217,10,3,136,1495799559.87
1495799559920144247,10,5,136,1495799559.92
1495799559920529142,10,3,136,1495799559.92
1495799559969668423,10,5,136,1495799559.97
1495799559970090334,10,3,136,1495799559.97
1495799560023115510,10,5,109,1495799560.02
1495799560023320564,10,3,136,1495799560.02
1495799560072692902,10,5,115,1495799560.07
1495799560073034356,10,3,136,1495799560.07
1495799560119911058,10,5,-108,1495799560.12
1495799560120228697,10,3,136,1495799560.12
1495799560169730173,10,5,-98,1495799560.17
1495799560170255030,10,3,136,1495799560.17
1495799560220322083,10,5,136,1495799560.22
1495799560220685467,10,3,136,1495799560.22
1495799560270249664,10,5,136,1495799560.27
1495799560270615982,10,3,136,1495799560.27
1495799560319988249,10,5,136,1495799560.32
1495799560320381385,10,3,136,1495799560.32
1495799560371130506,10,5,136,1495799560.37
1495799560371341706,10,3,136,1495799560.37
1495799560421926558,10,5,136,1495799560.42
1495799560422371586,10,3,136,1495799560.42
1495799560472785188,10,5,90,1495799560.47
1495799560473417671,10,3,136,1495799560.47
1495799560523572304,10,5,119,1495799560.52
1495799560523828413,10,3,136,1495799560.52
1495799560571861827,10,5,136,1495799560.57
1495799560572260551,10,3,136,1495799560.57
1495799560622742669,10,5,84,1495799560.62
1495799560623063381,10,3,136,1495799560.62
1495799560672361271,10,5,84,1495799560.67
1495799560672712782,10,3,136,1495799560.67
1495799560723064854,10,5,136,1495799560.72
1495799560723263972,10,3,136,1495799560.72
1495799560772093711,10,5,136,1495799560.77
1495799560772469388,10,3,136,1495799560.77
1495799560822780817,10,5,136,1495799560.82
1495799560823413230,10,3,136,1495799560.82
1495799560871785582,10,5,136,1495799560.87
1495799560872538820,10,3,136,1495799560.87
1495799560919509878,10,5,136,1495799560.92
1495799560919558208,10,3,136,1495799560.92
1495799560969869769,10,5,136,1495799560.97
1495799560970139147,10,3,136,1495799560.97
1495799561023388237,10,5,136,1495799561.02
1495799561024001723,10,3,136,1495799561.02
1495799561075979983,10,5,136,1495799561.07
1495799561077327150,10,3,136,1495799561.07
1495799561121217371,10,5,136,1495799561.12
1495799561121869968,10,3,136,1495799561.12
1495799561174260501,10,5,136,1495799561.17
1495799561174858761,10,3,136,1495799561.17
1495799561223008874,10,5,136,1495799561.22
1495799561223599871,10,3,136,1495799561.22
1495799561274602027,10,5,136,1495799561.27
1495799561275465893,10,3,136,1495799561.27
1495799561321201740,10,5,136,1495799561.32
1495799561321871448,10,3,136,1495799561.32
1495799561371191340,10,5,136,1495799561.37
1495799561371806082,10,3,136,1495799561.37
1495799561424160505,10,5,136,1495799561.42
1495799561424755274,10,3,136,1495799561.42
1495799561474324281,10,5,136,1495799561.47
1495799561475482739,10,3,136,1495799561.47
1495799561523902446,10,5,136,1495799561.52
1495799561524531157,10,3,136,1495799561.52
1495799561569640526,10,5,136,1495799561.57
1495799561570379307,10,3,136,1495799561.57
1495799561622689243,10,5,136,1495799561.62
1495799561623063802,10,3,136,1495799561.62
1495799561670192625,10,5,136,1495799561.67
1495799561671069343,10,3,136,1495799561.67
1495799561720283983,10,5,72,1495799561.72
1495799561720594706,10,3,136,1495799561.72
1495799561772051322,10,5,-98,1495799561.77
1495799561772368751,10,3,136,1495799561.77
1495799561822822722,10,5,-177,1495799561.82
1495799561823209782,10,3,136,1495799561.82
1495799561871157150,10,5,-177,1495799561.87
1495799561871817780,10,3,136,1495799561.87
1495799561920255360,10,5,-158,1495799561.92
1495799561920973188,10,3,136,1495799561.92
1495799561969791692,10,5,-152,1495799561.97
1495799561970131400,10,3,136,1495799561.97
1495799562023411219,10,5,136,1495799562.02
1495799562023753092,10,3,136,1495799562.02
1495799562072833426,10,5,136,1495799562.07
1495799562073206727,10,3,136,1495799562.07
1495799562119853368,10,5,136,1495799562.12
1495799562119900930,10,3,136,1495799562.12
1495799562172795225,10,5,136,1495799562.17
1495799562173078711,10,3,136,1495799562.17
1495799562221749780,10,5,136,1495799562.22
1495799562222196833,10,3,136,1495799562.22
1495799562270206569,10,5,136,1495799562.27
1495799562270828784,10,3,136,1495799562.27
1495799562319758820,10,5,136,1495799562.32
1495799562320134078,10,3,136,1495799562.32
1495799562372095640,10,5,136,1495799562.37
1495799562372457698,10,3,136,1495799562.37
1495799562422051154,10,5,128,1495799562.42
1495799562422451903,10,3,136,1495799562.42
1495799562470117953,10,5,-177,1495799562.47
1495799562470178855,10,3,136,1495799562.47
1495799562521932294,10,5,-177,1495799562.52
1495799562522324034,10,3,136,1495799562.52
1495799562570313655,10,5,-177,1495799562.57
1495799562570985320,10,3,136,1495799562.57
1495799562622808527,10,5,-177,1495799562.62
1495799562623054648,10,3,136,1495799562.62
1495799562672955338,10,5,-177,1495799562.67
1495799562673568823,10,3,136,1495799562.67
1495799562723671287,10,5,-100,1495799562.72
1495799562724042144,10,3,136,1495799562.72
1495799562773174789,10,5,-103,1495799562.77
1495799562773517081,10,3,136,1495799562.77
1495799562819641588,10,5,136,1495799562.82
1495799562820308992,10,3,136,1495799562.82
1495799562869558690,10,5,136,1495799562.87
1495799562870306550,10,3,136,1495799562.87
1495799562919635522,10,5,136,1495799562.92
1495799562920286583,10,3,136,1495799562.92
1495799562969618694,10,5,136,1495799562.97
1495799562970031595,10,3,136,1495799562.97
1495799563019607104,10,5,136,1495799563.02
1495799563019975587,10,3,136,1495799563.02
1495799563070725402,10,5,136,1495799563.07
1495799563071102964,10,3,136,1495799563.07
1495799563123177952,10,5,115,1495799563.12
1495799563123424562,10,3,136,1495799563.12
1495799563171074759,10,5,111,1495799563.17
1495799563171458606,10,3,136,1495799563.17
1495799563222876527,10,5,-140,1495799563.22
1495799563223223638,10,3,136,1495799563.22
1495799563271624976,10,5,-142,1495799563.27
1495799563271961192,10,3,136,1495799563.27
1495799563320689381,10,5,-177,1495799563.32
1495799563321326753,10,3,136,1495799563.32
1495799563373294815,10,5,-177,1495799563.37
1495799563373932116,10,3,136,1495799563.37
1495799563422561138,10,5,-154,1495799563.42
1495799563423211780,10,3,136,1495799563.42
1495799563473860609,10,5,136,1495799563.47
1495799563474250812,10,3,136,1495799563.47
1495799563520889841,10,5,136,1495799563.52
1495799563521532731,10,3,136,1495799563.52
1495799563572512675,10,5,136,1495799563.57
1495799563573066377,10,3,136,1495799563.57
1495799563622488169,10,5,136,1495799563.62
1495799563622665007,10,3,136,1495799563.62
1495799563674098292,10,5,136,1495799563.67
1495799563674465448,10,3,136,1495799563.67
1495799563723475383,10,5,136,1495799563.72
1495799563723910774,10,3,136,1495799563.72
1495799563772092805,10,5,136,1495799563.77
1495799563772836475,10,3,136,1495799563.77
1495799563820657082,10,5,136,1495799563.82
1495799563821304719,10,3,136,1495799563.82
1495799563870757448,10,5,136,1495799563.87
1495799563871060839,10,3,136,1495799563.87
1495799563922561592,10,5,-177,1495799563.92
1495799563923180316,10,3,136,1495799563.92
1495799563969682457,10,5,-177,1495799563.97
1495799563969790083,10,3,136,1495799563.97
1495799564021442319,10,5,-177,1495799564.02
1495799564022657977,10,3,136,1495799564.02
1495799564071628732,10,5,-177,1495799564.07
1495799564072233976,10,3,136,1495799564.07
1495799564120001015,10,5,-177,1495799564.12
1495799564120359720,10,3,136,1495799564.12
1495799564172299846,10,5,-177,1495799564.17
1495799564172948810,10,3,136,1495799564.17
1495799564221197052,10,5,136,1495799564.22
1495799564221858380,10,3,136,1495799564.22
1495799564273337899,10,5,136,1495799564.27
1495799564274041480,10,3,136,1495799564.27
1495799564326966088,10,5,136,1495799564.32
1495799564327586907,10,3,136,1495799564.32
1495799564372198867,10,5,136,1495799564.37
1495799564372809560,10,3,136,1495799564.37
1495799564423543946,10,5,136,1495799564.42
1495799564423790486,10,3,136,1495799564.42
1495799564472798460,10,5,81,1495799564.47
1495799564473449451,10,3,136,1495799564.47
1495799564521509193,10,5,-137,1495799564.52
1495799564522160323,10,3,136,1495799564.52
1495799564571465060,10,5,-129,1495799564.57
1495799564572061505,10,3,136,1495799564.57
1495799564623881362,10,5,-177,1495799564.62
1495799564624084739,10,3,136,1495799564.62
1495799564672167811,10,5,-177,1495799564.67
1495799564672846739,10,3,136,1495799564.67
1495799564725929533,10,5,-177,1495799564.72
1495799564726200378,10,3,136,1495799564.72
1495799564773182888,10,5,-177,1495799564.77
1495799564773791763,10,3,136,1495799564.77
1495799564822364143,10,5,-177,1495799564.82
1495799564823173674,10,3,136,1495799564.82
1495799564872399628,10,5,-177,1495799564.87
1495799564873015628,10,3,136,1495799564.87
1495799564923460031,10,5,136,1495799564.92
1495799564923731853,10,3,136,1495799564.92
1495799564972194506,10,5,136,1495799564.97
1495799564973147840,10,3,136,1495799564.97
1495799565021705975,10,5,101,1495799565.02
1495799565022203524,10,3,136,1495799565.02
1495799565072836916,10,5,86,1495799565.07
1495799565073956751,10,3,136,1495799565.07
1495799565123388249,10,5,85,1495799565.12
1495799565124069830,10,3,136,1495799565.12
1495799565171123156,10,5,-132,1495799565.17
1495799565171797124,10,3,136,1495799565.17
1495799565227028239,10,5,-177,1495799565.22
1495799565228483872,10,3,136,1495799565.22
1495799565273348799,10,5,-177,1495799565.27
1495799565274074101,10,3,136,1495799565.27
1495799565330424143,10,5,-177,1495799565.32
1495799565331136314,10,3,136,1495799565.32
1495799565372993804,10,5,-177,1495799565.37
1495799565373575931,10,3,136,1495799565.37
1495799565424603924,10,5,-177,1495799565.42
1495799565425371480,10,3,136,1495799565.42
1495799565469788933,10,5,-177,1495799565.47
1495799565470214685,10,3,136,1495799565.47
1495799565519622294,10,5,-177,1495799565.52
1495799565520341938,10,3,136,1495799565.52
1495799565569956980,10,5,-177,1495799565.57
1495799565570385246,10,3,136,1495799565.57
1495799565620272381,10,5,-177,1495799565.62
1495799565620938388,10,3,136,1495799565.62
1495799565672936200,10,5,-177,1495799565.67
1495799565673608981,10,3,136,1495799565.67
1495799565721872316,10,5,-177,1495799565.72
1495799565721930215,10,3,136,1495799565.72
1495799565772808191,10,5,-177,1495799565.77
1495799565773608153,10,3,136,1495799565.77
1495799565827250589,10,5,-177,1495799565.82
1495799565827450056,10,3,136,1495799565.82
1495799565872987060,10,5,-177,1495799565.87
1495799565873575962,10,3,136,1495799565.87
1495799565921352847,10,5,-177,1495799565.92
1495799565921564326,10,3,136,1495799565.92
1495799565969858109,10,5,-177,1495799565.97
1495799565970203265,10,3,136,1495799565.97
1495799566022240818,10,5,-177,1495799566.02
1495799566022454533,10,3,136,1495799566.02
1495799566070446948,10,5,-177,1495799566.07
1495799566071412923,10,3,136,1495799566.07
1495799566120383393,10,5,-177,1495799566.12
1495799566121150040,10,3,136,1495799566.12
1495799566170255591,10,5,-177,1495799566.17
1495799566170625959,10,3,136,1495799566.17
1495799566222728603,10,5,-177,1495799566.22
1495799566222927581,10,3,136,1495799566.22
1495799566270221308,10,5,-177,1495799566.27
1495799566270838984,10,3,136,1495799566.27
1495799566320658024,10,5,-177,1495799566.32
1495799566321443669,10,3,136,1495799566.32
1495799566371618763,10,5,-177,1495799566.37
1495799566371936192,10,3,136,1495799566.37
1495799566422152009,10,5,-177,1495799566.42
1495799566422354409,10,3,136,1495799566.42
1495799566470323427,10,5,-177,1495799566.47
1495799566471107605,10,3,136,1495799566.47
1495799566521240798,10,5,-177,1495799566.52
1495799566521563954,10,3,136,1495799566.52
1495799566571648949,10,5,-177,1495799566.57
1495799566571844365,10,3,136,1495799566.57
1495799566625540438,10,5,-177,1495799566.62
1495799566625746959,10,3,136,1495799566.62
1495799566670478488,10,5,-177,1495799566.67
1495799566671093930,10,3,136,1495799566.67
1495799566721292772,10,5,-177,1495799566.72
1495799566722045661,10,3,136,1495799566.72
1495799566770995181,10,5,-177,1495799566.77
1495799566771530655,10,3,136,1495799566.77
1495799566827638768,10,5,-177,1495799566.82
1495799566827991886,10,3,136,1495799566.82
1495799566872364845,10,5,-177,1495799566.87
1495799566872729625,10,3,136,1495799566.87
1495799566923958069,10,5,-177,1495799566.92
1495799566924759987,10,3,136,1495799566.92
1495799566969640207,10,5,-177,1495799566.97
1495799566970360830,10,3,136,1495799566.97
1495799567026204034,10,5,-177,1495799567.02
1495799567026579291,10,3,136,1495799567.02
1495799567070393168,10,5,-177,1495799567.07
1495799567070453860,10,3,136,1495799567.07
1495799567121938693,10,5,-177,1495799567.12
1495799567122885251,10,3,136,1495799567.12
1495799567175035947,10,5,-177,1495799567.17
1495799567175720182,10,3,136,1495799567.17
1495799567224000415,10,5,-177,1495799567.22
1495799567224252821,10,3,136,1495799567.22
1495799567271476560,10,5,-177,1495799567.27
1495799567271772757,10,3,136,1495799567.27
1495799567325599293,10,5,-177,1495799567.32
1495799567325842760,10,3,136,1495799567.32
1495799567372967822,10,5,-177,1495799567.37
1495799567373028793,10,3,136,1495799567.37
1495799567422819202,10,5,-177,1495799567.42
1495799567423155138,10,3,136,1495799567.42
1495799567469637235,10,5,-177,1495799567.47
1495799567469909686,10,3,136,1495799567.47
1495799567521480278,10,5,-177,1495799567.52
1495799567521690779,10,3,136,1495799567.52
1495799567572355255,10,5,115,1495799567.57
1495799567572636506,10,3,136,1495799567.57
1495799567619892377,10,5,120,1495799567.62
1495799567620187875,10,3,136,1495799567.62
1495799567671926440,10,5,136,1495799567.67
1495799567672198471,10,3,136,1495799567.67
1495799567719674267,10,5,136,1495799567.72
1495799567720233906,10,3,136,1495799567.72
1495799567771907096,10,5,136,1495799567.77
1495799567772162785,10,3,136,1495799567.77
1495799567826322047,10,5,136,1495799567.82
1495799567826693323,10,3,136,1495799567.82
1495799567871755271,10,5,136,1495799567.87
1495799567872321963,10,3,136,1495799567.87
1495799567921756674,10,5,136,1495799567.92
1495799567922939994,10,3,136,1495799567.92
1495799567970063788,10,5,136,1495799567.97
1495799567970730005,10,3,136,1495799567.97
1495799568020319274,10,5,136,1495799568.02
1495799568021118467,10,3,136,1495799568.02
1495799568072508315,10,5,136,1495799568.07
1495799568073280061,10,3,136,1495799568.07
1495799568123584152,10,5,136,1495799568.12
1495799568123789206,10,3,136,1495799568.12
1495799568172113719,10,5,136,1495799568.17
1495799568172461948,10,3,136,1495799568.17
1495799568222035286,10,5,136,1495799568.22
1495799568222674823,10,3,136,1495799568.22
1495799568272468796,10,5,136,1495799568.27
1495799568273118250,10,3,136,1495799568.27
1495799568321205302,10,5,136,1495799568.32
1495799568321439480,10,3,136,1495799568.32
1495799568371768578,10,5,136,1495799568.37
1495799568372092641,10,3,136,1495799568.37
1495799568420333967,10,5,136,1495799568.42
1495799568420545447,10,3,136,1495799568.42
1495799568476029527,10,5,136,1495799568.47
1495799568476243382,10,3,136,1495799568.47
1495799568522423140,10,5,136,1495799568.52
1495799568523312428,10,3,136,1495799568.52
1495799568571451091,10,5,136,1495799568.57
1495799568571816850,10,3,136,1495799568.57
1495799568622600755,10,5,136,1495799568.62
1495799568623212075,10,3,136,1495799568.62
1495799568672754055,10,5,136,1495799568.67
1495799568673422227,10,3,136,1495799568.67
1495799568722283677,10,5,136,1495799568.72
1495799568722493061,10,3,136,1495799568.72
1495799568772441386,10,5,136,1495799568.77
1495799568772817342,10,3,136,1495799568.77
1495799568822890677,10,5,136,1495799568.82
1495799568823490823,10,3,136,1495799568.82
1495799568872487000,10,5,136,1495799568.87
1495799568873096296,10,3,136,1495799568.87
1495799568923311475,10,5,136,1495799568.92
1495799568923854422,10,3,136,1495799568.92
1495799568973312946,10,5,136,1495799568.97
1495799568974155650,10,3,136,1495799568.97
1495799569022311777,10,5,136,1495799569.02
1495799569022940139,10,3,136,1495799569.02
1495799569070775135,10,5,136,1495799569.07
1495799569071650315,10,3,136,1495799569.07
1495799569120444226,10,5,136,1495799569.12
1495799569120894912,10,3,136,1495799569.12
1495799569171077829,10,5,136,1495799569.17
1495799569171309283,10,3,136,1495799569.17
1495799569222021323,10,5,136,1495799569.22
1495799569222197113,10,3,136,1495799569.22
1495799569273083470,10,5,136,1495799569.27
1495799569273332315,10,3,136,1495799569.27
1495799569322417261,10,5,136,1495799569.32
1495799569322644943,10,3,136,1495799569.32
1495799569373068530,10,5,136,1495799569.37
1495799569373397553,10,3,136,1495799569.37
1495799569422456374,10,5,136,1495799569.42
1495799569422897072,10,3,136,1495799569.42
1495799569472418597,10,5,136,1495799569.47
1495799569472733302,10,3,136,1495799569.47
1495799569523093895,10,5,136,1495799569.52
1495799569523309983,10,3,136,1495799569.52
1495799569570539034,10,5,136,1495799569.57
1495799569570863796,10,3,136,1495799569.57
1495799569627308195,10,5,136,1495799569.62
1495799569627563814,10,3,136,1495799569.62
1495799569675369960,10,5,136,1495799569.67
1495799569675756182,10,3,136,1495799569.67
1495799569722423572,10,5,136,1495799569.72
1495799569723093909,10,3,136,1495799569.72
1495799569772195615,10,5,136,1495799569.77
1495799569773279481,10,3,136,1495799569.77
1495799569822122979,10,5,136,1495799569.82
1495799569822757488,10,3,136,1495799569.82
1495799569872872245,10,5,136,1495799569.87
1495799569873692460,10,3,136,1495799569.87
1495799569922288303,10,5,136,1495799569.92
1495799569922688913,10,3,136,1495799569.92
1495799569973443130,10,5,136,1495799569.97
1495799569973626673,10,3,136,1495799569.97
1495799570022378127,10,5,136,1495799570.02
1495799570023001600,10,3,136,1495799570.02
1495799570073218878,10,5,136,1495799570.07
1495799570073918827,10,3,136,1495799570.07
1495799570120952604,10,5,136,1495799570.12
1495799570121269823,10,3,136,1495799570.12
1495799570171412511,10,5,136,1495799570.17
1495799570171955876,10,3,136,1495799570.17
1495799570221009737,10,5,136,1495799570.22
1495799570221331355,10,3,136,1495799570.22
1495799570273245290,10,5,136,1495799570.27
1495799570273645201,10,3,136,1495799570.27
1495799570323154434,10,5,136,1495799570.32
1495799570323401044,10,3,136,1495799570.32
1495799570369733543,10,5,136,1495799570.37
1495799570370073181,10,3,136,1495799570.37
1495799570421700483,10,5,136,1495799570.42
1495799570422369492,10,3,136,1495799570.42
1495799570471993892,10,5,136,1495799570.47
1495799570472745245,10,3,136,1495799570.47
1495799570523431509,10,5,136,1495799570.52
1495799570523751033,10,3,136,1495799570.52
1495799570573483756,10,5,136,1495799570.57
1495799570573920264,10,3,136,1495799570.57
1495799570619868072,10,5,136,1495799570.62
1495799570620453621,10,3,136,1495799570.62
1495799570671023743,10,5,136,1495799570.67
1495799570671366035,10,3,136,1495799570.67
1495799570720215399,10,5,136,1495799570.72
1495799570720612167,10,3,136,1495799570.72
1495799570772132967,10,5,136,1495799570.77
1495799570772478193,10,3,136,1495799570.77
1495799570823594887,10,5,136,1495799570.82
1495799570824216335,10,3,136,1495799570.82
1495799570872795070,10,5,136,1495799570.87
1495799570873355756,10,3,136,1495799570.87
1495799570922662650,10,5,136,1495799570.92
1495799570923330612,10,3,136,1495799570.92
1495799570972009291,10,5,136,1495799570.97
1495799570972371068,10,3,136,1495799570.97
1495799571022087028,10,5,136,1495799571.02
1495799571022711619,10,3,136,1495799571.02
1495799571072022010,10,5,136,1495799571.07
1495799571072641921,10,3,136,1495799571.07
1495799571121553237,10,5,136,1495799571.12
1495799571121914107,10,3,136,1495799571.12
1495799571171702350,10,5,136,1495799571.17
1495799571172102401,10,3,136,1495799571.17
1495799571221709762,10,5,136,1495799571.22
1495799571222405311,10,3,136,1495799571.22
1495799571270026523,10,5,136,1495799571.27
1495799571270381386,10,3,136,1495799571.27
1495799571319665582,10,5,136,1495799571.32
1495799571320282979,10,3,136,1495799571.32
1495799571369967722,10,5,136,1495799571.37
1495799571370540211,10,3,136,1495799571.37
1495799571421713542,10,5,136,1495799571.42
1495799571422382062,10,3,136,1495799571.42
1495799571469626694,10,5,136,1495799571.47
1495799571469937627,10,3,136,1495799571.47
1495799571519918769,10,5,136,1495799571.52
1495799571520262528,10,3,136,1495799571.52
1495799571570039391,10,5,136,1495799571.57
1495799571570409829,10,3,136,1495799571.57
1495799571620543790,10,5,136,1495799571.62
1495799571621239479,10,3,136,1495799571.62
1495799571676527581,10,5,136,1495799571.67
1495799571677136108,10,3,136,1495799571.67
1495799571720686690,10,5,136,1495799571.72
1495799571721337332,10,3,136,1495799571.72
1495799571773460163,10,5,136,1495799571.77
1495799571774006462,10,3,136,1495799571.77
1495799571823421679,10,5,136,1495799571.82
1495799571824036981,10,3,136,1495799571.82
1495799571872787805,10,5,136,1495799571.87
1495799571872849894,10,3,136,1495799571.87
1495799571920958808,10,5,136,1495799571.92
1495799571921330294,10,3,136,1495799571.92
1495799571969688673,10,5,136,1495799571.97
1495799571969983892,10,3,136,1495799571.97
1495799572021150316,10,5,136,1495799572.02
1495799572021495751,10,3,136,1495799572.02
1495799572073276010,10,5,136,1495799572.07
1495799572073612924,10,3,136,1495799572.07
1495799572120694467,10,5,136,1495799572.12
1495799572121388620,10,3,136,1495799572.12
1495799572171075179,10,5,136,1495799572.17
1495799572171449250,10,3,136,1495799572.17
1495799572222795235,10,5,136,1495799572.22
1495799572223394333,10,3,136,1495799572.22
1495799572275278372,10,5,136,1495799572.27
1495799572275650416,10,3,136,1495799572.27
1495799572320971886,10,5,136,1495799572.32
1495799572321033696,10,3,136,1495799572.32
1495799572369685975,10,5,136,1495799572.37
1495799572370400661,10,3,136,1495799572.37
1495799572421546413,10,5,136,1495799572.42
1495799572422023429,10,3,136,1495799572.42
1495799572472339186,10,5,136,1495799572.47
1495799572472685110,10,3,136,1495799572.47
1495799572519793755,10,5,136,1495799572.52
1495799572520211406,10,3,136,1495799572.52
1495799572571831309,10,5,136,1495799572.57
1495799572572160122,10,3,136,1495799572.57
1495799572621667606,10,5,136,1495799572.62
1495799572622329631,10,3,136,1495799572.62
1495799572670279788,10,5,136,1495799572.67
1495799572670586601,10,3,136,1495799572.67
1495799572721122918,10,5,136,1495799572.72
1495799572721317566,10,3,136,1495799572.72
1495799572771999361,10,5,136,1495799572.77
1495799572772260638,10,3,136,1495799572.77
1495799572822668300,10,5,136,1495799572.82
1495799572822988592,10,3,136,1495799572.82
1495799572874196784,10,5,136,1495799572.87
1495799572874441298,10,3,136,1495799572.87
1495799572922445376,10,5,136,1495799572.92
1495799572922502995,10,3,136,1495799572.92
1495799572972703232,10,5,136,1495799572.97
1495799572973275232,10,3,136,1495799572.97
1495799573022415491,10,5,136,1495799573.02
1495799573023033727,10,3,136,1495799573.02
1495799573071582288,10,5,136,1495799573.07
1495799573071835602,10,3,136,1495799573.07
1495799573122517678,10,5,136,1495799573.12
1495799573122828122,10,3,136,1495799573.12
1495799573171084469,10,5,136,1495799573.17
1495799573171377174,10,3,136,1495799573.17
1495799573220453386,10,5,136,1495799573.22
1495799573221065195,10,3,136,1495799573.22
1495799573273565372,10,5,136,1495799573.27
1495799573274102103,10,3,136,1495799573.27
1495799573319893328,10,5,136,1495799573.32
1495799573320233735,10,3,136,1495799573.32
1495799573369772857,10,5,136,1495799573.37
1495799573370118013,10,3,136,1495799573.37
1495799573424793123,10,5,136,1495799573.42
1495799573424858983,10,3,136,1495799573.42
1495799573472024133,10,5,136,1495799573.47
1495799573472575600,10,3,136,1495799573.47
1495799573520629196,10,5,136,1495799573.52
1495799573520958358,10,3,136,1495799573.52
1495799573571657125,10,5,136,1495799573.57
1495799573572000954,10,3,136,1495799573.57
1495799573620211553,10,5,136,1495799573.62
1495799573620784320,10,3,136,1495799573.62
1495799573670186756,10,5,136,1495799573.67
1495799573670930775,10,3,136,1495799573.67
1495799573720942095,10,5,136,1495799573.72
1495799573721495029,10,3,136,1495799573.72
1495799573772147913,10,5,136,1495799573.77
1495799573772543004,10,3,136,1495799573.77
1495799573820985058,10,5,136,1495799573.82
1495799573821229433,10,3,136,1495799573.82
1495799573872487279,10,5,136,1495799573.87
1495799573873649928,10,3,136,1495799573.87
1495799573919908600,10,5,136,1495799573.92
1495799573920475921,10,3,136,1495799573.92
1495799573971826237,10,5,136,1495799573.97
1495799573972196744,10,3,136,1495799573.97
1495799574020210534,10,5,136,1495799574.02
1495799574020809492,10,3,136,1495799574.02
1495799574070945683,10,5,136,1495799574.07
1495799574071499524,10,3,136,1495799574.07
1495799574122694934,10,5,136,1495799574.12
1495799574123366528,10,3,136,1495799574.12
1495799574169886831,10,5,136,1495799574.17
1495799574170228215,10,3,136,1495799574.17
1495799574222368502,10,5,136,1495799574.22
1495799574222990300,10,3,136,1495799574.22
1495799574270955754,10,5,136,1495799574.27
1495799574271334783,10,3,136,1495799574.27
1495799574320665569,10,5,136,1495799574.32
1495799574321017010,10,3,136,1495799574.32
1495799574371497872,10,5,136,1495799574.37
1495799574371891777,10,3,136,1495799574.37
1495799574420966384,10,5,136,1495799574.42
1495799574421292543,10,3,136,1495799574.42
1495799574473210105,10,5,136,1495799574.47
1495799574474077673,10,3,136,1495799574.47
1495799574523397283,10,5,136,1495799574.52
1495799574523999455,10,3,136,1495799574.52
1495799574571320765,10,5,136,1495799574.57
1495799574571573520,10,3,136,1495799574.57
1495799574622131215,10,5,136,1495799574.62
1495799574622765372,10,3,136,1495799574.62
1495799574672855818,10,5,136,1495799574.67
1495799574674530472,10,3,136,1495799574.67
1495799574719603867,10,5,136,1495799574.72
1495799574719983733,10,3,136,1495799574.72
1495799574769603172,10,5,136,1495799574.77
1495799574770008950,10,3,136,1495799574.77
1495799574824309642,10,5,136,1495799574.82
1495799574824561000,10,3,136,1495799574.82
1495799574872900109,10,5,136,1495799574.87
1495799574873132401,10,3,136,1495799574.87
1495799574921862415,10,5,136,1495799574.92
1495799574922201494,10,3,136,1495799574.92
1495799574973130244,10,5,136,1495799574.97
1495799574973373850,10,3,136,1495799574.97
1495799575023344100,10,5,136,1495799575.02
1495799575023891377,10,3,136,1495799575.02
1495799575069683164,10,5,136,1495799575.07
1495799575070141881,10,3,136,1495799575.07
1495799575119595936,10,5,136,1495799575.12
1495799575120176526,10,3,136,1495799575.12
1495799575170339122,10,5,136,1495799575.17
1495799575170704182,10,3,136,1495799575.17
1495799575222246562,10,5,136,1495799575.22
1495799575222793768,10,3,136,1495799575.22
1495799575273529826,10,5,136,1495799575.27
1495799575275119413,10,3,136,1495799575.27
1495799575323845860,10,5,136,1495799575.32
1495799575324416673,10,3,136,1495799575.32
1495799575373057986,10,5,136,1495799575.37
1495799575373719453,10,3,136,1495799575.37
1495799575423319965,10,5,136,1495799575.42
1495799575423566016,10,3,136,1495799575.42
1495799575471684914,10,5,136,1495799575.47
1495799575471754057,10,3,136,1495799575.47
1495799575519748499,10,5,136,1495799575.52
1495799575520064042,10,3,136,1495799575.52
1495799575569965012,10,5,136,1495799575.57
1495799575570345018,10,3,136,1495799575.57
1495799575621749875,10,5,136,1495799575.62
1495799575622010802,10,3,136,1495799575.62
1495799575673728413,10,5,136,1495799575.67
1495799575674195931,10,3,136,1495799575.67
1495799575722053904,10,5,136,1495799575.72
1495799575722319930,10,3,136,1495799575.72
1495799575772674307,10,5,136,1495799575.77
1495799575772873355,10,3,136,1495799575.77
1495799575822914425,10,5,136,1495799575.82
1495799575824272348,10,3,136,1495799575.82
1495799575880491299,10,5,136,1495799575.87
1495799575880838131,10,3,136,1495799575.87
1495799575920667846,10,5,136,1495799575.92
1495799575920891477,10,3,136,1495799575.92
1495799575977316323,10,5,136,1495799575.97
1495799575977366050,10,3,136,1495799575.97
1495799576022035275,10,5,136,1495799576.02
1495799576022422824,10,3,136,1495799576.02
1495799576072407815,10,5,136,1495799576.07
1495799576072461802,10,3,136,1495799576.07
1495799576120726460,10,5,136,1495799576.12
1495799576121102415,10,3,136,1495799576.12
1495799576172072512,10,5,136,1495799576.17
1495799576173144156,10,3,136,1495799576.17
1495799576222399509,10,5,136,1495799576.22
1495799576223015858,10,3,136,1495799576.22
1495799576272029917,10,5,136,1495799576.27
1495799576272631600,10,3,136,1495799576.27
1495799576322388346,10,5,136,1495799576.32
1495799576322786511,10,3,136,1495799576.32
1495799576372016934,10,5,136,1495799576.37
1495799576372659824,10,3,136,1495799576.37
1495799576427151177,10,5,136,1495799576.42
1495799576427495774,10,3,136,1495799576.42
1495799576475157144,10,5,136,1495799576.47
1495799576475531912,10,3,136,1495799576.47
1495799576521926426,10,5,136,1495799576.52
1495799576522133645,10,3,136,1495799576.52
1495799576572159981,10,5,136,1495799576.57
1495799576572212292,10,3,136,1495799576.57
1495799576622129953,10,5,136,1495799576.62
1495799576622605712,10,3,136,1495799576.62
1495799576672200497,10,5,136,1495799576.67
1495799576672668294,10,3,136,1495799576.67
1495799576721915197,10,5,136,1495799576.72
1495799576722454581,10,3,136,1495799576.72
1495799576772668299,10,5,136,1495799576.77
1495799576772725499,10,3,136,1495799576.77
1495799576824377876,10,5,136,1495799576.82
1495799576824581463,10,3,136,1495799576.82
1495799576869935277,10,5,136,1495799576.87
1495799576870258782,10,3,136,1495799576.87
1495799576919774924,10,5,136,1495799576.92
1495799576920104854,10,3,136,1495799576.92
1495799576973784519,10,5,136,1495799576.97
1495799576974028893,10,3,136,1495799576.97
1495799577022574799,10,5,136,1495799577.02
1495799577022792983,10,3,136,1495799577.02
1495799577073249609,10,5,136,1495799577.07
1495799577073445025,10,3,136,1495799577.07
1495799577123454105,10,5,136,1495799577.12
1495799577123697433,10,3,136,1495799577.12
1495799577171146276,10,5,136,1495799577.17
1495799577171496810,10,3,136,1495799577.17
1495799577222428287,10,5,136,1495799577.22
1495799577222696827,10,3,136,1495799577.22
1495799577275152589,10,5,136,1495799577.27
1495799577275419452,10,3,136,1495799577.27
1495799577320949054,10,5,136,1495799577.32
1495799577321153480,10,3,136,1495799577.32
1495799577371333954,10,5,136,1495799577.37
1495799577371394995,10,3,136,1495799577.37
1495799577421200211,10,5,136,1495799577.42
1495799577421253221,10,3,136,1495799577.42
1495799577472552902,10,5,136,1495799577.47
1495799577472823188,10,3,136,1495799577.47
1495799577523478159,10,5,136,1495799577.52
1495799577523727073,10,3,136,1495799577.52
1495799577571382647,10,5,136,1495799577.57
1495799577571436215,10,3,136,1495799577.57
1495799577626037223,10,5,136,1495799577.62
1495799577626408011,10,3,136,1495799577.62
1495799577671631152,10,5,136,1495799577.67
1495799577672274739,10,3,136,1495799577.67
