%time,field.header.seq,field.header.stamp,field.header.frame_id,field.x,field.y,field.phi,field.theta,field.psi,field.u,field.v,field.p,field.q,field.r
1495799555281472804,13251,0,,-32.020236969,-25.8711891174,0.0242910496891,-0.0150611689314,1.13717615604,-0.211691349745,0.00496400147676,0.203188613057,-0.150814577937,-0.324893802404
1495799555383343024,13252,0,,-32.0233802795,-25.8679733276,0.0335746444762,-0.0217453148216,1.13837563992,-0.289677083492,0.0103885885328,0.0928359627724,-0.0668414533138,-0.551526546478
1495799555406683348,13253,0,,-32.0455436707,-25.9064922333,0.0321972630918,-0.0222392641008,1.13748037815,-0.444365739822,0.00547672621906,-0.0137738101184,-0.00493950210512,-0.773517549038
1495799555456039346,13254,0,,-32.0758323669,-25.9579486847,0.0274926703423,-0.0212797038257,1.13720095158,-0.597094714642,3.24272623402e-05,-0.0470459498465,0.00959561299533,-0.986584305763
1495799555498997813,13255,0,,-32.0887451172,-25.9677066803,0.0251867771149,-0.0206758230925,1.13469731808,-0.557867705822,0.00072419620119,-0.023058924824,0.00603880174458,-1.19144260883
1495799555586257025,13256,0,,-32.1012649536,-25.9764671326,0.0264429114759,-0.0205775722861,1.13368546963,-0.551104605198,0.000971357279923,0.0125613389537,0.000982512603514,-1.39104044437
1495799555703473818,13257,0,,-32.1145515442,-25.9923496246,0.028339093551,-0.0206541232765,1.13501966,-0.561134934425,0.00441095139831,0.0189618226141,-0.000765515782405,-1.58707857132
1495799555783648886,13258,0,,-32.1555023193,-26.0505657196,0.0300125069916,-0.0207039918751,1.13345134258,-0.711745619774,-0.000520393135957,0.0167341381311,-0.000498694949783,-1.77931880951
1495799555886260748,13259,0,,-32.2060966492,-26.1199913025,0.0295901410282,-0.0206540040672,1.13268470764,-0.859057426453,-0.00363869359717,-0.00422366149724,0.00049987930106,-1.9669700861
1495799555987544438,13260,0,,-32.2219238281,-26.1392745972,0.0287491567433,-0.0205428805202,1.13426542282,-0.770229160786,0.00673773931339,-0.00840983912349,0.00111125200056,-2.14899539948
1495799556097642654,13261,0,,-32.1875114441,-26.1525974274,0.0312243774533,-0.0205213483423,1.13421773911,-0.732844173908,0.0183660369366,0.0247522071004,0.000215311985812,-2.32677769661
1495799556194278059,13262,0,,-32.16147995,-26.1633090973,0.0354455858469,-0.0205610878766,1.13441216946,-0.716010808945,0.0269047152251,0.0422120690346,-0.00039739740896,-2.50274014473
1495799556293234007,13263,0,,-32.1962280273,-26.201581955,0.0243683084846,0.0108342710882,1.13699746132,-0.516237795353,0.0271335784346,-0.110772758722,0.313953608274,-2.48276281357
1495799556395905097,13264,0,,-32.1303100586,-26.1581439972,0.00534523371607,0.036639355123,1.13716304302,-0.176787510514,0.0420906804502,-0.190230756998,0.258050829172,-2.38353610039
1495799556411610236,13265,0,,-32.1251029968,-26.1461257935,0.00220922660083,0.0429331064224,1.14171946049,0.12682133913,0.0327523946762,-0.0313600711524,0.062937527895,-2.27953648567
1495799556454345139,13266,0,,-32.1015434265,-26.110370636,0.00676060793921,0.0414259359241,1.14651870728,0.427303761244,0.0275472681969,0.0455138124526,-0.0150717394426,-2.17970132828
1495799556498181228,13267,0,,-31.9936599731,-26.0171356201,0.00943087227643,0.0395826548338,1.15398085117,0.499585568905,0.0551089942455,0.0267026424408,-0.0184327755123,-2.08520364761
1495799556601470829,13268,0,,-31.9514713287,-25.949640274,0.0148798078299,0.039012029767,1.15419852734,0.794647932053,0.0459120310843,0.0544893592596,-0.00570627255365,-1.99533390999
1495799556694438450,13269,0,,-31.8994731903,-25.8694515228,0.0191606134176,0.0272533725947,1.1792601347,0.954967021942,0.0377190113068,0.0428080447018,-0.117586567998,-1.98157048225
1495799556795328932,13270,0,,-31.7948284149,-25.7683200836,0.0149076562375,0.0337572060525,1.19729614258,0.850470066071,0.0807218551636,-0.0425295643508,0.065038330853,-1.89587891102
1495799556892234974,13271,0,,-31.7404155731,-25.6682758331,0.0174696370959,0.0385641492903,1.21812808514,1.13701224327,0.0644778385758,0.0256198197603,0.0480694361031,-1.81291627884
1495799557004973051,13272,0,,-31.6606502533,-25.5826740265,0.011585181579,0.0335907265544,1.24113965034,0.948239088058,0.105674408376,-0.0588445626199,-0.0497342385352,-1.69881904125
1495799557099837065,13273,0,,-31.6267356873,-25.4967269897,0.00183470302727,0.00792624615133,1.26649689674,0.919476211071,0.0909023061395,-0.097504787147,-0.256644785404,-1.44718277454
1495799557194211359,13274,0,,-31.5388584137,-25.4782142639,0.00154116691556,-0.00233967718668,1.2894525528,0.619636952877,0.132045373321,-0.0029353601858,-0.102659232914,-1.19351017475
1495799557298781223,13275,0,,-31.526517868,-25.4178104401,0.0113769015297,-0.00266199465841,1.29007613659,0.607093751431,0.107347398996,0.0983573421836,-0.0032231756486,-0.951979219913
1495799557399145798,13276,0,,-31.4686412811,-25.4253463745,0.00811973307282,-0.00134322734084,1.32462441921,0.398800611496,0.14637516439,-0.0325716808438,0.0131876729429,-0.721816897392
1495799557433512671,13277,0,,-31.4687004089,-25.384771347,0.0110002653673,-0.000495703017805,1.34103727341,0.387972027063,0.118830502033,0.0288053210825,0.00847524311393,-0.495488256216
1495799557455316351,13278,0,,-31.4688243866,-25.3457241058,0.00668978970498,-0.000414312089561,1.3630822897,0.377292215824,0.10055758059,-0.0431047566235,0.00081390934065,-0.27566164732
1495799557502192350,13279,0,,-31.3734493256,-25.3775291443,-0.000320932711475,-0.000468965998152,1.38104641438,0.231915250421,0.134449765086,-0.0701072216034,-0.000546539202332,-0.0564596652985
1495799557595196778,13280,0,,-31.3782863617,-25.3454055786,0.0103742321953,0.00718469079584,1.40802586079,0.307548850775,0.104617185891,0.106951646507,0.0765365660191,0.113076411188
1495799557691595070,13281,0,,-31.2483139038,-25.3750019073,0.00262412731536,0.00274338037707,1.43550753593,0.191451638937,0.1390979141,-0.0775010511279,-0.0444131046534,0.315957993269
1495799557791943096,13282,0,,-31.1480369568,-25.4063205719,0.0050926534459,-0.000134087109473,1.46524357796,0.12158280611,0.155392557383,0.0246852636337,-0.0287746749818,0.520311236382
1495799557894623119,13283,0,,-31.0683727264,-25.4437236786,0.0114722261205,-0.000710100808647,1.49447596073,0.0741196423769,0.174111157656,0.063795723021,-0.00576013699174,0.714776158333
1495799557991137631,13284,0,,-31.0040073395,-25.4791870117,0.0164090823382,-0.000527877593413,1.52204453945,0.0426111854613,0.188280373812,0.0493685677648,0.00182223215234,0.899541437626
1495799558095081505,13285,0,,-31.0193691254,-25.4761180878,0.0187455173582,-0.000350811955286,1.52264475822,0.0396719276905,0.15152849257,0.0233643501997,0.00177065643948,1.07722139359
1495799558199196418,13286,0,,-30.9573554993,-25.5063457489,0.00983477011323,-0.000346409738995,1.58146858215,0.022502662614,0.170111268759,-0.0891074761748,4.40220319433e-05,1.25283765793
1495799558297621649,13287,0,,-30.9709281921,-25.5064201355,0.00900736264884,-0.000235979940044,1.58248078823,0.020034076646,0.134223952889,-0.0082740765065,0.00110429804772,1.42916250229
1495799558391599659,13288,0,,-30.911781311,-25.5361347198,0.00335176941007,-0.00027243400109,1.65130114555,0.0159568656236,0.149395316839,-0.0565559305251,-0.000364540523151,1.60165083408
1495799558405079168,13289,0,,-30.9235553741,-25.5378303528,0.004105377011,-0.000231815152802,1.68807435036,0.0136221675202,0.118170976639,0.00753607554361,0.000406188424677,1.77220535278
1495799558449313074,13290,0,,-30.9331188202,-25.5397205353,-0.000923366751522,-0.000286169961328,1.72740101814,0.0112873502076,0.0968363583088,-0.0502874366939,-0.000543548143469,1.93862223625
1495799558497497553,13291,0,,-30.8200435638,-25.555141449,-0.00813611689955,-0.000284426292637,1.76745164394,0.0266956407577,0.126913785934,-0.0721274986863,1.74366305146e-05,2.1058037281
1495799558604943057,13292,0,,-30.7302513123,-25.5677223206,-0.00354987778701,-0.000198861045646,1.80909883976,0.0417368970811,0.142703086138,0.0458623841405,0.000855652499013,2.26999402046
1495799558696621266,13293,0,,-30.6576023102,-25.5782299042,0.00341306510381,-0.000242292007897,1.84648895264,0.0525631271303,0.145882084966,0.0696294307709,-0.000434309564298,2.42406654358
1495799558798797319,13294,0,,-30.5973148346,-25.5871143341,0.0050273090601,-0.000329320348101,1.88260865211,0.0639849081635,0.149121165276,0.0161424390972,-0.000870283518452,2.5708553791
1495799558898956498,13295,0,,-30.5084590912,-25.588262558,0.00932726077735,0.00718943728134,1.9173848629,0.137590587139,0.140416115522,0.0429995208979,0.0751875787973,2.66942405701
1495799558992622807,13296,0,,-30.5407886505,-25.5606040955,0.020010959357,0.0286411028355,1.95402681828,0.412105470896,0.105755589902,0.106836974621,0.214516654611,2.65332531929
1495799559101712588,13297,0,,-30.5899200439,-25.5092735291,0.0136464452371,0.039507266134,1.99280142784,0.705544710159,0.084256246686,-0.063645131886,0.108661644161,2.61425590515
1495799559194731958,13298,0,,-30.5334739685,-25.4424152374,0.00366938509978,0.0408430621028,2.03194713593,0.799374341965,0.0991210117936,-0.0997705981135,0.0133579503745,2.58480024338
1495799559294779039,13299,0,,-30.6073665619,-25.3692569733,0.00278767407872,0.035261657089,2.03246903419,1.03724193573,0.0732339248061,-0.00881710834801,-0.0558140464127,2.58740925789
1495799559397189196,13300,0,,-30.5518398285,-25.321187973,-0.0150217209011,0.00985290296376,2.10962319374,0.84845662117,0.10978205502,-0.178093954921,-0.254087537527,2.72590613365
1495799559416336669,13301,0,,-30.6199016571,-25.2695083618,-0.00906272046268,4.33830609836e-05,2.1494178772,0.850711584091,0.0813371166587,0.0595900006592,-0.0980952009559,2.87220263481
1495799559455406167,13302,0,,-30.6883640289,-25.2216758728,-0.00998085830361,-0.0021478976123,2.18266248703,0.832451879978,0.0672183409333,-0.00918137282133,-0.0219128075987,3.01775121689
1495799559496119022,13303,0,,-30.7567958832,-25.1773986816,-0.0164707787335,-0.00154115958139,2.18329429626,0.813157379627,0.0557099506259,-0.0648992136121,0.00606738170609,3.16246366501
1495799559592380779,13304,0,,-30.6574478149,-25.1844711304,-0.0220808889717,-0.000880089588463,2.24899864197,0.681692242622,0.0926754325628,-0.0561010874808,0.00661069946364,3.30806541443
1495799559698688572,13305,0,,-30.7178707123,-25.1558761597,-0.0149338040501,-0.000560586049687,2.28514838219,0.664746880531,0.0704832151532,0.071470849216,0.00319503503852,3.44928193092
1495799559797922837,13306,0,,-30.6436214447,-25.1430492401,0.00582451559603,0.0281627774239,2.32075858116,0.836570680141,0.0974946022034,0.207583189011,0.287233620882,3.409501791
1495799559895206857,13307,0,,-30.7461738586,-25.0976238251,0.0107070384547,0.0403063260019,2.35492753983,1.11899411678,0.0767007544637,0.0488252304494,0.121435500681,3.35415124893
1495799560003031881,13308,0,,-30.7062206268,-25.0670528412,0.00298824766651,0.0410039871931,2.38741445541,1.16832840443,0.102021045983,-0.077187910676,0.00697662401944,3.3046207428
1495799560096548941,13309,0,,-30.837228775,-25.0158901215,0.00251055462286,0.0355827249587,2.41546583176,1.40443503857,0.074968226254,-0.00477693136781,-0.0542126335204,3.28531908989
1495799560198761237,13310,0,,-30.799955368,-24.9917964935,-0.00687078433111,0.0229690633714,2.44160676003,1.28683757782,0.101802669466,-0.0938133895397,-0.126136615872,3.3271214962
1495799560296903957,13311,0,,-30.9488964081,-24.9413585663,0.00768534187227,0.0324758738279,2.46707940102,1.57094693184,0.0699949786067,0.145561262965,0.095068089664,3.28941488266
1495799560360429635,13312,0,,-30.9250888824,-24.9088630676,0.00567412190139,0.0381705835462,2.49121403694,1.5480774641,0.100599251688,-0.0201122034341,0.056947119534,3.24099206924
1495799560398238908,13313,0,,-31.0995082855,-24.8568477631,0.00687757693231,0.0393060036004,2.4914753437,1.81859350204,0.0743574798107,0.0120345521718,0.0113541847095,3.19689750671
1495799560432678837,13314,0,,-31.2981987,-24.7936992645,0.00306846410967,0.0387332774699,2.51446270943,2.08407020569,0.0561392344534,-0.0380911305547,-0.0057272426784,3.1546292305
1495799560500188118,13315,0,,-31.1962394714,-24.7484397888,-0.00866857729852,0.0295493546873,2.55777668953,1.84130144119,0.0879029855132,-0.117370411754,-0.0918392464519,3.1695625782
1495799560600338981,13316,0,,-31.4012756348,-24.6978530884,0.00308247865178,0.0345853604376,2.5774641037,2.11100530624,0.0594954527915,0.117510557175,0.0503600761294,3.13748908043
1495799560704451384,13317,0,,-31.2948379517,-24.670085907,-0.004232136067,0.0280475672334,2.59590888023,1.89186871052,0.0947450846434,-0.0731461495161,-0.0653779506683,3.15498518944
1495799560798383228,13318,0,,-31.2164745331,-24.6506977081,0.00611859606579,0.0345165729523,2.61265277863,1.85434615612,0.107016801834,0.103507325053,0.0646900385618,3.11985373497
1495799560900709860,13319,0,,-31.1142406464,-24.6176395416,0.0127371260896,0.038211312145,2.62803220749,1.5550866127,0.000852117780596,0.0661852955818,0.0369473919272,3.07492589951
1495799560999704221,13320,0,,-31.0116882324,-24.5891723633,-0.0101894065738,0.0388038046658,2.64171266556,1.34408223629,-0.0671218633652,-0.229265317321,0.00592494010925,3.0370285511
1495799561106036108,13321,0,,-30.912563324,-24.5463523865,-0.0353395305574,0.038789588958,2.65355610847,1.10084736347,-0.0736170709133,-0.251501232386,-0.000142158271046,3.02149987221
1495799561200397972,13322,0,,-31.0472145081,-24.5143432617,-0.0394428931177,0.0389461480081,2.66601276398,1.38249921799,-0.0650639012456,-0.0410336330533,0.00156557688024,3.01677322388
1495799561305272686,13323,0,,-30.8931980133,-24.470375061,-0.0314306169748,0.0388042442501,2.67823338509,1.06626617908,-0.0601455569267,0.0801227614284,-0.00141901418101,3.00732350349
1495799561365708795,13324,0,,-31.0254554749,-24.4435443878,-0.0257906597108,0.0387620292604,2.68943524361,1.34864938259,-0.0484931208193,0.0563995763659,-0.00042214570567,2.99153614044
1495799561405226391,13325,0,,-31.1853923798,-24.4146232605,-0.0235627684742,0.038630861789,2.70152592659,1.62483215332,-0.0392021089792,0.0222789123654,-0.00131169566885,2.97388410568
1495799561455097191,13326,0,,-31.3724517822,-24.3841190338,-0.0224149525166,0.0384700894356,2.70854854584,1.8950227499,-0.0325864329934,0.011478157714,-0.0016077272594,2.95614075661
1495799561516254407,13327,0,,-31.1681575775,-24.3506889343,-0.0212006010115,0.038303244859,2.71681284904,1.78268313408,0.048889324069,0.0121435103938,-0.00166843738407,2.93825483322
1495799561614589046,13328,0,,-31.3717098236,-24.3265647888,-0.00374127947725,0.0383974835277,2.71914434433,2.04952478409,0.031436946243,0.174593225121,0.000942408805713,2.91473340988
1495799561706553679,13329,0,,-31.1330623627,-24.2836742401,-0.000829969183542,0.0381371937692,2.71466040611,1.76004135609,-0.0882027223706,0.0291131027043,-0.00260290876031,2.88207960129
1495799561808049750,13330,0,,-30.9148292542,-24.2452602386,-0.0405566953123,0.0241291653365,2.70621562004,1.48554694653,-0.160677015781,-0.397267252207,-0.140080288053,2.94505739212
1495799561908458262,13331,0,,-30.7056350708,-24.1937065125,-0.0804318338633,0.00371782644652,2.70634698868,0.923534870148,-0.0224956590682,-0.398751378059,-0.204113394022,3.12868046761
1495799562004319332,13332,0,,-30.4930515289,-24.1633930206,-0.0486527681351,0.00240952684544,2.69733214378,0.553478896618,0.0566104128957,0.317790657282,-0.0130829960108,3.2861802578
1495799562108238277,13333,0,,-30.5783863068,-24.1567687988,0.00808049645275,0.0288228783756,2.69894552231,0.855194568634,0.0351524911821,0.567332625389,0.264133512974,3.257158041
1495799562209868033,13334,0,,-30.3415699005,-24.1148529053,0.00966539606452,0.0398446545005,2.69782996178,0.75875300169,0.149182349443,0.0158489942551,0.110217742622,3.19938850403
1495799562308073534,13335,0,,-30.0949516296,-24.0621109009,0.0178790371865,0.0409806072712,2.69920110703,1.10632514954,0.131291374564,0.0821364223957,0.0113595500588,3.15011072159
1495799562398878584,13336,0,,-29.9171504974,-24.0115833282,0.0182838700712,0.0394982844591,2.69357800484,1.37813591957,0.121815212071,0.00404832838103,-0.0148232467473,3.09903335571
1495799562409025549,13337,0,,-30.0821762085,-23.9972343445,0.0145123377442,0.0385841950774,2.69236731529,1.65387260914,0.0928392261267,-0.0377153307199,-0.00914086587727,3.05210375786
1495799562451882601,13338,0,,-30.27186203,-23.9762649536,0.00575498770922,0.0367941260338,2.67505168915,1.90709960461,0.0708454102278,-0.0875734984875,-0.0179007109255,3.01992154121
1495799562504849115,13339,0,,-30.0290431976,-23.906873703,-0.0209497530013,0.00878367386758,2.66521310806,1.73344969749,0.116177976131,-0.267047405243,-0.280104517937,3.15864706039
1495799562603006643,13340,0,,-30.1983184814,-23.8904819489,-0.0130434297025,-0.0026829096023,2.64749526978,1.69863688946,0.0832575708628,0.0790632367134,-0.114665836096,3.30868005753
1495799562701598435,13341,0,,-30.3637504578,-23.8723812103,-0.0100635150447,-0.00354932737537,2.63569116592,1.6628100872,0.0676961839199,0.0297991409898,-0.00866417679936,3.44435405731
1495799562815065657,13342,0,,-30.0178775787,-23.7916736603,-0.00618082238361,0.0118002314121,2.63223648071,1.61317932606,0.155004069209,0.038826931268,0.153495579958,3.49368476868
1495799562905332095,13343,0,,-29.8036365509,-23.6943836212,0.0198610853404,0.033553853631,2.62504410744,1.1213132143,0.150426402688,0.260419070721,0.217536240816,3.44297552109
1495799563024795613,13344,0,,-29.5919685364,-23.6184082031,0.0251150932163,0.0405435822904,2.62180233002,0.795851767063,0.155568554997,0.0525400862098,0.0698972865939,3.37667751312
1495799563112666004,13345,0,,-29.3039627075,-23.5459194183,0.0217251423746,0.0404311791062,2.61435341835,0.581536889076,0.147615790367,-0.0338995046914,-0.00112405465916,3.31603956223
1495799563214307490,13346,0,,-29.0378932953,-23.4865226746,0.0147747145966,0.0347447916865,2.60278367996,0.388496637344,0.140543743968,-0.0695042833686,-0.0568638704717,3.28980708122
1495799563305842315,13347,0,,-28.7766532898,-23.42461586,0.000128042520373,0.0149249276146,2.58324074745,0.167289912701,0.00566623779014,-0.146466717124,-0.198198631406,3.37400388718
1495799563412721621,13348,0,,-28.7928543091,-23.4223022461,-0.0331410691142,0.000704632839188,2.56831908226,0.163311809301,0.0106402626261,-0.33269110322,-0.142202943563,3.51440405846
1495799563426457375,13349,0,,-28.8086891174,-23.4193058014,-0.0405300781131,-0.00208236626349,2.55244350433,0.161142230034,0.00312217627652,-0.0738901123405,-0.0278699919581,3.66868829727
1495799563462489187,13350,0,,-28.8286514282,-23.4149837494,-0.0332248620689,0.00314200925641,2.54391598701,0.204233750701,-0.000593997712713,0.0730521604419,0.0522437542677,3.78871154785
1495799563530104144,13351,0,,-28.4888706207,-23.3042011261,-0.012760550715,0.030174029991,2.52860665321,0.219511836767,-0.134073376656,0.204643130302,0.270320206881,3.75159811974
1495799563634269903,13352,0,,-28.5366306305,-23.2826194763,-0.0409239716828,0.040711607784,2.5187997818,0.515389323235,-0.0951170772314,-0.28163421154,0.105375766754,3.71068716049
1495799563737113985,13353,0,,-28.3043212891,-23.1272678375,-0.0490081831813,0.0413983054459,2.50891709328,0.272832244635,-0.0519802235067,-0.080842114985,0.00686697475612,3.69234991074
1495799563814179234,13354,0,,-28.3581962585,-23.1074466705,-0.0328745394945,0.0401581674814,2.50017642975,0.571879982948,-0.0497740246356,0.161336407065,-0.0124013433233,3.66962838173
1495799563913270395,13355,0,,-28.0540866852,-22.9680652618,-0.0229684971273,0.0391603596509,2.48624873161,0.986611604691,0.00149995589163,0.0990604311228,-0.00997810252011,3.63492226601
1495799564020114148,13356,0,,-27.817363739,-22.8538284302,-0.0342814587057,0.00995288137347,2.46343111992,1.0431445837,0.0458218604326,-0.113129608333,-0.292074769735,3.76847791672
1495799564115997575,13357,0,,-27.6294879913,-22.7383556366,-0.0258771292865,-0.00232882937416,2.44130587578,1.10111820698,0.0824134722352,0.0840432941914,-0.122817106545,3.90891742706
1495799564211756258,13358,0,,-27.7344932556,-22.7129173279,-0.0127515438944,-0.00324521493167,2.42518734932,1.078520298,0.0638960525393,0.131255850196,-0.00916385650635,4.03432798386
1495799564335481001,13359,0,,-27.5308170319,-22.5756053925,0.00528796948493,0.0269715618342,2.41036248207,1.02567970753,-0.0853353440762,0.180395126343,0.302167773247,3.97815275192
1495799564394604094,13360,0,,-27.6519012451,-22.5269355774,-0.0306061580777,0.0399118922651,2.40219163895,1.3037815094,-0.0563138872385,-0.358941286802,0.129403293133,3.92212104797
1495799564412653101,13361,0,,-27.7982559204,-22.4678230286,-0.0432214774191,0.0412112027407,2.40204620361,1.57751238346,-0.053428336978,-0.126153185964,0.012993125245,3.89396882057
1495799564457075513,13362,0,,-27.9699077606,-22.3992099762,-0.0348175093532,0.0395836234093,2.38887858391,1.84787428379,-0.0503947846591,0.0840396806598,-0.0162757970393,3.86533308029
1495799564517523215,13363,0,,-27.6782016754,-22.2309627533,-0.0338345505297,0.0280379820615,2.37142324448,1.80243337154,0.0294056329876,0.00982959382236,-0.115456417203,3.89077067375
1495799564611105712,13364,0,,-27.8518466949,-22.1651248932,-0.0235728509724,0.0140277147293,2.3604927063,1.85697305202,0.0201021134853,0.102616995573,-0.140102669597,3.96944761276
1495799564712063316,13365,0,,-27.5164699554,-22.0180225372,-0.026827743277,0.000574923236854,2.34245562553,0.957227170467,0.023170247674,-0.0325489267707,-0.134527921677,4.09556674957
1495799564849655463,13366,0,,-27.6043281555,-21.9852733612,-0.0296833626926,-0.00256003974937,2.3283059597,0.93745136261,0.0187015328556,-0.0285561885685,-0.0313496291637,4.22387599945
1495799564916485327,13367,0,,-27.2343578339,-21.8554592133,-0.0322533026338,-0.00181212462485,2.30962395668,0.653095424175,-0.118162505329,-0.0256994217634,0.00747915171087,4.34971570969
1495799565019941713,13368,0,,-26.9384803772,-21.7365016937,-0.0411224551499,0.0277957823128,2.29848814011,0.714840948582,-0.21401438117,-0.0886914953589,0.296079069376,4.3095703125
1495799565131649634,13369,0,,-26.7363071442,-21.5940322876,-0.0781556740403,0.0310138706118,2.28796553612,0.716442227364,-0.270598530769,-0.370332181454,0.0321808792651,4.33517599106
1495799565220375230,13370,0,,-26.5582962036,-21.4717254639,-0.106871515512,0.0171703565866,2.2818775177,0.637493252754,-0.316865295172,-0.287158429623,-0.138435140252,4.45255470276
1495799565328165476,13371,0,,-26.3943786621,-21.3398838043,-0.119254611433,0.00229740724899,2.27042603493,0.287293970585,-0.307352662086,-0.123830914497,-0.148729503155,4.63121986389
1495799565390461872,13372,0,,-26.4112205505,-21.3066616058,-0.111983083189,-0.00183770072181,2.25503754616,0.282221287489,-0.243077740073,0.0727152228355,-0.0413510799408,4.80571174622
1495799565424668178,13373,0,,-26.4294147491,-21.2784938812,-0.0931618288159,-0.00138792570215,2.24552154541,0.275429874659,-0.191274240613,0.188212603331,0.00449775019661,4.96285295486
1495799565456579153,13374,0,,-26.4486522675,-21.2547683716,-0.0780733600259,-0.000654944044072,2.23160219193,0.267509758472,-0.147411927581,0.150884687901,0.00732981646433,5.10204982758
1495799565533518121,13375,0,,-26.1867904663,-21.1389598846,-0.0691506266594,-0.000417040515458,2.21922206879,-0.0777590200305,-0.207882285118,0.0892273336649,0.00237903534435,5.23011827469
1495799565628547110,13376,0,,-26.1736774445,-21.1274700165,-0.0834091827273,-0.00035673729144,2.20749664307,-0.0781297460198,-0.155875310302,-0.142585620284,0.000603032181971,5.35757493973
1495799565726024725,13377,0,,-25.8702526093,-21.0110988617,-0.0812349542975,-0.000105428800453,2.19735121727,0.278564184904,-0.0815157294273,0.0217423420399,0.00251308479346,5.48986721039
1495799565847794474,13378,0,,-25.65143013,-20.9085426331,-0.0605870857835,-0.000187034456758,2.18966698647,0.510868668556,-0.0296450722963,0.206478655338,-0.000816056563053,5.60839557648
1495799565929014855,13379,0,,-25.4899635315,-20.8000793457,-0.0423079133034,-0.000522702524904,2.18585133553,0.283011853695,0.0901618748903,0.182791739702,-0.0033566809725,5.70771694183
1495799566031061912,13380,0,,-25.517993927,-20.7961921692,-0.0162823479623,-0.000497156113852,2.17860817909,0.274950146675,0.0669807195663,0.260255634785,0.00025546408142,5.79020309448
1495799566135243526,13381,0,,-25.3047523499,-20.694311142,-0.016793191433,-0.000642929691821,2.17206048965,0.459336608648,-0.0259862542152,-0.0051084398292,-0.00145773554686,5.86045789719
1495799566242087423,13382,0,,-25.3458385468,-20.6765575409,-0.045021571219,-0.000760155497119,2.16515254974,0.447340130806,-0.014603397809,-0.282283782959,-0.00117225816939,5.9428191185
1495799566336728926,13383,0,,-25.1604137421,-20.5503864288,-0.0539689958096,-0.000466969358968,2.15912008286,0.497975558043,0.0963671207428,-0.089474260807,0.00293186143972,6.04035186768
1495799566402189829,13384,0,,-25.2079486847,-20.5387954712,-0.0255541987717,-0.000271824392257,2.15418386459,0.485100001097,0.0637763813138,0.284147977829,0.00195144989993,6.12579393387
1495799566442233053,13385,0,,-25.2539386749,-20.5267620087,-0.0185219328851,-0.000623863423243,2.14703321457,0.472371846437,0.0533291064203,0.0703226625919,-0.00352039071731,6.19063997269
1495799566457676983,13386,0,,-25.2984275818,-20.5142307281,-0.0268987677991,-0.000736904970836,2.14437794685,0.460153907537,0.0434787273407,-0.0837683528662,-0.00113041512668,6.25787067413
1495799566529649686,13387,0,,-25.0379867554,-20.3561325073,-0.034752689302,-0.000609340320807,2.13954758644,0.496612340212,0.144212976098,-0.07853923738,0.00127564650029,6.33139753342
1495799566634565195,13388,0,,-25.0868701935,-20.3485984802,-0.0141860852018,-0.000396147108404,2.13827514648,0.483820915222,0.102736920118,0.205666065216,0.00213193218224,6.39887189865
1495799566728829904,13389,0,,-24.8641014099,-20.1906852722,-0.0124979075044,-0.000633691437542,2.14167404175,0.616470456123,0.00225894711912,0.0168817713857,-0.00237544346601,6.45214366913
1495799566825302016,13390,0,,-24.9208297729,-20.1708126068,-0.0396248549223,-0.000857678533066,2.13858127594,0.601050376892,0.00684427889064,-0.271269470453,-0.00223987107165,6.51558637619
1495799566932786911,13391,0,,-24.6790561676,-19.9940128326,-0.0501949302852,-0.000602581363637,2.13515496254,0.774921298027,-0.000124729442177,-0.10570076108,0.00255097169429,6.59504079819
1495799567042310406,13392,0,,-24.7501583099,-19.9683208466,-0.0477202758193,-0.000579558254685,2.13132882118,0.75598013401,-0.00569432601333,0.0247465614229,0.000230231307796,6.67233848572
1495799567131047319,13393,0,,-24.5465888977,-19.7878875732,-0.0447776950896,-0.000692404748406,2.13047981262,0.278525084257,-0.0621293522418,0.0294258166105,-0.00112846505363,6.74363088608
1495799567238172185,13394,0,,-24.5706653595,-19.7746906281,-0.0564664080739,-0.000609683280345,2.13160872459,0.270512282848,-0.0469526797533,-0.116887144744,0.000827214447781,6.81585264206
1495799567337029313,13395,0,,-24.3023529053,-19.6115036011,-0.0590901039541,-0.000393257359974,2.13172650337,0.0800427347422,-0.130967453122,-0.026236962527,0.00216425932012,6.89352416992
1495799567394977044,13396,0,,-24.3065013885,-19.5995483398,-0.074514977634,-0.000359186233254,2.13087916374,0.0762368813157,-0.101011276245,-0.154248744249,0.00034071112168,6.97354269028
1495799567431617806,13397,0,,-24.3108692169,-19.5892410278,-0.0737207233906,-0.000189131518709,2.12965130806,0.0726080611348,-0.0852124392986,0.00794255360961,0.00170054717455,7.05870628357
1495799567452508033,13398,0,,-24.3153820038,-19.5804519653,-0.0654921904206,-0.000194095206098,2.12991166115,0.0689659491181,-0.0707468390465,0.0822853296995,-4.9636917538e-05,7.13591623306
1495799567543387676,13399,0,,-24.0384101868,-19.4113922119,-0.0595734938979,-0.000290412281174,2.12656021118,0.228155300021,0.0489430166781,0.0591869801283,-0.000963170838077,7.20513629913
1495799567630625932,13400,0,,-24.08618927,-19.3986873627,-0.0163099952042,0.0245761573315,2.12548971176,0.493917912245,0.0216419436038,0.432634979486,0.248665705323,7.11365175247
1495799567728731568,13401,0,,-23.9108905792,-19.2248668671,-0.00960173737258,0.0387132018805,2.12239933014,0.738251447678,0.106856800616,0.0670825839043,0.141370430589,6.97351980209
1495799567838881889,13402,0,,-23.798286438,-19.082151413,-0.00199373625219,0.0411182381213,2.11896681786,0.926672577858,0.15576672554,0.0760800093412,0.0240503884852,6.83848619461
1495799567934104402,13403,0,,-23.6808338165,-18.9407215118,0.0110926730558,0.0398895479739,2.11261868477,1.05129373074,0.192817211151,0.130864098668,-0.0122869098559,6.70103216171
1495799568046980277,13404,0,,-23.8102626801,-18.9053878784,0.022810716182,0.0388717986643,2.10407042503,1.33403611183,0.142782792449,0.11718043685,-0.0101774884388,6.55840921402
1495799568131826681,13405,0,,-23.719329834,-18.7538528442,0.0132516827434,0.0383782498538,2.09485244751,1.17598223686,-0.0029063175898,-0.0955903381109,-0.00493551790714,6.41886711121
1495799568243505966,13406,0,,-23.8524074554,-18.6947536469,-0.0247334782034,0.0383941531181,2.08338022232,1.45609998703,-0.00206827698275,-0.379851609468,0.000159035465913,6.30220985413
1495799568342728782,13407,0,,-23.7079677582,-18.5363349915,-0.0365279987454,0.0387117303908,2.0705344677,1.37682437897,-0.115009024739,-0.117945186794,0.00317579857074,6.21018123627
1495799568398141416,13408,0,,-23.8519458771,-18.4547157288,-0.0530706942081,0.0386748984456,2.06140947342,1.65231537819,-0.0946210473776,-0.165426969528,-0.000368320790585,6.1254401207
1495799568440094093,13409,0,,-24.0189685822,-18.3592586517,-0.0514012798667,0.0386233367026,2.0611872673,1.92191243172,-0.0844575539231,0.0166941601783,-0.000515639898367,6.04884290695
1495799568452248365,13410,0,,-24.2090492249,-18.2511310577,-0.0431882739067,0.0383875332773,2.04678368568,2.18559288979,-0.0734239667654,0.0821300446987,-0.00235801446252,5.96786594391
1495799568546370388,13411,0,,-24.0230026245,-18.0965709686,-0.0378287732601,0.0381055101752,2.02300167084,1.81882941723,-0.15692409873,0.0535950101912,-0.00282025220804,5.88333940506
1495799568645589498,13412,0,,-24.1957836151,-17.9792556763,-0.0556511580944,0.0380796194077,2.01133394241,2.08488368988,-0.121975027025,-0.178223848343,-0.000258907384705,5.80551433563
1495799568744829844,13413,0,,-23.9519557953,-17.8488502502,-0.0568969137967,0.0382539071143,1.99633407593,1.47133791447,-0.0795835182071,-0.0124575374648,0.00174290069845,5.74011659622
1495799568845581904,13414,0,,-24.0941638947,-17.7474822998,-0.042649704963,0.0385863557458,1.98057162762,1.74492383003,-0.0715071558952,0.142472088337,0.00332446186803,5.6693611145
1495799568948439810,13415,0,,-23.8447532654,-17.6611022949,-0.0347236022353,0.0384255535901,1.96168017387,1.26162362099,-0.0420162342489,0.0792610347271,-0.00160802190658,5.59027957916
1495799569046425039,13416,0,,-23.9670600891,-17.5674800873,-0.0294343661517,0.0385556817055,1.93824887276,1.53981244564,-0.0376090630889,0.0528923682868,0.00130129535682,5.50998258591
1495799569137215915,13417,0,,-23.6695575714,-17.5239257812,-0.0287193693221,0.0384999513626,1.91135001183,1.65604329109,-0.0636076927185,0.00714995432645,-0.000557294115424,5.43011331558
1495799569244636836,13418,0,,-23.4414463043,-17.4696083069,-0.0353520251811,0.0383933633566,1.88425123692,1.76191818714,-0.0775777250528,-0.0663265436888,-0.00106589915231,5.35502910614
1495799569344742442,13419,0,,-23.2628326416,-17.4131793976,-0.0409694351256,0.0383675992489,1.85635256767,1.4814927578,0.0415548235178,-0.0561741217971,-0.000257625419181,5.28724956512
1495799569418141723,13420,0,,-23.1022911072,-17.3773918152,-0.0157043449581,0.0386698804796,1.82943940163,1.27851629257,0.117022037506,0.252650916576,0.00302282348275,5.21474313736
1495799569443381593,13421,0,,-23.2168006897,-17.2716732025,0.0122925136238,0.0386843457818,1.80232548714,1.55616557598,0.0849727168679,0.279968589544,0.000144648496644,5.12102842331
1495799569483349243,13422,0,,-23.3442802429,-17.1405143738,0.00906686112285,0.0383112877607,1.77643167973,1.82774424553,0.0687068924308,-0.0322565250099,-0.00373060628772,5.02076768875
1495799569539941356,13423,0,,-23.1057739258,-17.1352844238,-0.00409594271332,0.0381906367838,1.74868941307,1.84066283703,0.126307845116,-0.131628036499,-0.00120648567099,4.93388128281
1495799569648326506,13424,0,,-23.2423400879,-16.974691391,0.00406639929861,0.0383853688836,1.71983671188,2.10625910759,0.0875683799386,0.0816234201193,0.00194730551448,4.85275888443
1495799569748087240,13425,0,,-23.0184288025,-16.9717330933,0.00339993671514,0.0381612144411,1.69095802307,1.70979571342,0.189927086234,-0.00666462350637,-0.00224153511226,4.76746082306
1495799569846277379,13426,0,,-23.1396331787,-16.8147792816,0.0226009711623,0.0383914411068,1.66186034679,1.97828054428,0.137569233775,0.192010343075,0.00230225012638,4.67993021011
1495799569948709889,13427,0,,-22.8621883392,-16.8559303284,0.0195425245911,0.0381290949881,1.63216793537,1.65424180031,-0.0420525148511,-0.030584461987,-0.00262345210649,4.58562469482
1495799570047507510,13428,0,,-22.9542312622,-16.6869716644,-0.0253698676825,0.0380572453141,1.60248661041,1.92385816574,-0.0267257019877,-0.44912391901,-0.000718488765415,4.5133395195
1495799570141505079,13429,0,,-22.6248531342,-16.7570552826,-0.0389754958451,0.0384324342012,1.60203611851,1.3131519556,0.0363378040493,-0.136056274176,0.00375189818442,4.4698266983
1495799570249425298,13430,0,,-22.6986408234,-16.6161880493,-0.016916308552,0.0388694182038,1.54204678535,1.59015130997,0.0148318503052,0.220591872931,0.004369831644,4.41951370239
1495799570347754000,13431,0,,-22.3808898926,-16.7454166412,-0.00830705743283,0.0385342016816,1.51117813587,1.02511739731,0.0283080637455,0.0860925093293,-0.00335216522217,4.35401344299
1495799570387217400,13432,0,,-22.4299964905,-16.6241149902,-0.00856172479689,0.0386262312531,1.48010194302,1.30849301815,0.0200131963938,-0.00254667317495,0.000920290418435,4.28978538513
1495799570453548246,13433,0,,-22.4828987122,-16.4746417999,-0.0130309918895,0.0386273376644,1.44925701618,1.58554887772,0.0124298911542,-0.0446926653385,1.10517803478e-05,4.23020505905
1495799570468256894,13434,0,,-22.5375537872,-16.2972106934,-0.0161854829639,0.0385243073106,1.41806530952,1.85657227039,0.00521419709548,-0.0315449088812,-0.00103027943987,4.17543792725
1495799570558074466,13435,0,,-22.124912262,-16.5009155273,-0.017414316535,0.0383564382792,1.38606953621,1.07817089558,0.0351728983223,-0.0122883403674,-0.00167869846337,4.1233496666
1495799570647230628,13436,0,,-22.1569843292,-16.3686904907,-0.0103478534147,0.0386934950948,1.35247671604,1.36041486263,0.0212738607079,0.0706646293402,0.00337056396529,4.07045984268
1495799570750127302,13437,0,,-21.7897872925,-16.62733078,-0.0100560141727,0.0386356636882,1.31969726086,1.64427995682,0.0401331968606,0.00291839661077,-0.000578303122893,4.01491355896
1495799570845579040,13438,0,,-21.8201084137,-16.438325882,-0.00796267203987,0.0384848602116,1.28932857513,1.91402864456,0.0268814153969,0.0209334231913,-0.00150804198347,3.9612121582
1495799570947444433,13439,0,,-21.4492874146,-16.6533813477,-0.00986263062805,0.0382676683366,1.25828659534,1.27944600582,0.103714033961,-0.0189995877445,-0.00217192014679,3.90850567818
1495799571052912528,13440,0,,-21.1473922729,-16.8648052216,0.00521543016657,0.0386149659753,1.2255872488,0.887401998043,0.146869987249,0.15078060329,0.00347298639826,3.85363721848
1495799571147855882,13441,0,,-20.8971366882,-17.1014251709,0.0210499614477,0.0388586819172,1.19190621376,0.968700110912,0.249058097601,0.15834531188,0.00243712845258,3.7869040966
1495799571253177102,13442,0,,-20.9149150848,-16.9759654999,0.0444735363126,0.0389036051929,1.1585495472,1.25311732292,0.187834456563,0.234235733747,0.000449259910965,3.70870399475
1495799571350191811,13443,0,,-20.6349506378,-17.2116107941,0.036136392504,0.0385137274861,1.12630832195,1.17925655842,0.292990118265,-0.0833714157343,-0.00389877217822,3.62594604492
1495799571387686732,13444,0,,-20.6436920166,-17.0643062592,0.048063904047,0.0387148708105,1.09494400024,1.45932650566,0.218734547496,0.119275085628,0.00201142719015,3.54979324341
1495799571460761527,13445,0,,-20.6384410858,-16.8902397156,0.0398131199181,0.038471840322,1.06379663944,1.7329955101,0.171490743756,-0.0825078263879,-0.00243032258004,3.47066950798
1495799571479746690,13446,0,,-20.6182956696,-16.6907329559,0.0230533909053,0.0383083373308,1.03182852268,2.0008649826,0.131888106465,-0.167597293854,-0.00163500651252,3.40537619591
1495799571547806047,13447,0,,-20.3046607971,-16.9879703522,0.0107149286196,0.0382430404425,1.00214886665,1.99620842934,-0.0115015264601,-0.123384609818,-0.000652982969768,3.35296845436
1495799571645420204,13448,0,,-20.2508678436,-16.7686386108,-0.0191996712238,0.0381177999079,0.972217142582,2.25830936432,-0.00761217810214,-0.299145996571,-0.00125242152717,3.31513094902
1495799571747435202,13449,0,,-19.9126529694,-17.0661067963,-0.026368893683,0.038215637207,0.941004514694,2.08514714241,-0.15123257041,-0.0716922208667,0.000978397787549,3.29384040833
1495799571849647919,13450,0,,-19.8318519592,-16.8456325531,-0.0502474829555,0.0381051450968,0.909037470818,2.34526872635,-0.116036266088,-0.238785907626,-0.00110494205728,3.27943587303
1495799571944064395,13451,0,,-19.4798297882,-17.160692215,-0.050036534667,0.0381837822497,0.878777742386,1.99630463123,0.0661915019155,0.0021094949916,0.000786380958743,3.27636885643
1495799572054247332,13452,0,,-19.4023323059,-16.9485244751,-0.00386668369174,0.038480296731,0.85110783577,2.25848484039,0.0370323359966,0.461698502302,0.00296514993533,3.25413894653
1495799572146582815,13453,0,,-19.1113262177,-17.2802619934,0.00835258886218,0.0379405207932,0.825561404228,1.52854907513,-0.0539813861251,0.122192725539,-0.00539777986705,3.20481228828
1495799572249994365,13454,0,,-19.0333709717,-17.1178665161,-0.0201566852629,0.0380100347102,0.799291014671,1.80102443695,-0.0343901775777,-0.285092741251,0.000695175549481,3.16784572601
1495799572350350345,13455,0,,-18.7426624298,-17.4928131104,-0.0312588587403,0.0383969396353,0.773200571537,1.807721138,0.103587135673,-0.111021757126,0.0038690182846,3.15206122398
1495799572358470865,13456,0,,-18.6518554688,-17.3062400818,0.00242451671511,0.0386798009276,0.747962296009,2.0739095211,0.066372603178,0.336833775043,0.00282861990854,3.12646341324
1495799572406948539,13457,0,,-18.5417175293,-17.1003761292,0.0115448832512,0.0381494238973,0.747565805912,2.3340959549,0.0551795363426,0.0912036672235,-0.00530375586823,3.07937312126
1495799572447133468,13458,0,,-18.4170818329,-16.8734149933,0.00254355510697,0.0378259606659,0.696896612644,2.58892345428,0.0447473153472,-0.0900132805109,-0.00323462323286,3.03762793541
1495799572550835133,13459,0,,-18.1491317749,-17.3335189819,-0.00602605519816,0.0377856791019,0.671587347984,1.58507657051,-0.0374543443322,-0.0856961011887,-0.00040283537237,3.00591540337
1495799572656217386,13460,0,,-18.0417709351,-17.1820583344,-0.0239258315414,0.0382323674858,0.649224996567,1.85628533363,-0.0293131116778,-0.178997769952,0.00446688430384,2.98374223709
1495799572752622385,13461,0,,-17.8527526855,-17.6815719604,-0.0267489347607,0.0384641475976,0.62713009119,1.70725023746,-0.182956397533,-0.0282310340554,0.00231779040769,2.97066903114
1495799572858329892,13462,0,,-17.7226333618,-17.5322818756,-0.0547556951642,0.0383173488081,0.62683069706,1.97554433346,-0.138081341982,-0.280067592859,-0.00146798137575,2.96547317505
1495799572958067154,13463,0,,-17.5111465454,-18.0175857544,-0.0555083118379,0.0384352393448,0.586732566357,2.06427431107,-0.181441560388,-0.00752617558464,0.00117889721878,2.97456908226
1495799573051212450,13464,0,,-17.3527812958,-17.8467826843,-0.0562902837992,0.0382734574378,0.566636025906,2.32482862473,-0.143146723509,-0.00781971681863,-0.00161781616043,2.97925066948
1495799573154279257,13465,0,,-17.1133804321,-18.2985343933,-0.0482294075191,0.0381137318909,0.549969136715,2.28579282761,-0.199978232384,0.0806087777019,-0.00159725977574,2.98148608208
1495799573262720283,13466,0,,-16.9337940216,-18.1180324554,-0.0567832700908,0.0379290916026,0.533206582069,2.54160261154,-0.153326690197,-0.0855386480689,-0.0018463752931,2.98220324516
1495799573358093724,13467,0,,-16.6823425293,-18.5591411591,-0.0528498962522,0.037946742028,0.517946720123,2.47870874405,-0.191782072186,0.0393337644637,0.000176494431798,2.98738217354
1495799573382237088,13468,0,,-16.4845943451,-18.3702945709,-0.0567790009081,0.0378778912127,0.51774841547,2.73030233383,-0.149191230536,-0.0392910502851,-0.000688527652528,2.99021315575
1495799573419578217,13469,0,,-16.2721042633,-18.1615200043,-0.0505689010024,0.0378426909447,0.503513276577,2.97645711899,-0.120718926191,0.0621009990573,-0.000351999100531,2.99363207817
1495799573460568487,13470,0,,-16.0415687561,-17.9369049072,-0.040846966207,0.0376687608659,0.473963439465,3.21720433235,-0.0969147011638,0.0972193330526,-0.00173927086871,2.98992657661
1495799573563754022,13471,0,,-15.8718690872,-18.4748592377,-0.0338295102119,0.0374433770776,0.459307014942,2.19224667549,0.0579292848706,0.070174574852,-0.00225384044461,2.98012256622
1495799573664657709,13472,0,,-15.6959114075,-18.3042907715,-0.00114619429223,0.0380073338747,0.449242472649,2.4503326416,0.0361025072634,0.326833158731,0.00563955958933,2.95805668831
1495799573756732683,13473,0,,-15.5660076141,-18.8448944092,0.00498436857015,0.0378242619336,0.438915729523,1.56134843826,-0.00730357924476,0.0613056272268,-0.00183072534855,2.91886091232
1495799573856389282,13474,0,,-15.4289855957,-18.7231311798,-0.0117146894336,0.0381295122206,0.430640637875,1.83307385445,-0.00234633474611,-0.166990578175,0.00305252010003,2.88870215416
1495799573956889913,13475,0,,-15.3685264587,-19.2566814423,-0.0193059518933,0.0383848287165,0.424218893051,2.00974035263,0.00915915425867,-0.0759126320481,0.00255313096568,2.87130737305
1495799574051572691,13476,0,,-15.196313858,-19.1085624695,-0.0146516440436,0.038372002542,0.417725265026,2.27148461342,0.00163695693482,0.0465430803597,-0.000128259853227,2.85386347771
1495799574154313901,13477,0,,-15.0836286545,-19.5830879211,-0.0119301900268,0.0381052605808,0.412820577621,2.19865989685,0.114548936486,0.0272145438939,-0.00266741798259,2.83232140541
1495799574254885067,13478,0,,-14.8998603821,-19.419878006,0.0117443688214,0.0381546579301,0.408270537853,2.45646619797,0.0813154578209,0.236745595932,0.000493969069794,2.80307126045
1495799574359225571,13479,0,,-14.7638015747,-19.8668251038,0.0133411474526,0.0378168262541,0.405597895384,1.66374707222,-0.00312438048422,0.0159677844495,-0.00337828462943,2.76233577728
1495799574380536868,13480,0,,-14.6134691238,-19.7452716827,-0.011075717397,0.0380426160991,0.404042422771,1.93326687813,0.00184170680586,-0.244168654084,0.00225789169781,2.73394823074
1495799574422251953,13481,0,,-14.4418392181,-19.6081504822,-0.0203392617404,0.0383479036391,0.4031637609,2.19677829742,-0.00473200483248,-0.0926354452968,0.00305286422372,2.72200489044
1495799574457606310,13482,0,,-14.2495422363,-19.4556255341,-0.0178074389696,0.0382838025689,0.402794420719,2.45442271233,-0.00884796958417,0.0253182277083,-0.000640990561806,2.71008062363
1495799574554516538,13483,0,,-14.1551952362,-19.9878826141,-0.0146848605946,0.0380069464445,0.403385341167,1.99632644653,0.152183949947,0.0312257837504,-0.00276858406141,2.69460296631
1495799574656668143,13484,0,,-13.9848833084,-19.8391437531,0.0200123079121,0.0382794290781,0.405333578587,2.25860452652,0.10802859813,0.346971690655,0.00272482237779,2.66711592674
1495799574776493439,13485,0,,-13.9427061081,-20.334854126,0.0235200449824,0.0379071719944,0.408280462027,1.89577937126,0.23798237741,0.0350773595273,-0.00372254243121,2.62184929848
1495799574853733006,13486,0,,-13.7838745117,-20.1873416901,0.0418474152684,0.038175471127,0.412476807833,2.16027259827,0.17880398035,0.183273687959,0.00268296548165,2.57602000237
1495799574958170520,13487,0,,-13.7214403152,-20.6560935974,0.0355388782918,0.0379776917398,0.418303966522,1.96385097504,0.281258523464,-0.0630853548646,-0.00197780388407,2.52453160286
1495799575056959478,13488,0,,-13.5593805313,-20.5019226074,0.0492102093995,0.0382307842374,0.423603504896,2.22680664062,0.211107984185,0.136713311076,0.00253096083179,2.47635555267
1495799575174217544,13489,0,,-13.5230960846,-20.9387168884,0.0418282970786,0.0379846841097,0.429446071386,1.52779150009,0.0558297559619,-0.0738191008568,-0.00246102991514,2.42366600037
1495799575258602228,13490,0,,-13.3849029541,-20.8232383728,0.001984331524,0.0381352640688,0.437434703112,1.80022025108,0.0494954399765,-0.39843967557,0.00150579842739,2.39155912399
1495799575370705383,13491,0,,-13.3402853012,-21.2802772522,-0.0129893021658,0.0384981930256,0.446476995945,1.38720905781,-0.123770669103,-0.149736329913,0.00362929119729,2.38425445557
1495799575392587566,13492,0,,-13.2056150436,-21.1823444366,-0.0432054698467,0.0385667420924,0.457023411989,1.66249203682,-0.0940386205912,-0.302161693573,0.000685508188326,2.38783836365
1495799575446678312,13493,0,,-13.0522670746,-21.0645561218,-0.0442978590727,0.0386945270002,0.467985630035,1.931889534,-0.0821538418531,-0.0109238922596,0.00127783732023,2.40463042259
1495799575473435417,13494,0,,-12.8812084198,-20.9267902374,-0.0328260920942,0.0384764634073,0.478301435709,2.19530487061,-0.0685926377773,0.114717662334,-0.00218064850196,2.41262340546
1495799575576513257,13495,0,,-12.8418321609,-21.433921814,-0.0249874871224,0.0381254069507,0.490006297827,1.28085577488,-0.0253215618432,0.0783860683441,-0.00351056200452,2.41183137894
1495799575669074401,13496,0,,-12.7243032455,-21.3315086365,-0.0161653123796,0.0384594909847,0.501476466656,1.55874288082,-0.0215841494501,0.0882217362523,0.00334086315706,2.40621519089
1495799575763536621,13497,0,,-12.6918125153,-21.8333797455,-0.0144360465929,0.0384806878865,0.513215720654,0.990047991276,-0.111519493163,0.017292663455,0.000211949445657,2.39687657356
1495799575867549081,13498,0,,-12.5931844711,-21.7523002625,-0.035455159843,0.0386249125004,0.527300298214,1.27409672737,-0.0825453996658,-0.210191115737,0.00144224974792,2.39531445503
1495799575970226384,13499,0,,-12.5936012268,-22.2251873016,-0.0383196733892,0.038824018091,0.541522622108,1.5760140419,-0.122154153883,-0.0286451410502,0.0019910747651,2.40575265884
1495799576067200934,13500,0,,-12.4558706284,-22.1017246246,-0.0413403622806,0.03861836344,0.558020472527,1.8471558094,-0.0964579507709,-0.0302069075406,-0.00205655884929,2.41475057602
1495799576168039319,13501,0,,-12.3889894485,-22.5139255524,-0.0361720845103,0.0384201072156,0.575010597706,1.91050100327,0.0357690118253,0.051682792604,-0.00198255875148,2.42293834686
1495799576267848168,13502,0,,-12.2415513992,-22.3540744781,-0.00515569979325,0.0384200699627,0.590183258057,2.17454266548,0.0195579491556,0.31016382575,-3.57535355988e-07,2.41764974594
1495799576359563185,13503,0,,-12.1419687271,-22.7222957611,0.00217236205935,0.0380004309118,0.607860505581,2.20196890831,-0.0588041692972,0.0732806250453,-0.0041964109987,2.3950586319
1495799576387221449,13504,0,,-11.9759407043,-22.5407733917,-0.0210577417165,0.0378022640944,0.608077585697,2.4596760273,-0.0396858751774,-0.232301041484,-0.00198168260977,2.38224029541
1495799576423339100,13505,0,,-11.7935333252,-22.3400726318,-0.0285965241492,0.0379767790437,0.641809940338,2.71181988716,-0.036609519273,-0.0753878206015,0.00174516811967,2.38534402847
1495799576490872895,13506,0,,-11.6025876999,-22.1140937805,-0.0237720198929,0.037925992161,0.659309506416,2.95829987526,-0.033265568316,0.0482450425625,-0.000507855962496,2.38662695885
1495799576579023146,13507,0,,-11.5724658966,-22.5450172424,-0.0187506489456,0.0376733504236,0.659535765648,2.71521139145,-0.100787617266,0.050213702023,-0.00252642249689,2.38249802589
1495799576692892094,13508,0,,-11.3819417953,-22.3181343079,-0.0324742347002,0.0375767685473,0.696733295918,2.96173095703,-0.0751745328307,-0.137235850096,-0.000965820101555,2.38125658035
1495799576777263857,13509,0,,-11.3284778595,-22.7225093842,-0.0341416448355,0.0376662239432,0.716140985489,2.55307579041,0.0901036411524,-0.0166741274297,0.00089455046691,2.38845729828
1495799576872885723,13510,0,,-11.1711387634,-22.490442276,0.00447556562722,0.0380480661988,0.73544806242,2.80316305161,0.0580772943795,0.386172115803,0.00381841463968,2.38138866425
1495799576980745246,13511,0,,-11.1133766174,-22.8758831024,0.0135929966345,0.0376173518598,0.755912184715,1.84319877625,0.0298490263522,0.0911743044853,-0.00430715549737,2.3513777256
1495799577088503922,13512,0,,-10.9997339249,-22.6982154846,-0.000542999885511,0.0378940142691,0.756153285503,2.10885620117,0.0272988434881,-0.141359969974,0.00276663270779,2.32884287834
1495799577167116085,13513,0,,-10.9974689484,-23.1194648743,-0.00968459714204,0.0381575524807,0.796808063984,1.49020242691,0.134544208646,-0.0914159715176,0.00263538747095,2.3185544014
1495799577281975312,13514,0,,-10.9143333435,-22.9636650085,0.0138511704281,0.0386650599539,0.819549024105,1.76340305805,0.0944441407919,0.235357686877,0.00507507706061,2.30314540863
1495799577363622288,13515,0,,-10.8989133835,-23.3917713165,0.0175823792815,0.038364995271,0.838200330734,1.75826132298,-0.0597490593791,0.0373120903969,-0.00300065684132,2.27321434021
1495799577379768474,13516,0,,-10.797337532,-23.2164840698,-0.0207377616316,0.0380642749369,0.859744429588,2.02555751801,-0.0374402925372,-0.383201420307,-0.00300718075596,2.25876903534
1495799577425718944,13517,0,,-10.6875495911,-23.0158004761,-0.0324659980834,0.0383196398616,0.881472408772,2.28720235825,-0.0375543944538,-0.117282368243,0.00255361921154,2.26880693436
1495799577491817081,13518,0,,-10.5710783005,-22.78972435,-0.0253152344376,0.0382754206657,0.902868032455,2.54289984703,-0.0355081483722,0.0715076476336,-0.000442192802439,2.27563238144
1495799577585640744,13519,0,,-10.5349473953,-23.2726840973,-0.0183297693729,0.0379592515528,0.924087941647,1.5452914238,-0.0680820643902,0.0698546394706,-0.00316166179255,2.27436280251
1495799577683444942,13520,0,,-10.4562759399,-23.1087760925,-0.0245360117406,0.0382165797055,0.946013212204,1.81739163399,-0.0510462485254,-0.0620624125004,0.00257327128202,2.27289891243
