%time,field.roll,field.pitch,field.yaw,field.rolld,field.pitchd,field.yawd,field.rolldd,field.pitchdd,field.yawdd
1495799555140103223,-0.0260909990535,0.00705078682906,-0.59701821076,0.193408209383,0.0070041438715,0.0246491818774,-0.32348047862,-0.0451439035825,-0.00585411109689
1495799555140175718,-0.0523128709203,0.00354535202217,-0.55759799317,0.18171898637,0.00345351511798,0.0143071951511,-0.303929935925,-0.0222589878745,-0.00339791845083
1495799555140203864,-0.0525381354862,0.00342753095126,-0.557767562955,0.177967723362,0.00204718518422,0.0103959028152,-0.297655846749,-0.0131947504602,-0.00246899756491
1495799555140282994,-0.0711121972439,0.00437939472641,-0.491553908736,0.0711207615536,0.0183151276485,-0.000102781711445,-0.118951403669,-0.118046740877,2.44103662557e-05
1495799555163838573,-0.0731837231977,0.00492198769985,-0.491707212887,0.0366199457154,0.0247920089909,-0.00410337230239,-0.061247852947,-0.159792272123,0.000974539335608
1495799555211596671,-0.0679492906195,0.00493394297755,-0.395972747432,-0.0930793173621,0.0229806060143,-0.00441668992126,0.155677684137,-0.148117211926,0.00104895138541
1495799555265020576,-0.0704654381022,0.00487350469805,-0.39590991079,-0.134985747637,0.0222591567634,-0.00464358265772,0.225767325966,-0.143467245275,0.00110283776967
1495799555311869825,-0.0406585541953,0.0127101859035,-0.346202895441,-0.187840255042,0.0385710936965,0.00176113008567,0.314167923889,-0.248602793839,-0.00041826342265
1495799555362750599,-0.0416854841825,0.0132529839097,-0.346044590564,-0.204944308318,0.045050236504,0.0040983795665,0.342774917138,-0.290362900936,-0.000973353574931
1495799555410875012,-0.01119180696,0.0194064695463,-0.453912237485,-0.139510094939,0.0300855154918,0.0139609013655,0.233334419605,-0.193910581437,0.896431789121
1495799555461893727,-0.00992426020226,0.0189060543092,-0.597730201575,-0.118399749471,0.0241119158641,0.0625936666812,0.198026793948,-0.15540885866,0.884881644677
1495799555512379893,-0.00137854947239,0.0287158831755,-0.638412382977,-0.0204521162584,0.0276084862681,0.0991166820929,0.0342067194415,-0.177945351354,0.876207531642
1495799555561444860,0.00052091630034,0.0288307442822,-0.637742699,0.011183239173,0.028979312926,0.112816546716,-0.018704270991,-0.186780759022,0.872953852477
1495799555611140146,-0.00924018881412,0.0773242840453,-0.707509529277,0.0110371230349,0.0257307985364,0.144659130511,-0.0184598877851,-0.165843065125,0.865391328736
1495799555664698073,-0.00924247288128,0.0772070051685,-0.706950325559,0.0109992713595,0.0243295359347,0.156642680107,-0.0183965798308,-0.156811488255,0.862545269543
1495799555713171697,-0.00418383819889,0.0512518194837,-0.832187246485,-0.0180011581003,0.0288351260269,0.193676698991,0.0301074254116,-0.185851429244,0.853749794627
1495799555766091418,-0.00474666163549,0.0514069057658,-0.831568577913,-0.0273750565064,0.0306870849657,0.207664537887,0.0457855248708,-0.197787885334,0.850427722385
1495799555814327365,0.00730740458715,0.0206686449106,-0.710703247557,-0.0500650367724,0.00745888566062,0.253234734723,0.083735132593,-0.0480748570095,0.839604929308
1495799555862742254,0.00686659429006,0.01989929165,-0.709744277575,-0.0574069472691,-0.00172401795564,0.270131436391,0.0960146771326,0.0111118363346,0.835592010371
1495799555913203487,0.0105140623824,0.0707492220061,-0.595704316432,-0.0535620169822,0.00302465913099,0.304451664761,0.0895839268897,-0.0194948765594,0.827441053039
1495799555961759311,0.0105884391351,0.0708983311505,-0.594965542432,-0.0523233461085,0.00480319427343,0.317150671775,0.0875122162402,-0.0309580932582,0.82442507473
1495799556013092519,0.0242426645945,0.0681746076665,-0.717299578944,0.00918231364412,-0.00400507142673,0.343734325533,-0.0153576687459,0.0258139412391,0.818111532024
1495799556062557050,0.0254349561402,0.0678812261448,-0.716878809932,0.0290396134595,-0.00750707940459,0.353812227392,-0.0485695415452,0.0483854808017,0.815718058788
1495799556112648334,0.0208977971648,0.000183593413646,-0.713068169552,0.00800912086326,0.00436075068793,0.42458913268,-0.0133954719835,-0.02810640561,0.798908743626
1495799556162497549,0.0204901121665,0.000591971626404,-0.711710985087,0.00121923267181,0.00923737132946,0.45104294634,-0.00203919972933,-0.0595377548353,0.792626037577
1495799556213216847,0.0198661623205,-0.00635379931235,-0.462132599027,-0.0656910616549,0.00335975325998,0.505708184572,0.109870083245,-0.0216546632982,0.779643197848
1495799556263015292,0.0185682994029,-0.00654862759265,-0.460907034942,-0.0873069009423,0.00103428479847,0.525857261711,0.146023161032,-0.00666628985293,0.3197421252
1495799556313065583,0.0277653512367,0.00510635499509,-0.371369381257,-0.10308125058,0.0296402529332,0.541825312586,0.172406188861,-0.191040724623,0.117575597257
1495799556361053318,0.027458848519,0.00605863367864,-0.370999426529,-0.108186218659,0.0410072443628,0.537773200921,0.180944386505,-0.264304548801,-0.127719616772
1495799556411549124,0.0361629661179,0.0622856463735,-0.347467798763,-0.0668548843989,0.0337074139686,0.552918756677,0.111816608366,-0.21725485286,-0.131316643499
1495799556475016833,0.0369642035169,0.0620317799412,-0.491462306209,-0.0535104786406,0.0306755031485,0.558387993338,0.0894977276147,-0.19771323689,-0.132615571763
1495799556511641670,0.0445586764527,0.106185617529,-0.442771683194,0.09318349821,0.0446852460893,0.568694194463,-0.155851929432,-0.288010423261,-0.13506326543
1495799556561321800,0.0474037571675,0.106644943306,-0.442539447031,0.140568048519,0.0501670036348,0.572491083551,-0.235103875675,-0.323342069589,-0.135965015868
1495799556610756089,0.0187807436899,0.103801807105,-0.665745302582,0.226774779833,0.0445393259824,0.592415649084,-0.379286973149,-0.287069922416,-0.140697043923
1495799556660762588,0.0204545595247,0.103614565394,-0.665524493591,0.254652666271,0.0423043072106,0.600119873813,-0.425913494726,-0.272664525584,0.388236898423
1495799556710522968,-0.00767460441767,0.110374879908,-0.566026313884,0.235154671069,0.0648392111243,0.639836733344,-0.393302568643,-0.41790904771,0.272150857592
1495799556763145651,-0.00805123278814,0.111125499915,-0.565194721004,0.228882487371,0.0737991445572,0.649237139779,-0.382812171203,-0.475658628304,-0.154191987523
1495799556812237576,-0.022424405251,0.101311813561,-0.372223500722,0.145558769439,0.0334507504449,0.632302039699,-0.243450991845,-0.215600575967,-0.150169949072
1495799556863004857,-0.0240398738973,0.0999674200095,-0.372408839395,0.118653487056,0.0174030523554,0.625750018434,-0.198451176945,-0.112168129608,-0.148613862521
1495799556911638697,-0.0371982921203,0.0892631435655,-0.118306908456,0.0550710413899,0.0261108427748,0.612871668633,-0.0921078111611,-0.168292569414,-0.145555290806
1495799556963023372,-0.0384308962449,0.0895556357618,-0.118370661206,0.0345423276777,0.0296025976902,0.60776607145,-0.0577729803997,-0.190798024774,-0.411121769924
1495799557013391158,-0.0428621032742,0.0871767522377,0.0908333359585,-0.0606248369805,0.00855298913854,0.580429674582,0.101396684997,-0.0551266970091,-0.349905546387
1495799557061184947,-0.0447078666075,0.0864748843445,0.0904606208546,-0.0913658604009,0.000174889048532,0.572706970858,0.152811880872,-0.00112721475878,-1.03576375227
1495799557112916243,-0.0194212369527,0.0596863512789,0.289933956745,-0.179448353223,0.00263334310409,0.5437055835,0.30013224037,-0.0169727220588,-1.02887600466
1495799557162776913,-0.0211312499581,0.0597732892717,0.289522382733,-0.207929037264,0.00367184160015,0.532635426169,0.347766957294,-0.023666170514,-1.02624687355
1495799557211870030,0.00818365995344,-0.000109745361566,0.292856460588,-0.153418757001,-0.00238759983087,0.529037715775,0.256597034337,0.0153888296037,-1.02539242749
1495799557261330789,0.00923937524225,-0.000300930317456,0.292790009049,-0.135836432721,-0.00466814793555,0.527688978601,0.227190119855,0.0300876772633,-1.02507210622
1495799557312084241,0.0215226371108,-0.0159361409267,0.194215302139,0.0355288251028,0.0138974254083,0.530288059291,-0.0594229241132,-0.0895732646542,-1.02568938054
1495799557362592476,0.0248460167768,-0.0153138468495,0.194194165607,0.0908793330271,0.0213261432341,0.531372684159,-0.151998150637,-0.137453680508,-1.02594697589
1495799557418479192,0.00101697606133,-0.00522552604788,0.122177105168,0.21072756527,0.0218667016289,0.528479240961,-0.352447571328,-0.140937748869,-1.0252597913
1495799557460485374,0.00334308551785,-0.00520934112106,0.216908163682,0.249469281081,0.0220596277988,0.527588989632,-0.417244142338,-0.142181218531,-1.02504835912
1495799557511018897,-0.0354436625351,-0.00796919022402,0.191275920413,0.215867048228,0.032615793582,0.527118106043,-0.361043496042,-0.210219017163,-1.0249365256
1495799557560989985,-0.0360932782801,-0.00761648554782,0.191248479761,0.205048478237,0.0368260874388,0.526971467235,-0.342949144155,-0.237355681316,-0.898392971361
1495799557610831519,-0.0518705440574,-0.00488589471652,0.364110353559,0.0772831426348,0.0233892453166,0.527543934999,-0.129258153253,-0.150751020369,-0.814189778883
1495799557661478393,-0.0543479935901,-0.00533470560771,0.364245595488,0.0360216326894,0.0180317368372,0.531776696297,-0.0602471581748,-0.116220198234,-1.02604292763
1495799557711165995,-0.0478285466356,-0.00807485223857,0.499111528036,-0.0979309689162,0.0275980729313,0.516538569237,0.163792203018,-0.177878234133,-1.02242391548
1495799557760887191,-0.050427271048,-0.00775517609314,0.498916886647,-0.141212739354,0.0314141062219,0.510687541134,0.236182138593,-0.202473765307,-1.02103431283
1495799557810574796,-0.0270019092931,-0.00128921026973,0.580227680781,-0.19399984512,0.0290456668162,0.513418353024,0.324470005445,-0.187208430652,-1.02168287294
1495799557861007815,-0.0280271721253,-0.00136941743823,0.580338401832,-0.211076008199,0.028088062895,0.514345970091,0.353030351582,-0.181036373098,-1.02190317937
1495799557914581528,-0.00471771790028,0.00881502138603,0.620256312995,-0.146675135928,0.0284610464027,0.520098830894,0.245318145093,-0.183440368764,-1.02326946757
1495799557962722424,-0.00346981048979,0.0088255976739,0.62039510519,-0.125891743574,0.0285870199139,0.522203625709,0.210557357392,-0.184252307545,-1.0237693504
1495799558012679827,0.00325931404574,0.0109319954379,0.597958161232,0.0030125251504,0.0052323477659,0.515995907402,-0.00503853006351,-0.0337241220894,-1.02229503483
1495799558061425480,0.0057593661732,0.010152398158,0.59782323323,0.0446506558788,-0.00407372556815,0.5137010322,-0.0746794336208,0.0262564387089,-1.02175000845
1495799558110999030,-0.0148994824412,0.0074171340336,0.570182138829,0.159555230284,0.0136750106219,0.498338364573,-0.266860452424,-0.0881397316118,-1.01810141826
1495799558162259814,-0.012669446709,0.00800980885767,0.569868272489,0.196696780823,0.0207498162954,0.492627106586,-0.328980703593,-0.133739072666,-1.01674501062
1495799558212305977,-0.0451824193581,0.0217268159567,0.626543001502,0.185881719284,0.033837687291,0.469651791184,-0.310892219686,-0.218094505273,-1.01128843808
1495799558262143809,-0.0453903726738,0.0221609668818,0.626144075924,0.182418896454,0.0390197560861,0.460998060052,-0.305100554534,-0.25149456363,-1.00923320137
1495799558313322733,-0.0596153449297,0.044079874305,0.777706590538,0.111392845391,0.0706365324314,0.427382942172,-0.18630755673,-0.455274601434,-1.00124970579
1495799558362519072,-0.0609922768975,0.045130723718,0.777172276801,0.0884603783122,0.0831798807764,0.414642989975,-0.147952383234,-0.536120414809,-0.998224003116
1495799558410652986,-0.0876297831475,0.0380920857584,0.953592985672,-0.000256186481508,0.0593824824716,0.351118607783,0.000428478842332,-0.382738720445,-0.983137141711
1495799558460483486,-0.0893491686567,0.0372993946334,0.99429679879,-0.0288919618451,0.0499203555811,0.327217273294,0.0483225902133,-0.32175234554,-0.977460642258
1495799558511575949,-0.0903483355918,-0.00157600933139,1.03237357799,-0.143759528991,0.0233902725623,0.231440248898,0.240441713372,-0.15075764129,-0.954713869398
1495799558560200080,-0.0925764326114,-0.00245403492796,1.03056808765,-0.180868370189,0.0129103721663,0.195592736443,0.302507257279,-0.0832113969934,-0.946200186408
1495799558613361450,-0.0498275291275,-0.000603071606512,0.949672761903,-0.236302766492,-0.0122275984601,0.134393894286,0.395222789393,0.0788107063554,-0.931665634196
1495799558661703561,-0.0509052322686,-0.00144212043607,0.948443447615,-0.254252695551,-0.0222433352743,0.111608984296,0.425244532843,0.143365270817,-0.926254282408
1495799558712536491,-0.0131180831696,0.0174062683481,0.911656756753,-0.240857998144,0.0169733176756,0.10037087684,0.402841537945,-0.109398354842,-0.923585263619
1495799558761399618,-0.0128603884541,0.0187112450735,0.91141524573,-0.236566836748,0.0325502548695,0.0962119690343,0.395664454063,-0.209796599609,-0.922597534759
1495799558811808613,0.00144968745765,0.027756780689,0.907882741431,-0.0881309425865,0.0146290188355,0.0710675147939,0.147401393043,-0.0942886137027,-0.916625797874
1495799558862837657,0.00432817860256,0.027157193112,0.907399016778,-0.0401900732763,0.00747152547301,0.0616719372569,0.0672189881734,-0.0481563245639,-0.81424163179
1495799558911660764,-0.00795897961506,0.00780760950118,0.847978190205,0.112481824535,0.0153092502514,0.0384416902367,-0.1881289039,-0.0986729184824,-0.698029376772
1495799558961465140,-0.00499682094665,0.00807265833447,0.847490913993,0.161816688858,0.0184736485844,0.0353605283855,-0.270642803257,-0.119068458017,-0.193091209979
1495799559013088116,-0.0408952197989,0.0129727101289,0.756098229122,0.241915850111,-0.0109809760393,0.0357287278633,-0.404610824065,0.0707758339428,-0.117933284921
1495799559062924064,-0.0393394659575,0.0119890801501,0.756039564459,0.26782756024,-0.0227226536742,0.0397334272079,-0.44794886241,0.146454628207,-0.00943657677127
1495799559112561663,-0.0509093643076,0.0428415978176,0.812608947878,0.20784493117,0.00681125975223,0.0296142562821,-0.347626287571,-0.04390070495,-0.00703330224869
1495799559163117953,-0.0520722302303,0.0438213154911,0.812455972232,0.188477673412,0.0185052704828,0.0257665952766,-0.31523402341,-0.119272271068,-0.00611949362409
1495799559211252566,-0.0608302409359,0.0539833061926,0.951767109961,0.0620997851962,0.036593776608,0.0384255717386,-0.103863575913,-0.235858365165,-0.00912596479015
1495799559260770801,-0.0632811730157,0.0545849515757,0.952109526396,0.0212797861216,0.0437753149923,0.0429980840526,-0.0355910197478,-0.282145632009,-0.472450036555
1495799559310891558,-0.0639182878372,0.0651820624902,1.05501625351,-0.0882036142155,0.0895744805875,0.0286816922158,0.147522938315,-0.577335615785,-0.444603072662
1495799559360811318,-0.0660419654349,0.066708173203,1.0548162727,-0.12357336143,0.10779130681,0.0244342185544,0.206679800344,-0.694748773144,-0.90555052169
1495799559414711602,-0.0412595754947,0.0775810984046,1.18145649711,-0.138080080347,0.0926317622722,-0.0108267160642,0.230942681394,-0.597040754932,-0.849735376305
1495799559461752020,-0.041542367783,0.0770733173913,1.18394228784,-0.142790454595,0.0865701102168,-0.021777779957,0.238820910146,-0.557971506647,-0.894575302527
1495799559511322845,-0.0267368480529,0.0842135716958,1.22711136248,-0.0443751958279,0.071493213478,-0.0281966805688,0.0742187192107,-0.460796179414,-0.893050831756
1495799559560145533,-0.024828664339,0.0837092328081,1.22701956349,-0.0125947649006,0.0654727507571,-0.0306457232388,0.0210650860744,-0.421992409306,-0.892469191037
1495799559610395079,-0.0552199821066,0.0470526846606,1.21377614357,0.0799604290764,0.0181271616619,-0.0460495424489,-0.133735987478,-0.116835241152,-0.888810827468
1495799559660987200,-0.0534229217515,0.0454797585077,1.21347184156,0.109890982035,-0.000647794262535,-0.0517926919453,-0.183795649513,0.0041752371547,-0.887446845679
1495799559711384182,-0.0573568759907,-0.0187068952464,1.04264073226,0.15476032299,-0.0241127828009,-0.103451487977,-0.258840839858,0.155414446339,-0.875178027485
1495799559762667517,-0.0564862974003,-0.0194780137149,1.04152932076,0.169259848504,-0.0333158539734,-0.122566971259,-0.283091689747,0.214731125907,-0.0256145968721
1495799559813121350,-0.0588482397562,-0.00913808770517,0.774996056607,0.165657051265,-0.0396381703941,-0.0952704247615,-0.277065913597,0.255480437764,0.0226264568769
1495799559862746095,-0.0589179921776,-0.00935092354149,0.77532678968,0.164495373491,-0.0421790612069,-0.0820244951502,-0.275122975996,0.271857275815,0.0194805859952
1495799559912940883,-0.078638666917,0.0414873743069,0.789091051127,0.0155118813395,0.00642359751928,-0.0593681602292,-0.0259440424788,-0.0414021002971,0.0140997704235
1495799559962716137,-0.081527475145,0.0430996404263,0.789534517674,-0.0326007135833,0.0256677696544,-0.0509144355931,0.0545255781381,-0.165436824216,0.0120920346923
1495799560011064045,-0.0742280896496,0.0615227107441,1.05154187341,-0.149091542079,0.0248332223103,-0.0571031342142,0.249359649954,-0.16005790489,0.0135618331405
1495799560061083120,-0.0764881418074,0.0614914875557,1.05161182324,-0.186732755729,0.024460014843,-0.059717036119,0.312315601234,-0.157652465734,-0.170510556868
1495799560110569371,-0.0450346716166,0.0488290568787,1.13335477979,-0.209215010757,0.0228203206753,-0.0757315870775,0.349917782859,-0.147084122655,-0.125664216383
1495799560161108620,-0.0454725460892,0.0487766722621,1.133107085,-0.216508401571,0.022195350037,-0.0797598059407,0.362116176913,-0.143055990915,-0.517092142261
1495799560211205561,-0.0172878897712,0.0306345856742,1.03419480322,-0.129269263372,0.00556853905375,-0.0902770638143,0.216206350907,-0.035890980361,-0.461882353239
1495799560261033472,-0.0155972499819,0.0300831723457,1.03392241902,-0.10111227676,-0.00101316604174,-0.0914596698104,0.169113026717,0.00653017284348,0.0217214133361
1495799560311465656,-0.0194205469049,0.0448739299115,0.88104610734,0.0187733512176,0.0217603092356,-0.0502211329986,-0.031398939355,-0.140252016532,0.0119273772836
1495799560360278359,-0.0170948397842,0.0456310367318,0.943662434463,0.0575079780315,0.0307974585049,-0.0345587825857,-0.0961836538243,-0.198499277405,0.00820761328453
1495799560412623213,-0.0496691044837,0.0587993667819,0.929050339416,0.148165344923,0.0173540856092,-0.0448741677159,-0.247810560076,-0.111852523574,0.0106574881266
1495799560461884502,-0.0479087343373,0.0583484235122,1.05579448612,0.177484866374,0.0119708410387,-0.0485678988128,-0.296848255332,-0.0771558242613,0.0115347388326
1495799560512170020,-0.0741101965562,0.0648697339127,1.03670542399,0.119106643125,0.0144758457088,-0.0737020260621,-0.199209092767,-0.0933013648692,-0.297158439106
1495799560561433617,-0.0752411161009,0.0649521153588,1.03621071188,0.100271734778,0.015459053014,-0.0988090294592,-0.167707197443,-0.0996384442616,-0.0928214357439
1495799560611993608,-0.0657448779432,0.0498812494856,1.10171474641,-0.00365419948232,0.00630687755979,-0.105168283016,0.00611174779645,-0.0406498035576,0.0249771702649
1495799560662535366,-0.0677613253395,0.0495786583817,1.10164014758,-0.0372382288657,0.00269526879995,-0.101806221766,0.0622819482939,-0.017371852587,-0.331526701833
1495799560711767677,-0.0503359951126,0.0483127911028,1.03129442105,-0.0884520082262,0.0439285418268,-0.110910712606,0.147938384038,-0.283133227005,-0.329364410965
1495799560762430474,-0.0513304009914,0.0496887401734,1.03106961189,-0.105014133665,0.0603532160095,-0.11423354304,0.175638988274,-0.388995402495,0.0271301439241
1495799560811275166,-0.0398428076372,0.0466842330504,0.999129862508,-0.0616856192391,0.0522527825155,-0.102015121442,0.103170872111,-0.336785568525,0.0242283032943
1495799560862552913,-0.0390029866714,0.0464145193148,0.999340719697,-0.0476986598267,0.0490333033823,-0.0974109475929,0.0797773029359,-0.316035015961,0.0231348250054
1495799560911143168,-0.0355541303443,0.0519397771579,0.939510189118,0.034999981367,0.0684913107911,-0.0952227377526,-0.0585384186142,-0.441447975273,0.022615131347
1495799560960317721,-0.0339501708737,0.0525879653797,0.939509046671,0.0617137908517,0.0762285541406,-0.0943361298227,-0.103217989897,-0.491316934873,0.022404564467
1495799561011682213,-0.0412753146933,0.0546342709441,0.923925120877,0.12728570121,0.0412721729088,-0.0983109711284,-0.212888789366,-0.266012096356,0.0233485780539
1495799561061312898,-0.0400029651019,0.0534676024608,0.923837850314,0.148476771354,0.0273456502659,-0.0997789983886,-0.248331429233,-0.176251290901,0.0236972303831
1495799561111542954,-0.0778541843065,0.0494868764558,0.89911844673,0.142341670242,0.0222816610231,-0.10518043508,-0.238070306138,-0.143612292285,0.0249800563458
1495799561163056976,-0.0779710567777,0.0493186504374,0.898997307315,0.140395898547,0.0202736624193,-0.107171284974,-0.234815950176,-0.130670111624,0.0254528775744
1495799561212991333,-0.0911755268408,0.036772531626,0.950894616468,0.0460451014566,-0.00469436362457,-0.121256962402,-0.0770116816901,0.0302566455996,0.0287981861913
1495799561262157570,-0.0930049600668,0.0359417935732,0.950662375321,0.0155762254759,-0.014610506129,-0.126582046165,-0.026051659793,0.0941692935038,0.0300628785493
1495799561312124749,-0.0763293156805,0.0272789477161,0.937156081464,-0.0941714166057,0.0240971214311,-0.121083155534,0.157504249758,-0.1553135039,0.0287569075511
1495799561360907414,-0.0784590948491,0.0285719872905,0.870490832856,-0.12964312109,0.0395323086579,-0.119088647589,0.216831638087,-0.25479812568,0.0282832175458
1495799561411613656,-0.0603623533989,0.0383175356718,0.911403791217,-0.154543832776,0.0364309779248,-0.117683607728,0.2584787541,-0.234809076602,0.0279495245461
1495799561462539406,-0.0608463871708,0.0382122746007,0.898513139321,-0.162605745626,0.0351742181338,-0.117220133694,0.271962522114,-0.226708865659,0.0278394507716
1495799561514590648,-0.0464905713288,0.0531232480595,0.924305984741,-0.113422601895,0.0425102229931,-0.112178075031,0.189702379564,-0.273991717372,0.0266419760758
1495799561562427736,-0.0455373463778,0.0533652733361,0.924421018603,-0.0975469596015,0.0453988646129,-0.110322800441,0.163149937019,-0.29260991842,0.0262013535992
1495799561612666594,-0.0290652963942,0.0919154893322,0.938431494739,-0.0401124686553,0.0193229387379,-0.102644741834,0.0670891923389,-0.124542399373,0.0243778363596
1495799561662674424,-0.0279521345301,0.0910384149808,0.93858850179,-0.0215731249697,0.00885230156713,-0.099790554962,0.0360816369315,-0.0570558594685,0.0236999750366
1495799561713542833,-0.0226967379202,0.115833013561,1.03606252529,0.016519379718,0.0237600524045,-0.0728817325214,-0.0276291108569,-0.153140988327,0.0173092056862
1495799561761568706,-0.0219581315873,0.116325851551,1.03664755776,0.028820734653,0.0296423666907,-0.0629343008893,-0.0482034608018,-0.191054348453,-0.422844532985
1495799561814377234,-0.0270104590956,0.111600845044,1.13503052821,0.0566048269446,0.0180737265619,-0.065447904631,-0.0946731091231,-0.116490835176,-0.467779208438
1495799561863121349,-0.0264712300176,0.111215732797,1.13505316264,0.0655857621954,0.0134767872544,-0.0687769386929,-0.109693967041,-0.08686211985,-0.883413135033
1495799561912502143,-0.0448718346208,0.055108423414,1.10042064367,0.106781124735,0.0176190482035,-0.084449768139,-0.178594328788,-0.11356029058,-0.879690882293
1495799561961707003,-0.0440717068529,0.0552569179803,1.10009581503,0.120107575465,0.0193931367325,-0.0902689562031,-0.200883179268,-0.124994847461,-0.778156098611
1495799562011314918,-0.0638576434,0.0202343891622,0.87487582683,0.123875196501,-0.00168091056818,-0.0968073935178,-0.207184627691,0.010833995705,-0.744976056227
1495799562063149160,-0.0637834453204,0.0195376933677,0.874588770046,0.125111346193,-0.00999638965076,-0.0974120347025,-0.209252121595,0.064429865926,0.0231350831909
1495799562113457234,-0.0690449215,0.0167396105035,0.80388405248,0.0644130657007,0.0054641369798,-0.0582483782883,-0.107732600331,-0.0352180762565,0.0138338253744
1495799562161260940,-0.0702220249371,0.0172559524731,0.804582683884,0.0448085603653,0.0116277626202,-0.0435269527187,-0.0749435331596,-0.074944576273,0.0103375283687
1495799562212500488,-0.0765063406041,0.0133576362385,0.787751708531,-0.0169269547396,0.00139216016209,-0.0444767143107,0.0283107911407,-0.00897290879252,0.0105630940651
1495799562262528078,-0.0777035062299,0.0130168481515,0.787721431741,-0.0368655751261,-0.00267570604632,-0.0448124610448,0.0616586748019,0.0172457645055,0.0106428329665
1495799562313163215,-0.0672924515957,0.0341178864823,0.811159817298,-0.0971398059915,0.0240384638758,-0.0400866133974,0.162468961557,-0.154935437562,0.00952045749402
1495799562362423464,-0.068462212954,0.0350053141629,0.811267107045,-0.116622333366,0.0346310767066,-0.0383468468531,0.19505401728,-0.223208148845,0.00910726785213
1495799562414683321,-0.0419930929091,0.0953051118766,0.89802709372,-0.168967877046,0.0431260765447,-0.0231238227144,0.28260335956,-0.277961086629,0.00549184260264
1495799562461248812,-0.0430099620799,0.0955774809493,1.05649221014,-0.185904303102,0.0463757044123,-0.0173511341694,0.310929991735,-0.29890595724,-0.0506030610954
1495799562510503952,-0.0199400805908,0.10946708126,1.1182482887,-0.112657060737,0.0547714772901,0.000185154816764,0.188421991204,-0.35301934615,-0.899791437521
1495799562562833931,-0.018520561464,0.109744652232,1.11862827972,-0.0890154779389,0.058084453821,-0.0355813262549,0.148880802423,-0.374372518761,-0.891296999257
1495799562612797412,-0.0098925661948,0.082343120181,1.16042759942,0.0149271246679,0.030568169679,-0.046223189495,-0.0249660210772,-0.197021439022,-0.888769586785
1495799562662664297,-0.00787681713492,0.0814300862007,1.16025400151,0.0484991716778,0.0196700658566,-0.0502493110142,-0.08111618073,-0.126779742504,-0.887813394292
1495799562713568957,-0.030950102374,0.0121124564057,0.950134642264,0.188236028832,0.0290783003291,-0.0460986621206,-0.314829866293,-0.187418763875,-0.888799161685
1495799562762774580,-0.0282382442366,0.0124390692148,0.950062997828,0.233402357765,0.0329789349201,-0.0443061278168,-0.39037177709,-0.212559576959,-0.48334271473
1495799562816091765,-0.0616590064772,0.00409936464546,0.704603968429,0.256242323491,0.00842112229631,-0.0472095913383,-0.428572239565,-0.0542767738607,-0.498466741334
1495799562862876279,-0.0612140823849,0.00328154151425,0.704371921714,0.263653163585,-0.0013409690321,-0.048804221194,-0.440967070726,0.00864296590746,0.0115908647308
1495799562912104049,-0.0883076324262,0.00845392510014,0.694281403131,0.162474220865,0.0333132017908,-0.0362567472859,-0.271742543382,-0.214714031759,0.00861087510649
1495799562960375547,-0.0902687322575,0.00960918651446,0.694514266809,0.129812712652,0.0471033637607,-0.0315546172115,-0.217115284577,-0.303595949917,0.00749413249067
1495799563010519772,-0.0876844443378,0.0189449663619,0.808448736405,-0.0365717951098,0.0326170517905,-0.0446758027168,0.0611673197525,-0.210227126711,0.0106103769994
1495799563060123569,-0.0909120475665,0.0184599291851,0.808279556933,-0.0903274389968,0.0268269333789,-0.0497114654633,0.151075092895,-0.172907997907,0.0118063326831
1495799563110544366,-0.0704035227587,0.0471595179844,0.865389396665,-0.18377707164,0.0518970764559,-0.0408071484916,0.307372139388,-0.33449293143,0.00969158254441
1495799563160159126,-0.0722173759709,0.0479907002342,0.865600858598,-0.213987117189,0.0618180849144,-0.0375439721341,0.357899260365,-0.398436941935,-0.134733667106
1495799563210548699,-0.0324282922023,0.0949307232052,0.9586119611,-0.224742003554,0.0517275238736,-0.0358955633181,0.375887099661,-0.33340011187,-0.162487112779
1495799563261331066,-0.0326391539281,0.0945854495757,0.958710380858,-0.228254668489,0.0476047404946,-0.0367540886192,0.381762127086,-0.306827480187,-0.695984182607
1495799563310211446,-0.0103274984773,0.0767995930942,1.10152597382,-0.121679365772,0.0722600859619,-0.0394741860265,0.203512041209,-0.465738913046,-0.705880561148
1495799563365915107,-0.00826145274174,0.0776254622704,1.10157660343,-0.0872698952422,0.0821189283679,-0.0411818951751,0.145961267994,-0.529282243847,-0.889966879952
1495799563414638695,-0.00565915384179,0.0310085937515,0.980366677992,0.0946984200109,0.0459483279887,-0.0538642066907,-0.158385677254,-0.296151382175,-0.886954866776
1495799563467277090,-0.00212955475777,0.029810339539,0.782372094862,0.153483691335,0.0316460826607,-0.0586929971543,-0.256705638771,-0.203968926197,-0.764570511738
1495799563511116743,-0.0391382238244,0.0170913946385,0.678454449726,0.272875485942,0.000565222928982,-0.0586165698682,-0.456391655131,-0.00364303901757,0.013921269835
1495799563562136917,-0.0368202252206,0.016056738225,0.678381196096,0.311482371534,-0.0117850788831,-0.0195433534096,-0.520962718939,0.0759585289184,0.00464149125251
1495799563614588839,-0.0810182012901,0.00448114332518,0.673709796677,0.256604347911,-0.032820263213,-0.0183441144536,-0.429177735231,0.211536888051,0.00435667538661
1495799563663564551,-0.0820802109542,0.00378144354083,0.673729387583,0.238917479811,-0.0411722342289,-0.0178904527353,-0.399595968374,0.265367960225,0.00424893200947
1495799563713089979,-0.0824232336077,0.00350291470003,0.67373808331,0.23320447279,-0.0444970011286,-0.017720885066,-0.390040809099,0.286797125461,0.0042086601668
1495799563762731282,-0.0936685047603,0.00815635564513,0.732032436659,0.0724044117329,-0.0202058561127,-0.0218789993261,-0.121098343427,0.130233078716,0.00519620056279
1495799563811096999,-0.0965542473445,0.0388880106958,0.797522079058,-0.159704709735,-0.00364772588382,-0.027713434585,0.267110460863,0.0235107371601,0.00658186246276
1495799563863408262,-0.101056440977,0.0394348233715,0.797457513228,-0.234688496181,0.00287872131109,-0.0299695816492,0.392522878492,-0.0185542615476,0.0071176910201
1495799563911501314,-0.0407496584001,0.0877489443768,0.964162727405,-0.332885546464,0.0406975842812,-0.0134680813743,0.556760109818,-0.262308692474,0.00319863129815
1495799563963100054,-0.0426578434729,0.0890018803116,0.9645983737,-0.364667457205,0.0556525169289,-0.00749054662254,0.609916217982,-0.358697922895,-0.897968480103
1495799564015551629,0.0070105581198,0.092469248235,1.0930879657,-0.24286316669,0.0477130004566,-0.0259744528008,0.40619523675,-0.30752524959,-0.893578604576
1495799564062556839,0.00937046733508,0.0922037163061,1.09282662588,-0.203559943193,0.0445432645103,-0.033031523615,0.340459528899,-0.287095307463,-0.891902570184
1495799564110353209,0.0213353142124,0.0278838160936,0.99936346252,0.0783672469456,0.0414322087733,-0.0180868683592,-0.131071347131,-0.267043577686,-0.89545188361
1495799564166394763,0.0268033462544,0.0277918155979,0.999582256152,0.169436854659,0.0403357408186,-0.0123930187619,-0.283387737344,-0.259976497892,-0.896804156812
1495799564216197881,-0.0267293309523,0.0100973763972,0.537413453569,0.344283110655,-0.0111042590772,-0.0225882161989,-0.575822845217,0.0715704317803,-0.894382826208
1495799564262969335,-0.0233347182891,0.00838436531357,0.536886053169,0.400821277932,-0.0315519145804,-0.0258695255573,-0.670384464238,0.203361983391,0.00614393927511
1495799564314091060,-0.0733203990151,-0.00168202179595,0.571639621448,0.349658399029,-0.0231308357248,0.0152515293536,-0.584813160889,0.149085489519,-0.00362219515753
1495799564362487507,-0.0743100175928,-0.00139921251491,0.572451535144,0.333177313657,-0.0197546825505,0.0305837637485,-0.557248098366,0.127325123631,-0.00726355753449
1495799564416228417,-0.099127613154,-0.00111241233691,0.668137698884,0.116595229406,-0.0154841267776,0.021950590455,-0.19500868517,0.0998000525308,-0.00521320325376
1495799564460187432,-0.103327383473,-0.000969981086788,0.741384341022,0.0466487158033,-0.0137839393255,0.018697736145,-0.0780212430649,0.0888418112641,-0.00444065953983
1495799564514833556,-0.0962502829728,0.0302953431162,0.782264450355,-0.190277995502,0.0269532248378,0.0206609537737,0.318245110961,-0.173721985961,-0.381133775153
1495799564563553650,-0.100846487817,0.0316487730379,0.78233141266,-0.266827727926,0.0431082101214,0.00253663881443,0.446276615733,-0.277845931928,-0.68950202844
1495799564614557480,-0.0507020168595,0.0727560832464,0.95960350892,-0.394533335611,0.0532868483478,-0.00573137496057,0.659867710073,-0.343450447073,-0.645368822536
1495799564663938687,-0.0531820238197,0.0730881459124,0.959572743103,-0.435838718284,0.0572495543664,-0.00691694290199,0.728952083478,-0.368991329972,-0.898104709367
1495799564715741926,-0.00507871763771,0.0393082856919,1.09050567883,-0.279317414922,0.0619219170714,-0.013428153866,0.467165956161,-0.399106172745,-0.896558315148
1495799564763322697,-0.00204529400703,0.0394703714132,1.09047521503,-0.228796807275,0.063857639382,-0.0160123323154,0.382668868918,-0.411582510033,-0.895944580063
1495799564817596778,0.0123223917033,0.0261565994198,0.848578155094,0.044847927901,0.0121710923945,-0.0290488578918,-0.0750093764314,-0.0784465070439,-0.892848442048
1495799564862887660,0.0176296286773,0.0244345589799,0.848154754868,0.133239454016,-0.00838446446278,-0.0336448850773,-0.222846602498,0.0540405026286,-0.891756898569
1495799564914776870,-0.0281534271656,0.00960871158235,0.588673201977,0.306710414126,-0.00903928157493,-0.0415566552522,-0.51298149068,0.0582610042512,-0.889877875492
1495799564963440184,-0.0247859287663,0.00958958345452,0.588335230101,0.362796844154,-0.00926721260823,-0.044216758358,-0.606787566893,0.0597300912345,0.0105013552603
1495799565012594271,-0.0666028617581,-0.000996800425232,0.622250167954,0.327545615166,-0.0152337603588,-0.0157298017948,-0.547828929815,0.0981863624522,0.00373578351188
1495799565063337595,-0.0672842932337,-0.00119392801773,0.62281970226,0.316197214331,-0.0175865772475,-0.00511954877345,-0.528848421461,0.113351005087,-0.23820121242
1495799565112539797,-0.0675043863858,-0.00127239181197,0.623023158215,0.312531585513,-0.0185231905799,-0.0131246775581,-0.522717557791,0.119387771714,-0.338907341565
1495799565161495190,-0.0989741756834,0.00747328635315,0.680293383267,0.11406117193,0.021114603171,-0.0233260959373,-0.190770405277,-0.136090238468,-0.343325021813
1495799565215391777,-0.0826190121265,0.0410643550121,0.820227210167,-0.16383209041,0.0340269855294,-0.010769135815,0.274013617045,-0.219314591779,-0.659985959549
1495799565262710157,-0.0880103921106,0.0414890056028,0.820568122044,-0.253625610785,0.0390951123534,-0.0219194084861,0.424195716555,-0.251980258403,-0.894541666151
1495799565314729548,-0.0897518655998,0.0416580219217,0.820354986438,-0.282629672684,0.0411126408102,-0.0379482442732,0.472705797151,-0.264983861955,-0.89073486291
1495799565363763015,-0.0456649304359,0.0485516119177,0.980351112777,-0.341657827813,0.0643649927046,-0.0201699814689,0.571431988422,-0.414852561291,-0.894957150128
1495799565410481389,-0.0103539845767,0.03031238129,0.978239087196,-0.182634954316,0.0306508566063,-0.0126383183241,0.305461917172,-0.197554382198,-0.896745898859
1495799565460205521,-0.00727131542326,0.0291908801351,0.821831089984,-0.131293916422,0.0172640422975,-0.00999999826603,0.219592638076,-0.111272166195,-0.897372492423
1495799565511176388,-0.00627559707115,0.0287444449325,0.821769122556,-0.114710329651,0.0119349963709,-0.00883439453017,0.191856139181,-0.0769247941376,-0.897649320019
1495799565560935714,-0.00946235232105,0.0211069667937,0.765935451973,0.0899701754909,0.00516394281454,-0.0191836221803,-0.150477559986,-0.0332832307277,-0.895191407674
1495799565611751677,-0.0054918652853,0.0208824565885,0.765697256608,0.156098529105,0.00248418128432,-0.0229884056231,-0.2610790259,-0.0160113273568,-0.894287782349
1495799565661333261,-0.0360764760627,0.0122760343022,0.693033207451,0.260783034006,-0.0178655059682,-0.029318169895,-0.43616670112,0.115148788157,-0.892784481208
1495799565710401515,-0.0340441254779,0.011598661004,0.692859830871,0.29463233943,-0.0259510469738,-0.0316010797945,-0.492780582993,0.167262635369,-0.892242296552
1495799565760824124,-0.0615471216442,0.0092039055258,0.674312920143,0.231503132209,-0.0038141946395,-0.0319394737222,-0.38719527081,0.0245836804911,-0.89216192895
1495799565815786908,-0.0627701254346,0.00994292406145,0.674293109236,0.211134589937,0.00500749990539,-0.0320447084368,-0.353128331128,-0.0322749071215,-0.892136936002
1495799565860161339,-0.0806621575032,0.0136517374923,0.728641360196,0.0735521547389,0.00901451947759,-0.0282693341686,-0.123017974751,-0.0581014047691,-0.893033576731
1495799565911430568,-0.0833299158458,0.0137847483932,0.728752684928,0.0291211007292,0.0106021642099,-0.0269203188995,-0.048705831215,-0.0683342729162,-0.893353964048
1495799565961234040,-0.0712091421938,0.0179756105609,0.843736217824,-0.0830696144049,0.0190465056273,-0.0241400614626,0.138936184313,-0.122760701293,-0.894014267339
1495799566011427220,-0.0733860543206,0.018256580923,0.843872095616,-0.119326227928,0.022400322536,-0.0232325687323,0.199576354309,-0.144377102946,-0.8942297943
1495799566062131433,-0.0622957279223,0.0212355582076,0.862757762019,-0.147593576173,0.0108177867682,-0.0266241587307,0.246854261326,-0.0697240279182,-0.893424301252
1495799566112129205,-0.0628446713602,0.0208485692829,0.862706436473,-0.156736420809,0.00619823751277,-0.0279136739942,0.262145917085,-0.0399495843876,-0.893118045018
1495799566162137379,-0.0408238046236,0.0213775977369,0.854288678058,-0.121873851846,0.0143585906989,-0.0380541453935,0.203837324445,-0.0925456195623,-0.890709711693
1495799566211464043,-0.0401487963106,0.0216497646986,0.854088569398,-0.110632044462,0.0176074207545,-0.0418352564145,0.185035096533,-0.113485348025,-0.889811708502
1495799566261412081,-0.0381044946214,0.0139359789993,0.821256568249,-0.0200199414649,0.00669095023079,-0.0502547009162,0.0334838953717,-0.0431252723581,-0.887812114206
1495799566313077102,-0.0363469539319,0.0135731740969,0.821071840861,0.00925178390087,0.00236037340123,-0.0533644561442,-0.0154738596354,-0.0152133467272,-0.88707355612
1495799566361983672,-0.03932893905,0.0146863238958,0.785125028453,0.0709944327919,0.0240487142974,-0.0631446783885,-0.118740115387,-0.155001504744,-0.884750780952
1495799566411111430,-0.0381311127052,0.0154097347694,0.796291804647,0.090944237193,0.0326840061374,-0.0667464979463,-0.152106704616,-0.210658668472,-0.883895358977
1495799566461490459,-0.0544823944735,0.0113249719881,0.754866514574,0.0968544206545,0.0178232137317,-0.0783381074411,-0.161991646837,-0.114876201431,-0.881142384452
1495799566511714721,-0.0543668294694,0.0108299021439,0.75461490352,0.0987794680712,0.0119136984083,-0.0826238446759,-0.16521134088,-0.0767875220904,-0.88012453396
1495799566561058570,-0.0728074426196,0.00121947068654,0.774538770288,0.0766033183514,0.01856277084,-0.104572504616,-0.12812112869,-0.119642878901,-0.874911789198
1495799566611009124,-0.0732365668618,0.0014430746859,0.774133067963,0.0694566301964,0.0212321810054,-0.112800308557,-0.116168098815,-0.13684806448,-0.872957708994
1495799566660718869,-0.0889669201083,-0.0320964748084,0.775791334021,0.0107003444566,0.0149048389039,-0.150716575169,-0.0178966164738,-0.0960663605338,-0.863952702733
1495799566710908697,-0.0901057634079,-0.0323014299742,0.775066929675,-0.00826673683022,0.0124592047448,-0.164892528198,0.013826341679,-0.0803034814863,-0.860585953916
1495799566761007457,-0.0730759556328,0.0161487017334,0.755524564013,-0.121547337434,0.0450004687379,-0.176109654183,0.20329122023,-0.290042132078,-0.857921918167
1495799566810860167,-0.0752742856271,0.0172255296336,0.755295853082,-0.15816075986,0.0578532043016,-0.180280490502,0.264528162799,-0.372882043094,-0.856931356318
1495799566860642476,-0.0487612643173,0.0163597891039,0.876338248316,-0.135273000289,0.033948775429,-0.185988794143,0.226247763822,-0.218810503157,-0.855575650321
1495799566910986238,-0.0483187916041,0.0155623947558,0.876316038362,-0.127904150524,0.0244303396153,-0.188261485445,0.213923162626,-0.157461199586,-0.855035892554
1495799566961774047,-0.0476801632106,0.012001539226,0.782681511402,0.0111580481831,0.0252671620171,-0.208516126878,-0.0186621383768,-0.162854782373,-0.850225472404
1495799567012200434,-0.0449827284568,0.0120301123009,0.782226579349,0.0560836962683,0.0256083336831,-0.215980460981,-0.0938015039254,-0.165053740743,-0.848452714131
1495799567061385390,-0.067110860894,-0.00654165575064,0.714362658335,0.115098065707,-0.00233963700011,-0.249402675012,-0.192504638257,0.0150796941195,-0.840515032669
1495799567111533390,-0.0659648773132,-0.00747071217532,0.713674269785,0.134184802527,-0.0134292385418,-0.261818926033,-0.224427723536,0.0865556534873,-0.83756620811
1495799567160831974,-0.0840199515697,-0.0124557598578,0.668420589498,0.0756156919497,0.0123832088445,-0.29438573301,-0.126469296733,-0.0798136640784,-0.829831683408
1495799567211092903,-0.0851550330789,-0.0115936327706,0.667764827352,0.0567113082213,0.0226745144159,-0.306508135752,-0.0948512019478,-0.146144355592,-0.826952646985
1495799567262431000,-0.090335765661,-0.00124837056721,0.696278411814,-0.0425915275375,0.0302073427666,-0.340488642971,0.0712354855925,-0.194695796425,-0.818882372468
1495799567310985916,-0.0922617087733,-0.00099894098385,0.695648634196,-0.0746679272078,0.0331844925989,-0.353224102036,0.124884134483,-0.213884460657,-0.815857736899
1495799567361024684,-0.0851575118515,0.0213117678925,0.739730973543,-0.0839860051597,0.0707523228608,-0.394384568262,0.140468872718,-0.456020907061,-0.80608224239
1495799567410290161,-0.0853386605193,0.0225610978425,0.776178889068,-0.087003166298,0.0856649135491,-0.409779239124,0.145515156597,-0.552137230276,-0.802426051529
1495799567460792674,-0.0794470720189,0.00341665845884,0.764739854682,-0.0315391316519,0.0435196176006,-0.46651321412,0.0527500535501,-0.280497582139,-0.78895189266
1495799567511598508,-0.0783715358274,0.00201402408208,0.763645922422,-0.013626236673,0.0267769535685,-0.487708681602,0.0227902506043,-0.172585862356,-0.783918028981
1495799567560500328,-0.0835912341062,-0.0304143306776,0.641689723464,0.0408213536898,0.00224042080364,-0.526861029029,-0.0682748217957,-0.0144402146214,-0.774619457017
1495799567611867265,-0.082534788136,-0.0312270254958,0.640852786359,0.058416517409,-0.00745980330835,-0.541357326814,-0.0977032105878,0.0480807715368,-0.0150794179278
1495799567661484185,-0.0909221445646,-0.0246208787532,0.520727769634,0.077552596157,-0.027399944646,-0.54877556637,-0.12970882158,0.176601235206,0.0208848345631
1495799567710933634,-0.0905504780648,-0.0252873781433,0.520499438932,0.0837428485319,-0.035356095303,-0.549700835999,-0.140062186659,0.227881121047,0.130552396424
1495799567761677725,-0.0993210180208,-0.00770486622027,0.507129635241,0.0210172021217,-0.0148304141464,-0.556382448145,-0.0351518408823,0.0955866696339,0.132139260443
1495799567811023528,-0.100537249654,-0.00702326740825,0.506992157643,0.000761086430845,-0.00669467587829,-0.558864872909,-0.00127293770883,0.0431492853245,0.132728829315
1495799567861401160,-0.102687107241,0.016744724768,0.533316430692,-0.0715355916335,0.00561848528729,-0.586028743329,0.119645218234,-0.0362128994981,0.13918017184
1495799567912527422,-0.104089366978,0.0171511845411,0.532815527698,-0.0948901258658,0.0104697345513,-0.596213462333,0.158706310499,-0.0674807222395,0.141599013846
1495799567962480496,-0.0943058557771,0.0217748800935,0.564672711267,-0.0718777769125,0.0272855885297,-0.616064807341,0.120217532399,-0.175864174176,0.146313652234
1495799568013026657,-0.0938600232892,0.0223350802338,0.56431572486,-0.0644526456923,0.033972546604,-0.623522264787,0.107798798941,-0.218963715835,0.14808477732
1495799568062423864,-0.0916530465351,0.0223754373843,0.502611407862,-0.0278819078086,0.0346833088266,-0.629596583511,0.046633247428,-0.223544801237,0.149527410866
1495799568110529905,-0.0909437869631,0.0223991440246,0.502450799682,-0.0160692627828,0.0349662927973,-0.631796567611,0.0268762780681,-0.225368721665,0.150049900878
1495799568161366958,-0.0871009249656,0.0238550822034,0.4488766161,0.0219201660015,0.0536146505153,-0.626783687502,-0.0366620724746,-0.345563234833,0.148859356006
1495799568211076703,-0.0863642384317,0.0244770034696,0.448934027128,0.0341895741686,0.061038456376,-0.624848320331,-0.0571829905832,-0.393411991532,0.148399711768
1495799568261464745,-0.0934993128099,0.032953126158,0.369404887261,0.0780110749805,0.0354816728775,-0.619391766463,-0.130475639854,-0.228690507893,0.147103795631
1495799568310561141,-0.0926488793402,0.0320988887716,0.369452127324,0.092175146471,0.0252844519808,-0.617260783606,-0.154165433786,-0.162966221611,0.14659769322
1495799568361281275,-0.104509743931,0.0250815193,0.319046112971,0.106575559662,0.025111906882,-0.61491395168,-0.178250515624,-0.161854114343,0.146040327264
1495799568411645993,-0.104229742102,0.0250770495856,0.355414052409,0.111239208239,0.0250587416915,-0.613937134122,-0.186050594426,-0.161511448019,0.145808335852
1495799568463553991,-0.116478988012,0.023852084502,0.260240703366,0.106520988935,0.00894085146548,-0.617475286306,-0.178159244604,-0.0576265913305,0.146648637005
1495799568511475939,-0.11656981958,0.0233145479998,0.260104565293,0.105008430683,0.00252433636285,-0.61868881297,-0.175629449882,-0.0162701394296,0.146936846161
1495799568561347221,-0.129358132093,0.0206278879397,0.235470692095,0.0558407266204,0.0131323896569,-0.614882131261,-0.0933951305957,-0.0846423693397,0.146032770004
1495799568610194004,-0.130311145912,0.020982310379,0.235525828247,0.0399685703148,0.0173631863952,-0.613430853553,-0.0668485184595,-0.111911180994,0.145688095646
1495799568663181541,-0.124304188496,0.0239223087076,0.243488059653,-0.0257269866767,0.00881194571257,-0.613951391419,0.0430290833578,-0.0567957533313,0.14581172192
1495799568714192217,-0.125578862228,0.0236364637941,0.243483823015,-0.0469567396985,0.00539974886304,-0.614155110829,0.0785364213884,-0.0348030746534,0.145860104704
1495799568762491449,-0.10794442881,0.0253327562641,0.201573762281,-0.0677756261659,0.029649544865,-0.607310750729,0.113356573957,-0.191100614038,0.144234588506
1495799568814276942,-0.108349258972,0.0261415211852,0.201674608445,-0.0745183973102,0.0393036882408,-0.604704104183,0.124634041672,-0.253324595401,0.143615517311
1495799568862277387,-0.0999109452954,0.0385683767697,0.118300510634,-0.0409645791619,0.0204957189116,-0.600073188144,0.0685143702845,-0.132101335348,0.142515687828
1495799568912152308,-0.0992605579391,0.037938583809,0.118329186114,-0.0301325692588,0.0129775739393,-0.598246440887,0.0503975397786,-0.0836445334932,0.142081840513
1495799568960689277,-0.0861598174605,0.081728710175,0.0310388604109,-0.00901846363203,0.0434896107874,-0.573005609699,0.0150836251543,-0.280304178818,0.136087214375
1495799569011053222,-0.0857509933,0.0827386891859,0.031459128306,-0.00220976887649,0.0555445001678,-0.56346986885,0.00369589841138,-0.358001720998,0.133822502848
1495799569066526617,-0.0783997018488,0.109336257264,-0.122000365865,0.019152537293,0.0482089444252,-0.523094693265,-0.0320331383557,-0.310721763983,0.124233512649
1495799569111164696,-0.0779857391012,0.109086633498,-0.121338050062,0.0260469265369,0.045228478596,-0.507825486872,-0.043564191456,-0.291511727112,0.120607119245
1495799569162556496,-0.0745994861527,0.10814082601,-0.333690940555,0.0526104402227,0.0557448745955,-0.458942415136,-0.0879923889369,-0.359293197017,0.108997527733
1495799569211113581,-0.0740844090336,0.108491871067,-0.332908154729,0.0611889619206,0.0599353086471,-0.440425218016,-0.102340199268,-0.386301858499,0.104599745702
1495799569260203479,-0.0875171920646,0.114668740591,-0.496707764671,0.0763724614687,0.0340619169655,-0.40903411475,-0.12773501429,-0.219539735839,0.0971444473114
1495799569311441209,-0.0872219116435,0.113804361541,-0.496224809896,0.0812906048511,0.0237436976123,-0.397111524263,-0.135960742558,-0.153035576562,0.0943128657352
1495799569362716937,-0.0937739942178,0.103598869993,-0.534548034829,0.0740713754218,0.0364399128325,-0.364824900414,-0.123886385433,-0.234866664884,0.0866448837352
1495799569412229447,-0.0939136604903,0.104024341472,-0.434155081042,0.0717453667364,0.0415190217705,-0.352596896403,-0.119996072787,-0.267603114676,0.0837407673092
1495799569462065885,-0.10592453598,0.0981754743287,-0.559700306228,5.31510072017e-05,0.0274335677466,-0.340780608285,-8.88965018783e-05,-0.176817946633,0.0809344322456
1495799569511293439,-0.107314514742,0.0977065966326,-0.42795319332,-0.0230966528196,0.0218367545357,-0.336068425561,0.0386297786037,-0.140744730463,0.0798153021538
1495799569562346369,-0.0857212882191,0.0882485054704,-0.437436999412,-0.0600638949713,0.0364137805643,-0.310882989024,0.100458494265,-0.234698234221,0.0738338320894
1495799569611902744,-0.0864395806323,0.0887365916872,-0.436961849143,-0.072027443306,0.0422402985292,-0.3014571671,0.120467853504,-0.27225196956,0.071595225997
1495799569662436824,-0.0681340433327,0.0882461609498,-0.59896215055,-0.0313489668393,0.0265134071878,-0.291687610595,0.0524319977407,-0.170887223291,0.0692749839124
1495799569711281094,-0.0673460110294,0.087721535101,-0.59889166965,-0.0182246776534,0.0202509861094,-0.287849759771,0.0304812679297,-0.130523955696,0.0683635051781
1495799569760824052,-0.0779537121697,0.094957333267,-0.807340256023,0.0408838751187,0.0231391998291,-0.280757904419,-0.0683793905823,-0.149139398794,0.0666792095563
1495799569812690778,-0.0768065510657,0.0950523691415,-0.807354413855,0.0599900000382,0.0242734431542,-0.277867789018,-0.100334902984,-0.156449952695,0.0659928153092
1495799569862662214,-0.0769641018971,0.0878275578354,-0.872897826819,0.0620190663673,0.00934640036937,-0.269357979691,-0.103728571481,-0.0602404811865,0.0639717596221
1495799569912151261,-0.0769247340304,0.0873308535434,-0.872782101508,0.0626747395611,0.00341745955172,-0.266101649028,-0.10482520269,-0.0220265984438,0.0631983902842
1495799569960201506,-0.0797284711257,0.0854534619809,-0.838066183942,0.0297489146526,0.00983208789346,-0.254659838824,-0.0497558670386,-0.0633708895791,0.0604809926676
1495799570012871821,-0.0803669945508,0.0856678255412,-0.837822263572,0.019114388705,0.0123909864506,-0.250422407523,-0.0319693338071,-0.0798637931889,0.0594746146984
1495799570062761960,-0.0791103980381,0.0809551507209,-0.840538970524,0.0234467451553,0.00779048469204,-0.238656937808,-0.0392153175354,-0.0502121167484,0.0566803488619
1495799570114045929,-0.0790264316219,0.0808025228646,-0.840315770188,0.0248451778476,0.00596870039704,-0.234255595149,-0.0415542341619,-0.0384701456995,0.0556350424078
1495799570160510565,-0.06870001344,0.075308946543,-0.871860855478,0.0180584887223,0.0374194728007,-0.220853782294,-0.0302033124327,-0.241180236045,0.052452149696
1495799570210849995,-0.0688322409156,0.0763592853426,-0.871627068186,0.0158560454384,0.0499574665586,-0.215807679617,-0.0265196662738,-0.321991537428,0.0512537145582
1495799570261046816,-0.0735089643814,0.0822270539829,-0.939984378903,-0.00660459121264,0.0313073634617,-0.204351281724,0.0110463580288,-0.201785774745,0.0485328524067
1495799570312078304,-0.0739443828526,0.0816037311733,-0.939814288444,-0.0138563765024,0.0238666295839,-0.199990215986,0.0231751657141,-0.153827911668,0.0474971116078
1495799570362914375,-0.068186868084,0.0857109508579,-0.987627365153,-0.0265477724987,0.0331066971691,-0.18286973202,0.0444018699184,-0.213383044717,0.0434310450071
1495799570411467269,-0.0684333750614,0.0860184853619,-1.03988100892,-0.0306534473609,0.0367776112615,-0.176475136627,0.0512687225391,-0.237043237152,0.0419123466568
1495799570461221504,-0.0623192024049,0.0853375123225,-1.12608467266,-0.037151012225,0.0194608035922,-0.179484238434,0.0621360760956,-0.125430981591,0.0426269998394
1495799570511147333,-0.0624455841241,0.0847598750703,-1.12620423723,-0.0392560129693,0.0125655930073,-0.180510277211,0.0656567469628,-0.080989187199,0.0428706811519
1495799570561230937,-0.0527165133653,0.0815691896313,-1.18877211981,0.00977579059198,0.0290782227503,-0.160059630609,-0.0163502750461,-0.187418263855,0.0380137103281
1495799570610873703,-0.0517659632387,0.0821207062343,-1.1884257455,0.0256069735591,0.0356617369588,-0.152342927071,-0.0428283581618,-0.22985107736,0.0361810150265
1495799570660960935,-0.0351805694285,0.0818647355541,-1.25214067969,0.0866513470503,0.0338921830536,-0.122193505975,-0.144926729358,-0.218445747552,0.0290206126456
1495799570710731023,-0.0339973909519,0.08180574268,-1.25160952644,0.106356812226,0.0331879947775,-0.110849842028,-0.177884654602,-0.213907033296,0.0263265244879
1495799570760672921,-0.0627372704055,0.0946094373987,-1.32730971822,0.0893959506507,0.0490301139044,-0.093831886617,-0.149517153359,-0.316014458776,0.0222848081295
1495799570810883770,-0.063064650086,0.0951356492433,-1.32703847675,0.0839440136256,0.055311134283,-0.0873833519871,-0.140398640738,-0.356497604692,0.0207532993628
1495799570861382163,-0.0843448258134,0.0973985376781,-1.38311943198,0.00864460819575,0.0270911036978,-0.0957584673014,-0.014458341792,-0.174610658449,0.0227423656021
1495799570911346829,-0.0858042528323,0.0964565827002,-1.38332002691,-0.0156616735595,0.0158469698538,-0.0988249944961,0.0261945740316,-0.102138689935,0.0234706571523
1495799570961429943,-0.0630109770767,0.0778639132353,-1.28541843293,-0.0737106195899,0.0349838388952,-0.0934261441359,0.123283011514,-0.225481811768,0.0221884454358
1495799571010916124,-0.0641382712695,0.0785058106156,-1.28524472543,-0.0924860983542,0.042646640337,-0.0915201699506,0.154685509248,-0.274870969931,0.0217357819485
1495799571062212099,-0.0405349125166,0.0775810339116,-1.20305943408,-0.0840312484305,0.0327704642064,-0.0837449986366,0.140544543316,-0.211215917838,0.0198892007153
1495799571111480379,-0.0403722393707,0.0772516924065,-1.20285155129,-0.0813223920466,0.0288391549796,-0.0809326761411,0.136013907505,-0.185877397107,0.0192212820634
1495799571161583119,-0.0241892338127,0.0898372720283,-1.28008733105,-0.0110557210785,0.0429086721303,-0.0660330604191,0.0184909935177,-0.276559847005,0.0156826653997
1495799571211175042,-0.0228271423586,0.0903043823587,-1.27985773193,0.011629539891,0.048484206379,-0.0603746536428,-0.0194507210529,-0.312495913591,0.0143388097673
1495799571261459223,-0.0324461741895,0.0962996369597,-1.40858769642,0.0872881931462,0.0265755752435,-0.0584074916838,-0.145991871735,-0.171287915904,0.0138716143565
1495799571312499027,-0.0309780368438,0.0955675724497,-1.40864260732,0.111740144466,0.017836793308,-0.0575245186253,-0.186888423858,-0.114963726059,0.0136619107483
1495799571362700801,-0.0456798831338,0.0895113222892,-1.44783733684,0.144474979692,0.0409247778187,-0.0508068041905,-0.241638324083,-0.263773026065,0.012066472538
1495799571412616718,-0.0450440776584,0.0902827462179,-1.39575946501,0.155064577912,0.0501333929514,-0.0481909753202,-0.259349714471,-0.323125438195,0.0114452205674
1495799571462089349,-0.0448387008722,0.0905898431844,-1.40127137147,0.158485107169,0.0537991743,-0.0472792488133,-0.265070642475,-0.346752548488,0.0112286880963
1495799571511016939,-0.0550322788538,0.0937528968931,-1.46601366867,0.105218163652,0.0306364730819,-0.051294779694,-0.175980233963,-0.197461675872,0.0121823653423
1495799571560861965,-0.0733189873136,0.0920459796504,-1.48369640624,-0.00415382323592,0.0274986636642,-0.0532778483,0.00694738208239,-0.177237510234,0.0126533385369
1495799571610749315,-0.0754395088529,0.0919416021005,-1.48374706965,-0.03947066403,0.0262527598256,-0.0539988945103,0.0660157566867,-0.169207269308,0.0128245849759
1495799571660614593,-0.058661713693,0.0878493737512,-1.45953525107,-0.102634871949,0.0164815609648,-0.0478080196978,0.171659608489,-0.106228828638,0.0113542696883
1495799571712448702,-0.0598878925183,0.0875241157052,-1.45939936927,-0.123057153339,0.0125990813726,-0.0455214760436,0.205816428304,-0.0812050302148,0.0108112220267
1495799571760740316,-0.0328621253819,0.0878819702198,-1.45199080152,-0.115648657372,0.0225155073441,-0.0360816618859,0.193425517757,-0.145119505153,0.00856929281835
1495799571811147424,-0.0327199418963,0.0882127586149,-1.45180482681,-0.113281121798,0.0264641033451,-0.032561317007,0.189465750263,-0.170569444564,0.0077332208496
1495799571860744166,-0.0115050089569,0.090938289717,-1.48545355639,-0.0239637487376,0.0156054298518,-0.0152028130179,0.0400800200564,-0.100581888882,0.00361062516536
1495799571910403130,-0.0097736635483,0.0905754983951,-1.48514556313,0.00487132343551,0.0112747331016,-0.00867518794326,-0.00814742063668,-0.0726691903243,0.00206033264141
1495799571960343981,-0.0220866893561,0.0914089057119,-1.49178739759,0.0897619872517,0.0163806925765,-0.00356288039455,-0.150129359507,-0.105578700246,0.00084617403362
1495799572011543929,-0.020439321445,0.0915791093146,-1.49169433974,0.117199068238,0.0184123825415,-0.00164415621373,-0.196018622004,-0.118673579159,0.00039048245835
1495799572062812386,-0.0461865174428,0.0951776108738,-1.49089935867,0.144156955984,0.00849964227318,-0.00575054889169,-0.241106420803,-0.0547828597336,0.00136573912463
1495799572112446217,-0.0456621481686,0.0948462197768,-1.49097737037,0.152890803318,0.0045437449619,-0.00728653300122,-0.255714017474,-0.0292858610883,0.00173053101366
1495799572162495456,-0.0693864021005,0.0921695301028,-1.50152858169,0.0790645178052,0.0236904770269,-0.0100168936946,-0.132237551565,-0.152692553201,0.00237898396895
1495799572211847540,-0.0708171163788,0.0928088372554,-1.50158841836,0.0552364929329,0.0313219290521,-0.0110254732653,-0.0923845333567,-0.201879654542,0.00261851876918
1495799572263048258,-0.0529947112911,0.098855134197,-1.46970550381,-0.0534005857931,0.0170594451366,-0.0194065379214,0.0893139288452,-0.109953473336,0.00460899796038
1495799572311579987,-0.0551030128559,0.0983781682285,-1.46984296707,-0.0885146039535,0.0113657612332,-0.0225761463083,0.148043077091,-0.0732558951769,0.00536177100261
1495799572362458737,-0.0316760462329,0.0922209225546,-1.52084560683,-0.0894789627637,0.0249361524711,-0.0114902368304,0.14965599337,-0.160721322052,0.00272889880359
1495799572410390456,-0.0316960730412,0.0926748177258,-1.49521974021,-0.0898129628844,0.03035444434,-0.00725836561393,0.150214617636,-0.195643912193,0.00172384133871
1495799572460615417,-0.0221497316941,0.0873591090527,-1.5316585724,-0.0396915897938,0.0154297769825,0.00390115439658,0.0663852610219,-0.0994497510584,-0.000926513153956
1495799572510262302,-0.02117803625,0.0868621338485,-1.53147121403,-0.0235082289233,0.00949755072193,0.00811464280221,0.0393181508058,-0.0612146926058,-0.00192720475316
1495799572560886900,-0.0320922719893,0.0919999010187,-1.51525955092,0.0267511487017,0.0268996105089,0.0193568905854,-0.0447420221368,-0.173376424799,-0.00459720685827
1495799572612501423,-0.0311167462289,0.0925795651805,-1.51503275399,0.0429987002611,0.0338188958137,0.0235409369634,-0.071916493022,-0.21797338831,-0.00559090605904
1495799572661065281,-0.0372490802788,0.0881120326861,-1.5431043014,0.0503115514706,0.0187619683187,0.0261445716859,-0.0841474351152,-0.120926769115,-0.00620926195405
1495799572710807921,-0.03710688295,0.0876104891507,-1.5430746594,0.052679960868,0.0127751871869,0.0271500618011,-0.0881086641027,-0.0823400874105,-0.00644806301732
1495799572762924321,-0.0487461324028,0.0890703928161,-1.50718039311,0.0202988648918,0.0389259357478,0.0415042912874,-0.0339504023722,-0.25088986213,-0.00985715198995
1495799572812818868,-0.049373591345,0.089942624936,-1.50687989108,0.00984878884219,0.0493376905074,0.0468291069174,-0.0164723666004,-0.317996886431,-0.011121780667
1495799572861701203,-0.0379152652393,0.0996448346145,-1.50534117049,-0.0188844191201,0.0264359447615,0.0429244417629,0.0315847034358,-0.170387953663,-0.010194433718
1495799572911084712,-0.0384732659746,0.0988789556611,-1.50541478702,-0.0281781197959,0.0172934212411,0.0414630157094,0.0471286700149,-0.111461522699,-0.00984734915673
1495799572961270566,-0.0208592322818,0.088659615255,-1.52266837241,-0.0166664881548,0.0346029679653,0.053226099499,0.0278751537094,-0.223026979193,-0.0126410483427
1495799573012661948,-0.0206369273362,0.0892390095806,-1.52245566967,-0.0129643505045,0.0415194471385,0.0576432178621,0.0216832280262,-0.267605856306,-0.0136901014819
1495799573061730545,-0.0235482449806,0.0926841868855,-1.46269405159,0.000654205909383,0.0225773595153,0.0561463942754,-0.00109417713632,-0.145518161792,-0.0133346101064
1495799573111117414,-0.0232839137706,0.092051566584,-1.46267972776,0.00505668738678,0.0150257073581,0.0555183228858,-0.0084574468753,-0.0968453956225,-0.0131854449248
1495799573162384268,-0.0318417105658,0.089131083188,-1.46505245894,0.0302861645089,0.0337161539683,0.0670738439145,-0.0506544320024,-0.217311184899,-0.0159298485412
1495799573211353622,-0.0313518372483,0.0897552114389,-1.46483302904,0.0384451496844,0.0411664227374,0.071396308094,-0.0643005561149,-0.265330503341,-0.016956421579
1495799573261935756,-0.0327105999608,0.0924725319561,-1.44233880585,0.0136392652043,0.024629811858,0.0698213364367,-0.0228120411764,-0.15874686074,-0.0165823702574
1495799573311493175,-0.0331916976082,0.091920302065,-1.44235277257,0.00562663081879,0.0180377959512,0.0692067812032,-0.00941069273163,-0.116259251124,-0.0164364151247
1495799573362255497,-0.0333470962415,0.0917004657429,-1.45346372587,0.00303848255996,0.0154136349305,0.0689643258504,-0.00508194453539,-0.0993457104711,-0.016378832663
1495799573410879345,-0.0343341320217,0.0832882399843,-1.44611183285,-0.0154013327703,0.0428808582516,0.0822960524483,0.0257591469969,-0.276380577835,-0.0195450800868
1495799573463430583,-0.0116202050103,0.0790279019459,-1.41932941791,-0.0311724835632,0.0352948243954,0.0899820264063,0.0521368246724,-0.227486210835,-0.0213704771998
1495799573510879838,-0.0119274076237,0.0787755811079,-1.41916307643,-0.0362893706025,0.032282997399,0.0928245282483,0.0606949571,-0.208074041406,-0.0220455633613
1495799573562119038,-0.0178355693852,0.0931016778523,-1.40972647009,-0.0177561460058,0.0308721659137,0.0981860748998,0.0296976360348,-0.198980790081,-0.0233189155522
1495799573611460858,-0.0174757365518,0.0930519788451,-1.40961708229,-0.0117630309355,0.0302785241425,0.100179535771,0.0196739884474,-0.195154582714,-0.0237923568804
1495799573662912792,-0.0194883277876,0.0887218952584,-1.46394896857,0.015539676153,0.00906166373252,0.0971099046357,-0.0259905300586,-0.0584052642754,-0.0230633281531
1495799573712626799,-0.0189586077695,0.0880148050219,-1.46404677586,0.0243621794462,0.000621277486386,0.096024695092,-0.0407464062287,-0.0040043282174,-0.0228055939507
1495799573762439554,-0.0243233391473,0.0842681363956,-1.41644655846,0.0473982070948,0.00530064266659,0.0994260962122,-0.0792747875886,-0.0341643041399,-0.0236134171126
1495799573811190653,-0.0238761934443,0.0844249470782,-1.41634724218,0.0548455037327,0.00717258570298,0.100643048063,-0.0917305933093,-0.0462295640057,-0.0239024397411
1495799573862624428,-0.0374464039836,0.0868601683219,-1.37266351545,0.0484364403908,-0.00280631402999,0.0941793451251,-0.0810112609502,0.0180875739157,-0.0223673285441
1495799573911052378,-0.0375699593794,0.0865267832328,-1.37275580179,0.0463788938189,-0.00678598210531,0.0917129641343,-0.0775699584741,0.0437377825892,-0.0217815700228
1495799573962397733,-0.0261559348141,0.0837700722335,-1.31854265801,0.00896621595545,0.00284101134144,0.0871010061215,-0.0149962394974,-0.0183112089682,-0.020686243017
1495799574011345996,-0.0268822938031,0.0840917752037,-1.31859193725,-0.00313148337754,0.00668123919277,0.0853147810734,0.00523749092651,-0.043062681673,-0.0202620196116
1495799574060233425,-0.0343497818551,0.0833303013512,-1.30180348475,-0.0241312639104,0.00747644662818,0.0846664041727,0.0403601937287,-0.0481880429521,-0.0201080319284
1495799574111487713,-0.034756705931,0.0833569725133,-1.30180382182,-0.0309084221244,0.00779483962096,0.0844047753999,0.0516951747501,-0.0502401856309,-0.0200458958336
1495799574160184265,-0.026051520852,0.0855390830586,-1.27211971352,-0.0512096900347,0.0347497591222,0.0811247527055,0.0856495962361,-0.223973094229,-0.0192668997051
1495799574210469855,-0.026445807123,0.0864380132654,-1.27216114,-0.0577766798984,0.0454801881896,0.0798645628752,0.0966330649883,-0.293134074373,-0.0189676081787
1495799574261455807,-0.0263203333224,0.0895527472205,-1.29667157386,-0.050578436202,0.0256168599747,0.0745410036364,0.0845938070707,-0.165108695367,-0.017703277891
1495799574310300628,-0.0261807118548,0.088889451035,-1.2967910727,-0.0482530490645,0.017699040146,0.0725790266878,0.0807045339804,-0.114075863733,-0.0172373139055
1495799574360578049,-0.0261356128318,0.0886254006422,-1.3118453634,-0.0475019294722,0.0145471008223,0.071828497382,0.0794482660795,-0.0937606264196,-0.0170590653145
1495799574410573513,-0.0182442516336,0.0888661209653,-1.28854882915,-0.0249892426218,0.0189016575309,0.0764163715112,0.0417951864061,-0.121827109891,-0.018148672466
1495799574461766263,-0.012978246724,0.0846603359391,-1.32319076396,0.010756224928,0.00380019847199,0.0748485742244,-0.0179900780786,-0.0244934708026,-0.0177763250372
1495799574512701023,-0.0122851678403,0.0841572586323,-1.32324567397,0.0222993219368,-0.00220489828932,0.0743022118441,-0.0372962210654,0.0142112608776,-0.0176465655145
1495799574562930176,-0.0222135177036,0.0837063888966,-1.30420764412,0.0798623489266,0.0195450503628,0.0810884992192,-0.133571945766,-0.125973978445,-0.0192582896045
1495799574612464332,-0.0210963743617,0.0844321421379,-1.30406408795,0.0984685161244,0.02820834519,0.083603555164,-0.164691265311,-0.181811630207,-0.0198556082899
1495799574662936186,-0.0383602554007,0.0876181520059,-1.29355768383,0.0847877224956,0.0211779709942,0.069010216876,-0.141809766718,-0.136498663959,-0.016389731652
1495799574713572310,-0.0386246565874,0.0873830045262,-1.29382939982,0.0803844669573,0.0183709404038,0.0635428145259,-0.134445202341,-0.118406471587,-0.0150912390315
1495799574763142018,-0.0416633930484,0.092565885193,-1.28446536338,0.0297747062189,0.0355538587749,0.0647264211602,-0.0497990041331,-0.229155768637,-0.0153723422652
1495799574812387947,-0.0426449288666,0.093138229593,-1.28443598023,0.0134273280923,0.0423857672046,0.0651581464438,-0.0224575706053,-0.273189560789,-0.015474875801
1495799574861489929,-0.0428838732668,0.0925191834345,-1.29551132623,-0.0524277054516,0.0255956503865,0.056193986105,0.0876867600734,-0.16497199292,-0.0133459130316
1495799574910955296,-0.0441612883769,0.0919591074646,-1.29569083483,-0.0737029948487,0.0189100663369,0.0528556567933,0.123270258927,-0.121881307282,-0.0125530692461
1495799574960961307,-0.0308709282827,0.0860680343199,-1.22628875847,-0.0743491644541,0.0325739606463,0.0549038971559,0.124350995127,-0.209949390774,-0.0130395205488
1495799575012711881,-0.0308842115892,0.0865250003291,-1.22619966196,-0.0745706551877,0.0380289017728,0.0555900061001,0.12472144439,-0.245108196873,-0.0132024694858
1495799575061152052,-0.0157976931284,0.0781511079851,-1.19618535487,-0.0445992223559,0.0214051037758,0.0489122021436,0.0745934096582,-0.137962605959,-0.0116165099015
1495799575111187257,-0.0152171701531,0.077598003506,-1.19629156666,-0.0349309297047,0.0148029475941,0.0463814578364,0.0584229278351,-0.0954096390918,-0.0110154652743
1495799575161791735,-0.0275120909949,0.0856653770778,-1.17382108036,-0.0147347594322,0.0358464418666,0.0513578785456,0.0246442850004,-0.23104155841,-0.0121973511414
1495799575210729521,-0.027119641011,0.086365997593,-1.17370969136,-0.00819828321071,0.0442094983831,0.0531924253559,0.0137118511428,-0.284944080112,-0.0126330508288
1495799575265450865,-0.0187571582757,0.093100556583,-1.19940244948,0.028091327396,0.0290204809941,0.0543846237501,-0.0469835073707,-0.18704610013,-0.0129161945812
1495799575311266678,-0.0180536988794,0.0925925512872,-1.19939810755,0.0398072513273,0.0229562634912,0.0548597560952,-0.0665787080754,-0.147960316732,-0.0130290371716
1495799575360787081,-0.0178264779086,0.0923903164469,-1.25621094665,0.0435915932314,0.0205422093449,0.054972170018,-0.0729081226038,-0.132400980769,-0.0130557351608
1495799575411960768,-0.0303837518063,0.0901024689492,-1.254465938,0.0608515898258,0.0393280754291,0.0566895224573,-0.101775935284,-0.253481778477,-0.0134636015161
1495799575460308817,-0.0274128280896,0.0895023259264,-1.24727440253,0.0503925400801,0.0309620555865,0.053585394102,-0.0842828907623,-0.199560157209,-0.0127263797964
1495799575510494248,-0.0276158758619,0.0892233100965,-1.24732863499,0.0470107304798,0.0276314728309,0.0524167474113,-0.0786267224352,-0.178093506959,-0.0124488295072
1495799575560736040,-0.045246346357,0.0845108889077,-1.25482851178,0.0153552960081,0.0292216169794,0.0530434539531,-0.0256821492628,-0.188342484627,-0.0125976705413
1495799575612677354,-0.045859391494,0.084564807211,-1.25482191099,0.00514539749704,0.0298653645667,0.0532863317529,-0.008605816942,-0.192491639691,-0.012655353333
1495799575661692036,-0.0351255233104,0.0848138061533,-1.18060479398,-0.0374897240417,0.0240259139662,0.0464936572799,0.0627025808005,-0.15485454946,-0.0110421123253
1495799575713120082,-0.0359531467517,0.084618931641,-1.18068142245,-0.0512739653011,0.0216996992607,0.0438692896524,0.0857570983632,-0.139861366238,-0.0104188324239
1495799575768331293,-0.0376563538021,0.0962872362349,-1.19630143909,-0.073330690133,0.025188982277,0.0455506942864,0.122647569188,-0.162350889433,-0.0108181612769
1495799575810402846,-0.0380841049766,0.0964015133229,-1.19628049307,-0.0804548346106,0.0265527873215,0.0461971550431,0.134562894151,-0.171141040601,-0.0109716938812
1495799575862346461,-0.016558521803,0.0926330413548,-1.24482490317,-0.0532244516306,0.00831089004708,0.0538877390428,0.0890193396787,-0.0535662924482,-0.0127981858662
1495799575914470062,-0.0160315315435,0.0920251054967,-1.24471263303,-0.0444478689916,0.00105408982751,0.0568183320927,0.0743402670491,-0.00679393947547,-0.0134941934408
1495799575967073539,-0.00314141289388,0.0890987391612,-1.21503068714,0.00758386912401,0.00474325674483,0.0670605242302,-0.0126842269097,-0.0305717770914,-0.0159266851537
1495799576011247868,-0.00213284947125,0.0892223621702,-1.21481334304,0.0243811997304,0.00621901790634,0.0708552800282,-0.0407782181701,-0.0400835205404,-0.016827928941
1495799576061297181,-0.0364629304255,0.0871323395316,-1.21178121208,0.0691213871947,0.00192477679132,0.0738851415096,-0.115607395797,-0.0124057899836,-0.0175475124877
1495799576110642143,-0.0355931436728,0.086989448784,-1.21172105009,0.0836083143704,0.000219153055917,0.0750143031786,-0.139837174623,-0.0014125101665,-0.0178156851958
1495799576161665180,-0.0353121813083,0.0869325681505,-1.21169939828,0.0882877136629,-0.000459824557826,0.0754363431587,-0.147663596923,0.00296371346509,-0.0179159184994
1495799576212022634,-0.0259735538548,0.0810048258532,-1.12875721404,0.0675455375557,0.0292501943253,0.0676485404766,-0.112971744513,-0.188526674583,-0.016066337352
1495799576262976669,-0.0346607156185,0.08766863524,-1.12682563914,0.0276926440129,0.0262336609392,0.0635723904141,-0.0463166985936,-0.169084170997,-0.0150982632214
1495799576311254946,-0.0354332757946,0.0875667686189,-1.12690225488,0.0148258558478,0.0250175037967,0.0620464085628,-0.0247966462276,-0.161245656856,-0.0147358468405
1495799576362819742,-0.0356828168564,0.0875262111425,-1.13842475835,0.0106697751225,0.0245333738404,0.0614628587579,-0.017845488433,-0.158125287476,-0.0145972554095
1495799576411495485,-0.0303916760973,0.0845369361648,-1.12941204177,-0.0160364471039,0.0338441611663,0.0687729469625,0.0268213929547,-0.21813623143,-0.0163333807175
1495799576462006520,-0.0309100105615,0.0848481318144,-1.12687123101,-0.0246693880883,0.037558969903,0.0714980549518,0.0412602210192,-0.242079338612,-0.0169805861704
1495799576511264739,-0.0353769992483,0.0922659675019,-1.14800005887,-0.0347102814348,0.0217406728807,0.067665127421,0.058053887616,-0.140125454067,-0.0160702767044
1495799576561366641,-0.0293033407404,0.0976273359731,-1.17689261204,-0.0358729344739,0.0256790182225,0.0726560220951,0.0599984563744,-0.165509324765,-0.0172556000973
1495799576610565914,-0.0293262357728,0.0977577524996,-1.17681787579,-0.0362543680886,0.0272356493836,0.0745548712164,0.0606364144456,-0.17554230072,-0.0177065714021
1495799576660218108,-0.0112885420988,0.0926738183323,-1.19531809773,-0.0192750928533,0.00882373468031,0.0843561530892,0.0322381158561,-0.0568717369251,-0.0200343481721
1495799576710332298,-0.0109602019561,0.092060451253,-1.19514383395,-0.0138069517493,0.00150213776436,0.0880413300405,0.0230925014734,-0.0096817489255,-0.0209095672927
1495799576760907934,-0.0256143150354,0.08160699463,-1.1879048639,0.0210800755351,0.0256321267111,0.0931792984716,-0.0352569983725,-0.16520709427,-0.0221298202876
1495799576812596354,-0.0249367649233,0.0824139907796,-1.18780133476,0.0323649279673,0.0352654845846,0.0950916999498,-0.0541312202969,-0.227297106553,-0.0225840102388
1495799576860955437,-0.0234398891608,0.084895884642,-1.09035024287,0.0572383117913,0.0288634913267,0.0905577863003,-0.0957326297198,-0.186034252496,-0.0215072185489
1495799576911273916,-0.0229574899745,0.0846818317643,-1.09036694076,0.0652726205705,0.026308285041,0.0887511606404,-0.109170229176,-0.169565146733,-0.0210781500559
1495799576960421646,-0.0437289029566,0.0928155017068,-1.09054958189,0.0492093267279,0.04871879526,0.091291928307,-0.0823039343224,-0.314007912491,-0.0216815752026
1495799577012624443,-0.0440393211732,0.0935617195124,-1.09050109101,0.0440397275708,0.0576261427173,0.0922419404153,-0.0736576394472,-0.371418559982,-0.0219072003959
1495799577082524255,-0.0200771591348,0.0860471077472,-1.05698455831,-0.00264981587553,0.03042974418,0.0931715104568,0.00443188895862,-0.196129243274,-0.022127970656
1495799577112767766,-0.0209841742459,0.0851410988598,-1.0569426711,-0.0177565786304,0.0196149612962,0.0934805778391,0.0296983596112,-0.126424576333,-0.0222013732866
1495799577161217363,-0.0389408363718,0.0897140148318,-1.06255489711,-0.0366319066428,0.0331216849114,0.097877994527,0.0612678579227,-0.213479645416,-0.0232457473336
1495799577212485821,-0.0393059599262,0.0901638176609,-1.06247477972,-0.0427126754685,0.0384908367948,0.0995282940456,0.0714381087946,-0.248085512941,-0.0236376888095
1495799577264343044,-0.0394238915714,0.0903428728393,-1.06244314064,-0.0446768148938,0.0406281979695,0.100145125548,0.0747231852833,-0.261861475937,-0.0237841845495
1495799577311323040,-0.0193657149567,0.0820009911165,-0.991172398796,-0.0499515918888,0.0256102312573,0.0950969669377,0.0835453929466,-0.165065971205,-0.0225852611336
1495799577361300695,-0.0194691635676,0.0815014581091,-1.01752225709,-0.0516749132092,0.0196475543739,0.0930979395672,0.0864276946198,-0.126634648939,-0.0221104977775
1495799577414370016,-0.0220910711888,0.0967675550367,-0.992128733404,-0.0356665831103,0.0436438559498,0.0977705391413,0.059653328119,-0.281298337257,-0.0232202269829
1495799577462738871,-0.0217804004559,0.0975653733426,-0.992021056923,-0.0304923244732,0.0531669634857,0.0994881585073,0.0509992401372,-0.342677751544,-0.0236281567325
1495799577513256891,-0.0163637041162,0.093477331428,-1.09310370842,0.0115672771612,0.0286617217164,0.100550150951,-0.0193465849477,-0.184733784087,-0.0238803769391
1495799577561378093,-0.0155481547774,0.0926604824459,-1.09315606313,0.0251501114395,0.018911143897,0.101063049216,-0.0420642438691,-0.121888252495,-0.0240021888289
1495799577615372600,-0.0212602758558,0.0921760468614,-1.07952624892,0.0429928163915,0.0177116008268,0.103414658045,-0.0719066520903,-0.11415682126,-0.024560689286
1495799577662844768,-0.0209138484864,0.0921361138714,-1.07947144685,0.0487626602293,0.0172349356725,0.104278120818,-0.0815568724826,-0.11108456487,-0.0247657592564
1495799577711479863,-0.0274342127792,0.0875889196153,-1.0483467399,0.0506200133584,0.0024042183566,0.100884208385,-0.0846633459932,-0.0154959412132,-0.0239597146366
