%time,field.xn,field.yn,field.xbd,field.ybd,field.xbdd,field.ybdd
1495799555140236410,-0.0357745364308,-0.0568985529244,-0.000633346207906,-1.16885316372,0.000139336159918,2.92213320732
1495799555146724806,-0.032854013145,-0.060470059514,-0.000915602664463,-1.1208063364,0.000201432587346,2.8020157814
1495799555190011103,-0.0349283367395,-0.0635333582759,-0.0155293531716,-1.19769620895,0.00341645767912,2.99424052238
1495799555239083058,-0.0293820407242,-0.0666292309761,-0.0154129518196,-1.18836677074,0.00339084956795,2.97091698647
1495799555288526703,-0.0190910566598,-0.0519186407328,0.0502630211413,-0.837191820145,-0.0110578648746,2.09297966957
1495799555338454636,-0.0159086100757,-0.0514878705144,0.0497399047017,-0.879801332951,-0.0109427794814,2.19950342178
1495799555388465812,-0.00724112289026,-0.0256971232593,0.032997187227,-0.3331130445,-0.00725938100368,0.832782626152
1495799555438496055,-0.00877363141626,-0.0227162893862,0.033130556345,-0.399444937706,-0.00728872232139,0.998612344265
1495799555488629314,-0.000347865134245,-0.0081054661423,0.0756524503231,-0.0485150106251,-0.0166435390711,0.1212875247
1495799555538472037,0.000128635030705,-0.00685043260455,0.0753137543797,-0.0910947844386,-0.0165690258145,0.227736964822
1495799555588597408,0.016041463241,-0.0182569138706,0.467299252748,-0.0816000327468,-0.102805837989,0.204000085592
1495799555638516187,0.0161077659577,-0.0202724561095,0.464176982641,-0.0827522426844,-0.102118939161,0.20688059926
1495799555689299526,-0.0126409567893,0.00220391480252,-0.269029140472,-0.112606264651,0.0591864064336,0.281515657902
1495799555738468140,-0.0145578496158,0.00586778204888,-0.263188928366,-0.10898359865,0.0579015649855,0.272459000349
1495799555788524992,-0.00967526435852,0.0135705610737,-0.304845362902,0.0646331906319,0.0670659840107,-0.161582991481
1495799555838785227,-0.0107922330499,0.0131355589256,-0.304513543844,0.043567571789,0.066992983222,-0.10891892761
1495799555890279413,0.0240871105343,-0.0073751937598,0.492447376251,0.192137479782,-0.108338423073,-0.480343699455
1495799555938497910,0.0278778411448,-0.00617806892842,0.486099392176,0.174110487103,-0.106941863894,-0.435276210308
1495799555988999510,0.0100325988606,0.0143426274881,-0.0446657910943,0.310169398785,0.00982647389174,-0.775423467159
1495799556038665045,0.0102486126125,0.0150500573218,-0.0404381230474,0.293661057949,0.00889638718218,-0.73415261507
1495799556089109445,-0.0094484211877,0.0397725626826,-0.663062155247,0.407856464386,0.145873680711,-1.01964116096
1495799556138686004,-0.0114028956741,0.0419268533587,-0.658102750778,0.394000977278,0.144782617688,-0.9850025177
1495799556188852511,0.0103112673387,0.0221400298178,-0.0657503381371,0.380517065525,0.0144650740549,-0.951292693615
1495799556238549957,0.00725769484416,0.0226760283113,-0.0704686120152,0.382152825594,0.0155030936003,-0.955381989479
1495799556294564205,0.0162420775741,0.0225379969925,0.0972093045712,0.460912376642,-0.0213860478252,-1.1522809267
1495799556338477331,0.0151173518971,0.023837024346,0.0958737060428,0.451356142759,-0.0210922155529,-1.12839031219
1495799556388826891,0.0108420141041,0.0302381925285,-0.0274167507887,0.53938794136,0.00603168550879,-1.3484698534
1495799556438756076,0.0369886755943,0.0245954059064,0.527788519859,0.593868196011,-0.116113469005,-1.48467051983
1495799556488998496,0.0388137474656,0.0256722681224,0.400142282248,0.679425179958,-0.0880312994123,-1.6985629797
1495799556538398915,0.0377786383033,0.0274697449058,0.401159018278,0.669044196606,-0.0882549807429,-1.67261040211
1495799556589053122,0.0117986639962,0.0273967925459,-0.0661904886365,0.444505274296,0.0145619073883,-1.11126303673
1495799556638454165,0.0148467915133,0.0249417778105,-0.0624679513276,0.471749603748,0.0137429498136,-1.17937397957
1495799556688677032,0.00133175670635,0.00231191492639,-0.000422117620474,-0.053886026144,9.28658773773e-05,0.13471506536
1495799556738451099,0.00016186774883,0.000353091047145,-0.000916346674785,0.00989147927612,0.00020159628184,-0.0247286967933
1495799556790754328,-0.0157763380557,-0.0119668021798,-0.139150559902,-0.372633755207,0.0306131225079,0.931584358215
1495799556838797376,-0.0145296528935,-0.0158536024392,-0.138049513102,-0.326220333576,0.0303708929569,0.815550863743
1495799556891014146,-0.018510075286,-0.0281836893409,-0.127341642976,-0.585158467293,0.0280151609331,1.46289610863
1495799556938465571,-0.0115200774744,-0.0327249839902,-0.127426922321,-0.553740501404,0.0280339252204,1.38435125351
1495799556990258957,-0.0109272357076,-0.0331020317972,-0.127426236868,-0.55755263567,0.0280337724835,1.39388155937
1495799557038517049,0.00133132073097,-0.0410588569939,-0.0260539259762,-0.697346806526,0.00573186343536,1.74336707592
1495799557088612805,-0.0101816225797,-0.0312383305281,-0.2576585114,-0.448329269886,0.0566848702729,1.12082314491
1495799557138333374,-0.00555699272081,-0.0319149456918,-0.255813717842,-0.478543639183,0.0562790185213,1.19635915756
1495799557190713845,-0.0278493389487,-0.0131723294035,-0.58221077919,0.0148136448115,0.12808637321,-0.0370341092348
1495799557238379966,-0.0297676604241,-0.0116338822991,-0.579610943794,-0.0450474396348,0.127514407039,0.112618595362
1495799557291936427,-0.0143852597103,0.0104052713141,-0.155446916819,0.291254878044,0.0341983176768,-0.72813719511
1495799557338500657,-0.0118546588346,0.0133931608871,-0.158825486898,0.25045004487,0.0349416099489,-0.626125097275
1495799557388419648,-0.00591949792579,0.022546697408,-0.0119746560231,0.407888948917,0.00263442425057,-1.01972234249
1495799557438405961,0.00280257849954,0.00966871902347,0.0846597328782,0.0955596342683,-0.0186251420528,-0.238899081945
1495799557489106821,0.000505846808665,-0.00362022058107,-0.0147704510018,-0.0993969589472,0.00324949924834,0.248492389917
1495799557538672691,0.00176328665111,-0.0215543080121,-0.0467381179333,-0.411395251751,0.010282385163,1.02848803997
1495799557588857003,0.00922657735646,-0.0462957322598,0.00965981278569,-0.856646895409,-0.00212515867315,2.14161729813
1495799557638700426,0.0173764973879,-0.0461712814867,0.00921059958637,-0.802622795105,-0.00202633184381,2.00655698776
1495799557690427184,0.0163516420871,-0.0493654496968,-0.0457030422986,-0.857094943523,0.0100546693429,2.14273738861
1495799557738454031,0.0222416128963,-0.0472422987223,-0.0452656373382,-0.850485622883,0.00995844043791,2.1262140274
1495799557788528904,0.0194700025022,-0.0318102054298,0.0436058528721,-0.552365660667,-0.00959328748286,1.38091409206
1495799557838761900,0.0214687120169,-0.0289726611227,0.0428979694843,-0.588537752628,-0.00943755358458,1.47134435177
1495799557888816657,0.0117341987789,-0.010439180769,0.0782542601228,-0.169912308455,-0.017215937376,0.424780786037
1495799557938604205,0.0112265888602,-0.00843081623316,0.0779726281762,-0.22070582211,-0.0171539783478,0.551764547825
1495799557990291644,0.00146162114106,-0.000453850370832,0.0108677810058,0.0254472140223,-0.00239091180265,-0.0636180341244
1495799558038662600,0.000634709373116,0.000234200662817,0.0114022810012,-0.00441958848387,-0.00250850175507,0.011048970744
1495799558089502447,0.00056716351537,0.000288296927465,0.0113980229944,-0.000795696862042,-0.00250756507739,0.0019892421551
1495799558138476686,0.00325788231567,-0.00813040323555,-0.0341791473329,-0.171679571271,0.00751941232011,0.429198920727
1495799558190884472,0.0235447064042,-0.0260793752968,0.117543503642,-0.656866550446,-0.0258595701307,1.6421662569
1495799558238791261,0.0266859047115,-0.0262401197106,0.116335004568,-0.59799683094,-0.0255936998874,1.49499201775
1495799558288749357,0.0269390530884,-0.026255140081,0.116344630718,-0.605139732361,-0.0255958195776,1.5128493309
1495799558338632864,0.047037974,-0.0350052043796,0.173568069935,-1.02157711983,-0.0381849780679,2.55394291878
1495799558388830450,0.0461003854871,-0.0490609109402,-0.0514050982893,-1.12282764912,0.0113091217354,2.80706906319
1495799558441661684,0.0720169022679,-0.0549737215042,-0.0460360832512,-1.56564319134,0.0101279383525,3.91410779953
1495799558489968805,0.0762417763472,-0.0526786670089,-0.0460788346827,-1.51191437244,0.0101373428479,3.77978587151
1495799558538502979,0.067139364779,-0.0638717263937,-0.396946340799,-1.47002542019,0.0873281955719,3.6750638485
1495799558588603553,0.0662244409323,-0.0649377480149,-0.394151568413,-1.47510814667,0.0867133513093,3.68777036667
1495799558638709715,0.0576694086194,-0.0413319431245,0.0271405987442,-1.08295881748,-0.00597093161196,2.7073969841
1495799558688748829,0.0569196604192,-0.0393428578973,0.0237848740071,-1.13053977489,-0.00523267220706,2.82634949684
1495799558738531487,0.0299765598029,-0.0116358855739,0.17692168057,-0.360161453485,-0.0389227680862,0.900403618813
1495799558788502437,0.00733074638993,0.000218516172026,0.0764121040702,-0.0168111231178,-0.0168106630445,0.0420278087258
1495799558838703303,0.00540645094588,0.00122898817062,0.0772126615047,-0.0584712661803,-0.0169867854565,0.146178156137
1495799558888570187,0.00524841109291,0.00130709307268,0.0772062838078,-0.0534164346755,-0.0169853810221,0.133541092277
1495799558938453694,-0.00286432052962,-0.0103281997144,-0.200983181596,-0.0815536007285,0.0442163012922,0.203883990645
1495799558988804720,0.0228641927242,-0.0178252197802,0.0530547611415,-0.560234069824,-0.0116720469669,1.40058505535
1495799559039003075,0.0234201271087,-0.0205115061253,0.0510312765837,-0.502153635025,-0.0112268803641,1.25538396835
1495799559088999379,0.0476340837777,-0.0277217980474,0.306158125401,-0.942484676838,-0.0673547908664,2.35621166229
1495799559138683351,0.0511460490525,-0.0256658997387,0.304125994444,-0.889057219028,-0.0669077187777,2.22264313698
1495799559188758783,0.0498034395278,-0.0386017635465,0.0907539948821,-1.05197966099,-0.0199658796191,2.62994933128
1495799559238612748,0.0543075837195,-0.0329840220511,0.0924535766244,-1.03221166134,-0.0203397870064,2.58052921295
1495799559291420580,0.0553284063935,-0.0353662073612,0.0524999201298,-1.07839035988,-0.0115499822423,2.69597578049
1495799559338384091,0.058509118855,-0.0301512852311,0.05281817168,-1.07278728485,-0.0116199981421,2.68196821213
1495799559388647047,0.0570163875818,-0.0354937575758,-0.0655335262418,-1.09988081455,0.0144173754379,2.74970221519
1495799559438443112,0.0504367873073,-0.0197895411402,0.0332132540643,-0.835947573185,-0.00730691570789,2.08986878395
1495799559488605431,0.0336079150438,-0.0137060591951,-0.00348182138987,-0.531351089478,0.00076600065222,1.32837772369
1495799559538375235,0.0326694250107,-0.0119236838073,-0.00318955164403,-0.568309128284,0.000701701384969,1.42077279091
1495799559588484822,0.0325940437615,-0.0117825204507,-0.00319188344292,-0.563824772835,0.000702214369085,1.40956199169
1495799559638848907,0.0332407280803,-0.0332676209509,-0.39389654994,-0.727263212204,0.0866572409868,1.81815803051
1495799559688766148,0.0457270778716,-0.051115270704,-0.604518413544,-1.05216228962,0.132994055748,2.63040590286
1495799559739008712,0.0377963334322,-0.0594442561269,-0.602840721607,-1.01274096966,0.132624968886,2.53185224533
1495799559788688285,0.0596723295748,-0.0309092849493,0.130086526275,-1.11301708221,-0.0286190360785,2.78254294395
1495799559838605386,0.0527906194329,-0.0424375161529,0.124248556793,-1.10084962845,-0.0273346826434,2.75212430954
1495799559888597774,0.0715424865484,-0.0352275148034,0.514280974865,-1.25645673275,-0.113141812384,3.14114189148
1495799559938376170,0.0737017095089,-0.0334443040192,0.51117426157,-1.23757600784,-0.112458333373,3.09394025803
1495799559989982734,0.0636074990034,-0.0476573929191,0.161359086633,-1.29668581486,-0.0354989990592,3.24171447754
1495799560038631169,0.072464607656,-0.0324397273362,0.164145469666,-1.28951406479,-0.0361120030284,3.22378492355
1495799560089020118,0.0491991341114,-0.0353893376887,-0.145910233259,-0.914803206921,0.0321002528071,2.2870080471
1495799560139710850,0.0497472137213,-0.0321618951857,-0.143440574408,-0.96026879549,0.0315569266677,2.40067195892
1495799560188629505,0.0249214116484,-0.0225150808692,-0.182303011417,-0.424997836351,0.040106665343,1.06249463558
1495799560239431078,0.0207423102111,-0.0236590187997,-0.181993484497,-0.489944666624,0.0400385670364,1.22486162186
1495799560288630000,0.0200436636806,-0.00535394670442,0.131091460586,-0.288410574198,-0.0288401208818,0.721026420593
1495799560338446531,0.0192857217044,-0.00652635237202,0.128597617149,-0.312863379717,-0.0282914750278,0.782158434391
1495799560388799862,0.0340726524591,-0.0173223428428,0.107071749866,-0.682815253735,-0.0235557835549,1.70703804493
1495799560438791270,0.0440205074847,-0.0332578793168,-0.0213696118444,-0.955453455448,0.00470131449401,2.38863372803
1495799560488575680,0.0485488846898,-0.0291860159487,-0.0203465316445,-0.922373235226,0.00447623711079,2.30593323708
1495799560538469383,0.0592648647726,-0.0318656563759,0.0492508113384,-1.13730883598,-0.0108351791278,2.84327197075
1495799560589911819,0.06105639413,-0.0439307577908,-0.146171793342,-1.24678742886,0.0321577936411,3.11696839333
1495799560638563396,0.0637708008289,-0.0413295440376,-0.144615188241,-1.23350393772,0.0318153426051,3.0837597847
1495799560688431327,0.0639873743057,-0.0411082729697,-0.144627586007,-1.23511576653,0.0318180695176,3.0877892971
1495799560738498312,0.0527421571314,-0.0333299264312,-0.0271208845079,-0.967250883579,0.00596659444273,2.41812729836
1495799560788752886,0.0398407168686,-0.0275022555143,-0.0617335401475,-0.741893947124,0.0135813793167,1.8547347784
1495799560838725933,0.0379371568561,-0.0281477663666,-0.0614578537643,-0.769237458706,0.0135207278654,1.92309367657
1495799560888360523,0.037782933563,-0.0282029695809,-0.0614600554109,-0.765919744968,0.0135212121531,1.91479933262
1495799560938713014,0.0332056209445,-0.0240875016898,0.0031269856263,-0.646165728569,-0.000687936902978,1.61541438103
1495799560988436031,0.0328222885728,-0.0237303413451,0.00261252280325,-0.660696029663,-0.000574755016714,1.65173995495
1495799561038807240,0.0335550755262,-0.026701008901,-0.0250856503844,-0.707273483276,0.00551884295419,1.76818370819
1495799561089142694,0.0336108207703,-0.0269672684371,-0.0248650275171,-0.701622068882,0.00547030614689,1.7540551424
1495799561138496311,0.0480675622821,-0.0421275123954,-0.0660591125488,-1.11971580982,0.0145330047235,2.79928946495
1495799561188633484,0.0492885224521,-0.0434607937932,-0.0657309815288,-1.06898665428,0.0144608151168,2.67246675491
1495799561238566371,0.0687150135636,-0.0569482333958,-0.123013563454,-1.54295110703,0.0270629841834,3.85737800598
1495799561289053309,0.0703382045031,-0.058147162199,-0.122557274997,-1.48544287682,0.0269626006484,3.71360731125
1495799561338494931,0.0687846168876,-0.0565007813275,-0.0896561592817,-1.44367980957,0.0197243541479,3.60919928551
1495799561388549337,0.0615973845124,-0.0519776158035,-0.0052361949347,-1.28665328026,0.00115196290426,3.21663331985
1495799561439500722,0.0487318262458,-0.0389931499958,-0.0160058159381,-0.954370260239,0.00352127919905,2.38592576981
1495799561488660395,0.0471819266677,-0.0384248010814,-0.0159200467169,-0.99468755722,0.00350241013803,2.48671889305
1495799561538498090,0.0469091497362,-0.0282642357051,0.115513451397,-0.864193856716,-0.0254129581153,2.16048455238
1495799561588410369,0.0468963943422,-0.0273874998093,0.114466540515,-0.880027115345,-0.02518264018,2.20006775856
1495799561638454092,0.0430840067565,-0.00871169380844,0.357648193836,-0.598165333271,-0.0786826014519,1.49541330338
1495799561689310284,0.0427729971707,-0.00709681678563,0.35571116209,-0.632364630699,-0.0782564580441,1.58091163635
1495799561738943410,0.0307999104261,-0.00392887089401,0.21646592021,-0.423376113176,-0.0476225055754,1.05844032764
1495799561789020939,0.0297699961811,-0.00363812339492,0.21757504344,-0.448733597994,-0.04786651209,1.12183403969
1495799561838909611,0.0243301670998,-0.0136122591794,-0.0610175281763,-0.451931923628,0.0134238563478,1.12982988358
1495799561888356194,0.023852083832,-0.0144697567448,-0.0587984398007,-0.451544046402,0.0129356570542,1.128860116
1495799561938481703,0.0225999057293,-0.0431854948401,-0.563384354115,-0.691025853157,0.123944558203,1.72756457329
1495799561988536743,0.0224547795951,-0.045658942312,-0.559365153313,-0.661968827248,0.123060330749,1.65492212772
1495799562038732580,0.0336304344237,-0.0527645871043,-0.34008666873,-1.03383862972,0.0748190656304,2.58459687233
1495799562088345659,0.0345964021981,-0.0534058138728,-0.341833263636,-0.988717913628,0.0752033144236,2.47179484367
1495799562138559172,0.0502193309367,-0.051949262619,-0.0253413207829,-1.21969199181,0.00557509018108,3.04923009872
1495799562188458044,0.0516100004315,-0.0518042966723,-0.0278622433543,-1.1916667223,0.00612969323993,2.97916674614
1495799562238884850,0.053910009563,-0.0562816634774,-0.0381313711405,-1.29045450687,0.00838890112936,3.22613620758
1495799562289270094,0.0540972724557,-0.0566701218486,-0.0380495749414,-1.27846813202,0.00837090611458,3.19617033005
1495799562339044020,0.0614915452898,-0.0449219942093,0.199012607336,-1.22256159782,-0.0437827706337,3.05640411377
1495799562390690745,0.0514597371221,-0.0486075244844,-0.017861565575,-1.13891613483,0.00392954424024,2.84729003906
1495799562439033484,0.0611161962152,-0.0127523122355,0.570690393448,-0.855838596821,-0.125551894307,2.13959670067
1495799562488420073,0.03687755391,-0.0197952128947,-0.0224029812962,-0.630424320698,0.00492865592241,1.57606077194
1495799562538748675,0.0295577179641,-0.0101929213852,0.0774736180902,-0.472164571285,-0.0170441959053,1.18041133881
1495799562588591957,0.0289454720914,-0.0093599781394,0.0766780599952,-0.491366803646,-0.0168691743165,1.22841703892
1495799562638503891,0.00885402411222,-0.021056747064,-0.321954071522,-0.218043997884,0.070829898119,0.545110046864
1495799562688691909,0.00710777612403,-0.022042343393,-0.318778842688,-0.251207709312,0.0701313465834,0.628019332886
1495799562738527086,-0.000627332250588,-0.043904889375,-0.695181727409,-0.437221497297,0.152939990163,1.09305369854
1495799562788408845,-0.00131562899332,-0.0457829125226,-0.692183613777,-0.414651930332,0.152280390263,1.03662979603
1495799562838505024,0.0296577867121,-0.045778427273,-0.0835389941931,-0.974989950657,0.0183785781264,2.43747472763
1495799562888353471,0.0323472060263,-0.0458568148315,-0.0883870124817,-0.907001435757,0.01944514364,2.26750349998
1495799562938589820,0.0543864034116,-0.063175149262,0.0338126160204,-1.46530461311,-0.00743877561763,3.66326141357
1495799562988393844,0.0562772452831,-0.0646814405918,0.0328392758965,-1.39756321907,-0.007224640809,3.49390792847
1495799563038655053,0.0696734786034,-0.0624434947968,0.0687667131424,-1.55857944489,-0.0151286767796,3.89644861221
1495799563089024102,0.0707799643278,-0.0622721835971,0.0684805437922,-1.53904259205,-0.0150657203048,3.8476061821
1495799563138731190,0.0701475292444,-0.043604798615,0.242740228772,-1.28691852093,-0.0534028485417,3.21729660034
1495799563188645081,0.0701088607311,-0.0419749878347,0.241352200508,-1.31750965118,-0.053097486496,3.29377412796
1495799563238542553,0.0547030717134,-0.0126066114753,0.409134536982,-0.740055859089,-0.0900095999241,1.85013961792
1495799563288487034,0.0533955693245,-0.0100647304207,0.407798081636,-0.810120642185,-0.089715577662,2.02530145645
1495799563338431934,0.0148402610794,-0.019435280934,-0.242308229208,-0.251819312572,0.0533078089356,0.629548251629
1495799563388467837,0.0115098524839,-0.0202169101685,-0.237129956484,-0.319560736418,0.0521685928106,0.798901855946
1495799563438851827,-0.00545391999185,-0.0273960381746,-0.495732903481,-0.139472439885,0.109061233699,0.348681092262
1495799563489523560,0.00339047540911,-0.00926044210792,-0.0384630486369,-0.136105716228,0.00846187025309,0.340264290571
1495799563538776127,0.0123330056667,-0.0259216632694,-0.12819558382,-0.525582790375,0.0282030273229,1.31395697594
1495799563588556618,0.0130898505449,-0.0273734647781,-0.127480819821,-0.478325903416,0.0280457809567,1.19581484795
1495799563638623882,0.0381866432726,-0.0560576692224,-0.0908136814833,-1.24655926228,0.0199790112674,3.11639809608
1495799563689623100,0.0403280891478,-0.0585495904088,-0.0911057293415,-1.15334630013,0.0200432594866,2.88336586952
1495799563738408423,0.0614563114941,-0.0724961459637,0.064270593226,-1.64217364788,-0.0141395293176,4.10543394089
1495799563788452011,0.0670849457383,-0.0701215863228,0.063032977283,-1.58286213875,-0.013867254369,3.95715546608
1495799563838418979,0.0808495655656,-0.057048432529,0.310944229364,-1.60177648067,-0.0684077292681,4.00444126129
1495799563888699956,0.0820163935423,-0.0559012889862,0.308969557285,-1.59948134422,-0.0679733008146,3.99870347977
1495799563938930221,0.0701634958386,-0.0202787648886,0.459592819214,-1.01927649975,-0.101110421121,2.54819130898
1495799563988416963,0.0691553279757,-0.0171811114997,0.458393037319,-1.08967494965,-0.100846469402,2.72418737411
1495799564038462853,0.0151973878965,-0.00750953936949,-0.0253257788718,-0.0874638333917,0.00557167129591,0.218659579754
1495799564089640171,0.0105543080717,-0.00665534613654,-0.0214728619903,-0.209066674113,0.00472402945161,0.522666692734
1495799564138637393,-0.0279687959701,-0.0220052413642,-0.672115683556,0.27946767211,0.147865444422,-0.698669135571
1495799564188625800,-0.0312886945903,-0.0232970137149,-0.666933178902,0.220191255212,0.146725296974,-0.550478100777
1495799564239095280,-0.00604317244142,-0.01334299054,-0.168658971786,-0.188422292471,0.0371049717069,0.471055746078
1495799564288340788,-0.00385157880373,-0.0125552648678,-0.172627836466,-0.138843148947,0.0379781275988,0.347107887268
1495799564338690280,0.0270506851375,-0.0511447191238,-0.0806250199676,-1.12346041203,0.0177375040948,2.80865073204
1495799564388593129,0.0472048483789,-0.0727721229196,0.0143268471584,-1.50158715248,-0.00315190618858,3.75396776199
1495799564438930465,0.0601929016411,-0.0762405022979,0.0135705461726,-1.61861145496,-0.00298552005552,4.04652881622
1495799564489938074,0.0742706954479,-0.0811826735735,0.0107716107741,-1.84606277943,-0.00236975448206,4.61515712738
1495799564538841986,0.0836308524013,-0.062810651958,0.302813202143,-1.66381955147,-0.0666189044714,4.15954875946
1495799564588733877,0.0844330862164,-0.0611831881106,0.300487011671,-1.6859318018,-0.0661071464419,4.21482944489
1495799564638919514,0.0704116076231,-0.0263390243053,0.372754693031,-1.0721808672,-0.0820060297847,2.68045210838
1495799564688570453,0.0692051872611,-0.0233338866383,0.372179031372,-1.14664959908,-0.0818793848157,2.86662387848
1495799564738687860,0.0156498905271,-0.0289617236704,-0.391133397818,-0.281301021576,0.0860493481159,0.703252613544
1495799564788697573,0.0110290860757,-0.0294138900936,-0.38505345583,-0.386297941208,0.0847117602825,0.965744912624
1495799564843993781,-0.00723201874644,-0.00588651373982,-0.154652431607,0.124637931585,0.0340235382318,-0.311594843864
1495799564888544693,-0.00876470468938,-0.00383801246062,-0.156487673521,0.0626440271735,0.0344272889197,-0.156610071659
1495799564938975342,0.000370871886844,-0.0146906394511,-0.139901250601,-0.258898228407,0.0307782758027,0.647245585918
1495799564988611471,0.00114249659237,-0.0156477373093,-0.140033349395,-0.21988414228,0.030807338655,0.549710392952
1495799565038524106,0.02803228423,-0.0482614040375,-0.0926714763045,-1.06264281273,0.0203877240419,2.65660691261
1495799565088464740,0.0303433425725,-0.0510945729911,-0.0930487066507,-0.960387408733,0.0204707141966,2.40096855164
1495799565138566990,0.0563285499811,-0.0724480003119,0.078388184309,-1.61792623997,-0.017245400697,4.04481554031
1495799565188429550,0.0622803643346,-0.0709108039737,0.0770226791501,-1.53814435005,-0.016944989562,3.8453605175
1495799565239694588,0.0789904147387,-0.0525752007961,0.317513138056,-1.52850019932,-0.0698528960347,3.82125043869
1495799565288612123,0.0804212242365,-0.050957467407,0.315597593784,-1.52967011929,-0.0694314688444,3.8241751194
1495799565345188173,0.0490376353264,-0.0422664470971,0.01399678085,-0.950345933437,-0.00307929189876,2.3758649826
1495799565391960176,0.0321771837771,-0.025327494368,-0.050953079015,-0.590986728668,0.0112096769735,1.47746682167
1495799565438533839,0.0152938403189,-0.0235104635358,-0.213442593813,-0.373943299055,0.0469573698938,0.934858262539
1495799565488465400,0.00378155312501,-0.00677565811202,-0.0339056141675,-0.0557800382376,0.00745923537761,0.139450073242
1495799565538414976,0.0044425111264,-0.0102356281132,-0.085210300982,-0.184867233038,0.0187462661415,0.462168097496
1495799565588409739,0.0039511048235,-0.0107588861138,-0.0848016366363,-0.169204518199,0.0186563599855,0.42301133275
1495799565638791010,0.0165086872876,-0.0230447053909,-0.0731394588947,-0.521846652031,0.0160906817764,1.30461668968
1495799565688438384,0.0159240309149,-0.0252142567188,-0.0732323378325,-0.479059159756,0.016111113131,1.19764792919
1495799565738460670,0.0353759154677,-0.0442912653089,-0.0150475939736,-1.0238931179,0.00331047060899,2.55973267555
1495799565788458224,0.0362165793777,-0.0465147010982,-0.0155110340565,-0.957786083221,0.00341242738068,2.39446520805
1495799565838488398,0.0500036925077,-0.0599082224071,0.0332865566015,-1.34397220612,-0.00732304248959,3.35993051529
1495799565888414793,0.0541252754629,-0.058345284313,0.0328978858888,-1.29711461067,-0.00723753450438,3.24278664589
1495799565940728497,0.054443590343,-0.0585362687707,0.0279310997576,-1.30768144131,-0.00614484166726,3.26920366287
1495799565988404394,0.0603533014655,-0.0525134168565,0.0279706623405,-1.30639922619,-0.00615354534239,3.26599788666
1495799566038433935,0.0519840456545,-0.0448833182454,0.0168418213725,-1.07929646969,-0.00370520050637,2.69824123383
1495799566089387553,0.052058249712,-0.0433568023145,0.0169304572046,-1.10685169697,-0.00372470053844,2.76712942123
1495799566138799285,0.039893373847,-0.0345289744437,-0.00841563660651,-0.805217444897,0.00185143994167,2.01304364204
1495799566188771074,0.0386194363236,-0.0341042205691,-0.00821375753731,-0.841816008091,0.00180702668149,2.10454010963
1495799566240713085,0.0289748609066,-0.0306427143514,-0.0812522172928,-0.648465931416,0.0178754888475,1.62116479874
1495799566288287845,0.0272145923227,-0.0311750657856,-0.0806704610586,-0.671925961971,0.0177475009114,1.67981481552
1495799566338906087,0.0307837631553,-0.0292909499258,-0.00169664761052,-0.697167992592,0.000373262446374,1.74291992188
1495799566390984637,0.030761981383,-0.0315477922559,-0.0132114617154,-0.723221719265,0.00290652178228,1.80805420876
1495799566440273587,0.0351126864552,-0.0381279438734,-0.0527954250574,-0.871262609959,0.0116149941459,2.17815637589
1495799566488387524,0.0339590981603,-0.0399881117046,-0.0524801239371,-0.853300213814,0.0115456264466,2.13325071335
1495799566538608434,0.0429433993995,-0.0536614991724,-0.105498805642,-1.17691361904,0.0232097376138,2.94228434563
1495799566589078474,0.0446279756725,-0.0540079027414,-0.105076491833,-1.13764834404,0.0231168288738,2.84412097931
1495799566638671581,0.0473602488637,-0.0734613314271,-0.339290231466,-1.45682156086,0.0746438503265,3.64205384254
1495799566688412056,0.0474598482251,-0.0751562789083,-0.337424635887,-1.41809511185,0.0742334201932,3.5452375412
1495799566738468626,0.0732414722443,-0.0454882271588,0.448953658342,-1.35859942436,-0.0987698063254,3.39649868011
1495799566788628079,0.075022444129,-0.0441550575197,0.442689955235,-1.36581790447,-0.0973917841911,3.41454482079
1495799566839117252,0.043649662286,-0.0459870025516,-0.0415819399059,-0.960178971291,0.00914802681655,2.40044736862
1495799566888893485,0.0458246134222,-0.0413898266852,-0.0377246066928,-1.00939714909,0.00829941313714,2.52349281311
1495799566938889856,0.0378767922521,-0.0353254340589,-0.0540930256248,-0.80568510294,0.0119004650041,2.01421284676
1495799566988613773,0.0340663678944,-0.0378425121307,-0.0539626516402,-0.830402374268,0.0118717839941,2.07600593567
1495799567040506897,0.0372328162193,-0.0506914295256,-0.182427287102,-1.05550336838,0.0401340015233,2.63875842094
1495799567088661834,0.0341016352177,-0.0540059544146,-0.181404024363,-1.02819108963,0.0399088859558,2.57047748566
1495799567138935827,0.0505738221109,-0.0640762075782,-0.0558958761394,-1.39918363094,0.0122970929369,3.49795937538
1495799567188439465,0.0491491518915,-0.0670000389218,-0.0568955726922,-1.35416948795,0.0125170256943,3.3854238987
1495799567239500705,0.0601802356541,-0.0703059062362,0.0812377408147,-1.54662084579,-0.0178723037243,3.86655235291
1495799567289116167,0.0629879012704,-0.0688937082887,0.0801374688745,-1.52326989174,-0.0176302436739,3.80817484856
1495799567338771433,0.0657928213477,-0.0647552683949,0.17213845253,-1.49760401249,-0.0378704592586,3.74401021004
1495799567388508555,0.0583377294242,-0.0664229691029,-0.0467824339867,-1.43136620522,0.0102921361104,3.57841587067
1495799567438576160,0.0514040254056,-0.0684890300035,-0.220261290669,-1.37598264217,0.0484574846923,3.43995642662
1495799567488574140,0.0500090271235,-0.0693098753691,-0.218879505992,-1.38270258904,0.0481534898281,3.4567565918
1495799567539603257,0.0475201569498,-0.0737274587154,-0.311366379261,-1.41197109222,0.0685006007552,3.52992773056
1495799567588491807,0.0385331921279,-0.0789660140872,-0.310629695654,-1.4084199667,0.0683385357261,3.52104997635
1495799567638725638,0.0584251359105,-0.0745964795351,0.0796225965023,-1.57934272289,-0.0175169706345,3.94835662842
1495799567688359670,0.0516022890806,-0.0802858322859,0.0765141397715,-1.55860376358,-0.0168331097811,3.89650964737
1495799567738503062,0.0590969882905,-0.0843755304813,0.181477889419,-1.70444417,-0.0399251319468,4.26111078262
1495799567788452638,0.058797750622,-0.0853108912706,0.180641815066,-1.68674874306,-0.0397411994636,4.21687173843
1495799567838940626,0.0624915584922,-0.0870043188334,0.230256617069,-1.75373911858,-0.050656452775,4.38434743881
1495799567889015914,0.065089777112,-0.0854663029313,0.229861423373,-1.74561083317,-0.0505695156753,4.36402702332
1495799567938487637,0.054876010865,-0.0878241881728,0.0260430332273,-1.68326675892,-0.00572946714237,4.20816707611
1495799567988440781,0.0566095262766,-0.0864711403847,0.0276665017009,-1.69083118439,-0.00608663028106,4.22707796097
1495799568038545615,0.0519242547452,-0.0835517197847,-0.0230361837894,-1.59034180641,0.00506796035916,3.97585487366
1495799568088592833,0.0467337891459,-0.0860755294561,-0.0226323287934,-1.60253465176,0.00497911218554,4.006336689
1495799568138703041,0.0447872281075,-0.0836598351598,-0.02326194942,-1.54009866714,0.00511762918904,3.85024666786
1495799568188895808,0.040488820523,-0.0855504050851,-0.0232569370419,-1.54767429829,0.00511652603745,3.86918568611
1495799568238865432,0.044780485332,-0.0864158198237,0.0542307719588,-1.59988248348,-0.0119307702407,3.99970626831
1495799568288708643,0.0387891493738,-0.089441947639,0.0536135584116,-1.59354794025,-0.0117949834093,3.98386955261
1495799568338934303,0.0352353826165,-0.101110167801,-0.0860980600119,-1.78560650349,0.0189415737987,4.46401643753
1495799568388870258,0.0351819768548,-0.107882700861,-0.0163819212466,-1.87781345844,0.00360402255319,4.69453382492
1495799568441004194,0.0410036109388,-0.113181822002,-0.0168935190886,-1.9942278862,0.00371657405049,4.98556995392
1495799568488612554,0.0314144603908,-0.116631485522,-0.0168894417584,-1.98010265827,0.00371567695402,4.95025682449
1495799568538428040,0.032645303756,-0.127574026585,-0.0322582311928,-2.19944739342,0.00709681026638,5.49861812592
1495799568588433277,0.0298024844378,-0.129033640027,-0.0321358144283,-2.17283320427,0.00706987967715,5.43208312988
1495799568638465756,0.0326760038733,-0.130208581686,0.0232687946409,-2.21163487434,-0.00511913513765,5.52908706665
1495799568688729065,0.0339353494346,-0.130146086216,0.022827481851,-2.20692706108,-0.00502204615623,5.51731777191
1495799568739416026,0.0298435948789,-0.118812128901,-0.00312076625414,-1.96607589722,0.000686568615492,4.91518974304
1495799568789003828,0.0249736700207,-0.11909404397,-0.00291408761404,-1.99529933929,0.000641099293716,4.98824834824
1495799568838900811,0.0274197477847,-0.106731265783,0.102997288108,-1.75932264328,-0.0226594042033,4.39830636978
1495799568888519133,0.0196066778153,-0.107506215572,0.102153681219,-1.78795468807,-0.022473808378,4.46988677979
1495799568938553570,0.0189379509538,-0.107585608959,0.102160394192,-1.78448057175,-0.0224752873182,4.46120119095
1495799568989097708,0.0255582854152,-0.0990598648787,0.410659968853,-1.59846925735,-0.0903451964259,3.99617338181
1495799569038634104,0.0170213263482,-0.0886866301298,0.231692135334,-1.42223286629,-0.0509722679853,3.55558228493
1495799569088451329,0.00390958739445,-0.0891802087426,0.23311765492,-1.44361639023,-0.0512858852744,3.60904097557
1495799569139461381,-0.0107991117984,-0.0820279791951,-0.0559921897948,-1.33113515377,0.0123182814568,3.32783770561
1495799569188850063,-0.0275609046221,-0.0773980841041,-0.0536893345416,-1.34478294849,0.0118116531521,3.36195731163
1495799569238552686,-0.0270732175559,-0.082571066916,0.0172775872052,-1.4357008934,-0.00380106922239,3.58925247192
1495799569288741745,-0.038905095309,-0.0779621973634,0.0167123097926,-1.42466950417,-0.00367670808919,3.56167387962
1495799569341714820,-0.0509004406631,-0.0824978202581,-0.132724031806,-1.61790347099,0.0291992854327,4.04475879669
1495799569388387729,-0.0547830499709,-0.0809663683176,-0.131533741951,-1.59445750713,0.0289374236017,3.98614382744
1495799569442295840,-0.0479878671467,-0.0942546874285,-0.0690608844161,-1.76073467731,0.0151933953166,4.4018368721
1495799569490416837,-0.0585225299001,-0.0956691652536,-0.0126473940909,-1.85734701157,0.00278242654167,4.6433672905
1495799569539079793,-0.0472841672599,-0.0904972553253,-0.106337055564,-1.63105094433,0.0233941525221,4.07762718201
1495799569588625620,-0.04745047912,-0.0896931216121,-0.10559078306,-1.65850830078,0.0232299733907,4.14627075195
1495799569638706292,-0.0474335514009,-0.0896426588297,-0.105596728623,-1.65517675877,0.0232312791049,4.13794231415
1495799569688637712,-0.0465415604413,-0.0689483061433,-0.0182492304593,-1.29127836227,0.00401483057067,3.22819566727
1495799569739801970,-0.0464457981288,-0.0671758279204,-0.0189449731261,-1.33543157578,0.00416789390147,3.33857870102
1495799569788543781,-0.0535387508571,-0.057739816606,0.0561521947384,-1.27512097359,-0.0123534826562,3.18780255318
1495799569838501810,-0.062124453485,-0.0551860593259,-0.0810466185212,-1.37380945683,0.0178302563727,3.43452358246
1495799569888600989,-0.0660510212183,-0.0510756596923,-0.0799537971616,-1.36183512211,0.0175898354501,3.40458798409
1495799569940757620,-0.0650933608413,-0.0524101667106,-0.0373596549034,-1.36496269703,0.00821912381798,3.41240668297
1495799569988466549,-0.06326944381,-0.0545618794858,-0.0376989357173,-1.36458325386,0.00829376559705,3.41145801544
1495799570038709673,-0.0648941919208,-0.055268894881,-0.0540935918689,-1.39815497398,0.0119005907327,3.49538731575
1495799570088885325,-0.0651909187436,-0.0551529712975,-0.053963009268,-1.39408159256,0.0118718622252,3.48520374298
1495799570139717909,-0.0617170594633,-0.0507891960442,-0.071747764945,-1.28413248062,0.0157845076174,3.21033120155
1495799570188464051,-0.062943957746,-0.0485845170915,-0.0716061070561,-1.29747307301,0.0157533437014,3.24368262291
1495799570239303405,-0.0570379011333,-0.0504253283143,0.0369172133505,-1.22962784767,-0.00812178757042,3.07406973839
1495799570288363767,-0.059513553977,-0.0469673536718,0.036052800715,-1.23785984516,-0.00793161522597,3.09464979172
1495799570338891074,-0.0596316456795,-0.0454652346671,0.0175291653723,-1.2210944891,-0.00385641632602,3.05273652077
1495799570388604376,-0.0603535249829,-0.0394637770951,-0.0223523583263,-1.16695475578,0.0049175187014,2.91738700867
1495799570438455828,-0.062203746289,-0.0360093601048,-0.0220346823335,-1.17352378368,0.00484763039276,2.9338092804
1495799570488501369,-0.0622350759804,-0.0291638225317,-0.0250339284539,-1.10994255543,0.00550746405497,2.77485656738
1495799570538475179,-0.0622421242297,-0.028570426628,-0.0250100325793,-1.11765706539,0.0055022072047,2.79414272308
1495799570588352964,-0.0584814622998,-0.0216050911695,-0.0453469268978,-0.993441224098,0.00997632369399,2.48360300064
1495799570641038503,-0.0581589713693,-0.021021489054,-0.0451849326491,-1.00851273537,0.00994068477303,2.52128195763
1495799570688465693,-0.0477897487581,-0.0150134470314,-0.0194643717259,-0.772634088993,0.0042821620591,1.93158531189
1495799570738679340,-0.0494960397482,-0.0206751544029,0.0812049508095,-0.888984680176,-0.0178650896996,2.22246146202
1495799570788641840,-0.0508675649762,-0.0178065765649,0.0804030895233,-0.874867379665,-0.0176886804402,2.18716835976
1495799570839347726,-0.0737148746848,-0.0183301456273,-0.0168478861451,-1.32156968117,0.00370653509162,3.30392432213
1495799570888736550,-0.0763581693172,-0.0146345663816,-0.0160732902586,-1.26736915112,0.0035361237824,3.16842293739
1495799570938433513,-0.0778233632445,-0.00561424018815,-0.191946014762,-1.26640999317,0.0422281213105,3.16602516174
1495799570988410120,-0.0773753896356,-0.0116037847474,-0.190545141697,-1.26652622223,0.0419199317694,3.16631555557
1495799571038740542,-0.0773322954774,-0.0121223870665,-0.190556302667,-1.26651215553,0.0419223867357,3.16628026962
1495799571088425419,-0.0527706928551,-0.0180896352977,-0.0156673137099,-0.82924747467,0.00344680878334,2.07311868668
1495799571139127680,-0.0318179726601,-0.0171613879502,0.0929721519351,-0.520765244961,-0.0204538721591,1.30191326141
1495799571188609810,-0.0311795659363,-0.0148759698495,0.0921068266034,-0.558194875717,-0.0202635023743,1.39548718929
1495799571238598711,-0.0300539657474,-0.0111382715404,0.0301068127155,-0.512845098972,-0.00662349862978,1.28211271763
1495799571288390934,-0.0309910271317,-0.00724250311032,0.0306006614119,-0.518347561359,-0.00673214579001,1.29586899281
1495799571339078668,-0.043964151293,-0.00315022747964,-0.0858589708805,-0.759749352932,0.0188889726996,1.89937317371
1495799571388652217,-0.0518676228821,-0.00506254518405,-0.0259533729404,-0.873643040657,0.0057097421959,2.18410778046
1495799571438510583,-0.0522242225707,-0.00773111591116,-0.0264305416495,-0.859823703766,0.00581471947953,2.14955925941
1495799571488443959,-0.0549876242876,-0.00943429023027,-0.00133963988628,-0.920448541641,0.000294720783131,2.30112123489
1495799571539143560,-0.0556557662785,-0.00633949460462,-0.00153949274682,-0.913092672825,0.000338688405463,2.28273153305
1495799571588848348,-0.067183971405,-0.00462888786569,-0.0353331975639,-1.14124202728,0.00777330389246,2.85310506821
1495799571638616479,-0.0683651790023,-0.00376990693621,-0.0500268004835,-1.11635816097,0.0110058961436,2.79089546204
1495799571688615710,-0.0684445351362,-0.00511143123731,-0.0499097704887,-1.11937737465,0.010980149731,2.79844331741
1495799571738895849,-0.0477684810758,-0.00500407582149,-0.00688053388149,-0.707584440708,0.00151371746324,1.76896119118
1495799571789236261,-0.0460309945047,-0.00518503645435,-0.00722324801609,-0.757549226284,0.0015891144285,1.89387309551
1495799571839067525,-0.0458892136812,-0.005209824536,-0.0072205113247,-0.751486778259,0.00158851244487,1.87871706486
1495799571888392373,-0.0246085375547,-0.0031842130702,0.0186717379838,-0.325066715479,-0.00410778215155,0.812666773796
1495799571941889187,-0.0198668204248,-0.00159022246953,-0.0045503792353,-0.316339224577,0.00100108340848,0.790848016739
1495799571988664620,-0.0194731149822,-0.00135651801247,-0.0043654050678,-0.317398130894,0.000960389152169,0.793495357037
1495799572038877428,-0.0194411687553,-0.00133541505784,-0.00436687655747,-0.31726962328,0.000960712844972,0.793174028397
1495799572088486041,-0.0375061258674,-0.00404121354222,0.0184596516192,-0.681719839573,-0.00406112335622,1.70429968834
1495799572138636555,-0.0390495099127,-0.00428752647713,0.018277823925,-0.637499451637,-0.004021121189,1.59374856949
1495799572188715831,-0.0613469742239,-0.00243326206692,-0.0461364500225,-1.08356916904,0.0101500190794,2.70892286301
1495799572241362954,-0.0637799501419,-0.00659820856526,0.0394177660346,-1.04585134983,-0.00867190863937,2.61462831497
1495799572288460007,-0.063813239336,-0.00874484051019,0.038736294955,-1.05042791367,-0.00852198526263,2.62606978416
1495799572341728232,-0.0638103187084,-0.00892644468695,0.0387417264283,-1.049872756,-0.0085231801495,2.62468194962
1495799572389560434,-0.0454546622932,0.00112475419883,-0.0806816071272,-0.668963909149,0.017749954015,1.67240977287
1495799572439970475,-0.0323496386409,-0.00112999160774,-0.0197844747454,-0.487713247538,0.0043525849469,1.21928310394
1495799572488507790,-0.0280838645995,0.00173339515459,-0.0572910681367,-0.444725722075,0.0126040354371,1.11181426048
1495799572542270422,-0.0277261380106,0.00197787513025,-0.0569923073053,-0.449941515923,0.0125383082777,1.12485384941
1495799572588463803,-0.0288769956678,-0.0029665727634,0.032227050513,-0.477413117886,-0.00708995107561,1.19353270531
1495799572638697564,-0.028970444575,-0.00339284865186,0.031516391784,-0.474079936743,-0.00693360622972,1.18519985676
1495799572688839134,-0.0372625291348,0.00146705459338,-0.056772146374,-0.636231780052,0.0124898720533,1.59057950974
1495799572739837031,-0.0379759930074,0.00187299563549,-0.0560688972473,-0.616557061672,0.0123351570219,1.54139256477
1495799572788598885,-0.045702509582,-0.00231206184253,-0.00767296506092,-0.775111734867,0.00168805231806,1.93777918816
1495799572838625150,-0.0463571026921,-0.002693280112,-0.0080584557727,-0.75587362051,0.00177286029793,1.88968408108
1495799572888604833,-0.0456351414323,-0.00645946711302,0.0670296996832,-0.747108340263,-0.0147465337068,1.86777079105
1495799572939213778,-0.0455685742199,-0.00677782017738,0.0664316043258,-0.74817186594,-0.0146149536595,1.87042963505
1495799572988991827,-0.0326508693397,0.00385947572067,-0.118377566338,-0.478815615177,0.0260430648923,1.19703900814
1495799573038596113,-0.0315604880452,0.00477713998407,-0.116905495524,-0.511497735977,0.0257192086428,1.27874433994
1495799573088482899,-0.0240072216839,-0.00239248457365,0.00954794604331,-0.366892039776,-0.00210054800846,0.917230129242
1495799573138500925,-0.0233538392931,-0.00299208937213,0.00854070484638,-0.384437829256,-0.00187895516865,0.961094558239
1495799573188485495,-0.0297587029636,-0.000693334382959,-0.0514471493661,-0.505755782127,0.0113183725625,1.26438951492
1495799573238545907,-0.0303097385913,-0.000510675774422,-0.0509693287313,-0.491035699844,0.0112132523209,1.22758936882
1495799573288551144,-0.0338887162507,-0.00435488019139,0.00399432424456,-0.571378529072,-0.000878751277924,1.42844641209
1495799573338511900,-0.0341900326312,-0.00468803569674,0.00355652347207,-0.561630189419,-0.000782435177825,1.40407550335
1495799573388808173,-0.035833671689,0.00141554977745,-0.115331806242,-0.580650448799,0.0253729969263,1.4516261816
1495799573438602424,-0.0360568352044,0.00158731616102,-0.112243831158,-0.579860746861,0.0246936418116,1.44965183735
1495799573489420131,-0.0249529518187,-1.26817276396e-05,-0.0629112273455,-0.361739248037,0.013840470463,0.904348134995
1495799573538669898,-0.0240016393363,-0.000137761468068,-0.0633041709661,-0.388204991817,0.0139269176871,0.970512509346
1495799573588596287,-0.0149700511247,-0.00772777153179,0.111094333231,-0.232015669346,-0.0244407523423,0.580039203167
1495799573638499702,-0.0141865499318,-0.00836575776339,0.109705202281,-0.250966966152,-0.0241351444274,0.627417445183
1495799573688714393,-0.0197287555784,0.000342457031365,-0.0619953200221,-0.335094600916,0.0136389704421,0.837736487389
1495799573738550414,-0.0202123336494,0.00108267692849,-0.0606276802719,-0.324886858463,0.0133380899206,0.812217175961
1495799573788598050,-0.0240956563503,-0.00117234268691,-0.0441770330071,-0.405799776316,0.00971894711256,1.01449942589
1495799573838548741,-0.0244261957705,-0.00137074221857,-0.0443080663681,-0.395982265472,0.00974777527153,0.989955663681
1495799573888594492,-0.0324492901564,-0.00746801542118,0.0232734810561,-0.575436234474,-0.00512016564608,1.43859064579
1495799573938589959,-0.0331298224628,-0.00799709837884,0.0227351747453,-0.553662359715,-0.00500173866749,1.38415598869
1495799573988553994,-0.0335591472685,-0.00711786421016,-0.0303432438523,-0.559218108654,0.00667551392689,1.39804530144
1495799574038496375,-0.0335993692279,-0.00704261567444,-0.0299204532057,-0.558543980122,0.00658249948174,1.39636003971
1495799574088470464,-0.0312934555113,-0.00818994361907,-0.00619551492855,-0.519825458527,0.00136301328894,1.29956364632
1495799574138520127,-0.0310942623764,-0.00828623492271,-0.00638448819518,-0.524523437023,0.00140458741225,1.31130850315
1495799574188620145,-0.0297406464815,-0.00914900843054,0.000778413726948,-0.502888321877,-0.000171251012944,1.25722074509
1495799574239309554,-0.0296242758632,-0.00922134425491,0.000721362303011,-0.505513370037,-0.000158699709573,1.2637834549
1495799574288430464,-0.02587630786,-0.00758338067681,0.00329838134348,-0.424216449261,-0.000725643883925,1.06054115295
1495799574338608494,-0.0255570020527,-0.00743602728471,0.00327785895206,-0.434080570936,-0.000721128948499,1.08520138264
1495799574388655012,-0.0225995760411,-0.0051650297828,-0.0180332083255,-0.364653885365,0.00396730564535,0.911634683609
1495799574438803567,-0.0185826458037,-0.00424414779991,-0.020208498463,-0.296265244484,0.0044458694756,0.74066311121
1495799574488788275,-0.017180820927,-0.00159531715326,-0.0527925267816,-0.271982371807,0.01161435619,0.67995595932
1495799574538548305,-0.017064653337,-0.00136683008168,-0.0525329858065,-0.274928689003,0.0115572568029,0.687321722507
1495799574588349541,-0.0199182145298,-0.00482224859297,-0.00665355846286,-0.346935361624,0.00146378285717,0.867338418961
1495799574638589730,-0.0201589427888,-0.00512289535254,-0.00701900431886,-0.33819848299,0.00154418090824,0.845496296883
1495799574688756091,-0.0316706001759,-0.0102356560528,0.0229064039886,-0.587961614132,-0.00503940880299,1.46990394592
1495799574738552580,-0.0326534174383,-0.0106806512922,0.0226680319756,-0.557656764984,-0.00498696696013,1.39414191246
1495799574788922252,-0.0407605469227,-0.0136243132874,0.0265176184475,-0.731871843338,-0.00583387585357,1.82967960835
1495799574838662726,-0.0414491295815,-0.0138921290636,0.0264869518578,-0.71073359251,-0.00582712888718,1.77683401108
1495799574888475556,-0.0427041314542,-0.010886981152,-0.0295710768551,-0.719613492489,0.00650563649833,1.79903388023
1495799574938458937,-0.0428133867681,-0.0106278024614,-0.0291245561093,-0.718536019325,0.00640740245581,1.79633998871
1495799574988613429,-0.0375521108508,-0.00877153687179,-0.0828480422497,-0.603133618832,0.0182265695184,1.50783395767
1495799575039555099,-0.0371068678796,-0.00860597938299,-0.0824201107025,-0.617135941982,0.018132423982,1.54283988476
1495799575088485345,-0.0249864328653,-0.00424288818613,-0.09469101578,-0.356129646301,0.020832022652,0.890324115753
1495799575138452525,-0.0239544287324,-0.00384786212817,-0.0945932716131,-0.387798696756,0.0208105184138,0.96949672699
1495799575188698718,-0.0198250878602,-0.010907557793,0.0576226525009,-0.361872524023,-0.0126769831404,0.904681265354
1495799575238753549,-0.0194606687874,-0.0115093439817,0.0564102008939,-0.365018367767,-0.0124102449045,0.912545919418
1495799575288445970,-0.0224320702255,-0.0110665336251,0.0361578911543,-0.415243446827,-0.00795473624021,1.03810858727
1495799575338482429,-0.0226873476058,-0.0110319526866,0.0363192074001,-0.40914940834,-0.00799022521824,1.02287352085
1495799575388717237,-0.026544842869,-0.00611843541265,-0.0549673698843,-0.449648052454,0.0120928203687,1.12411999702
1495799575438805105,-0.0323241762817,-0.00873829983175,-0.0319577082992,-0.566971540451,0.00703069614246,1.41742885113
1495799575488645104,-0.0312142670155,-0.0086581138894,-0.0321409925818,-0.52015542984,0.00707101821899,1.3003885746
1495799575538624223,-0.0311181731522,-0.00864594336599,-0.032139532268,-0.525835871696,0.00707069691271,1.31458973885
1495799575588526797,-0.0379727296531,-0.00945432949811,-0.0561770536005,-0.661139309406,0.0123589513823,1.65284836292
1495799575638530082,-0.0385576672852,-0.00953407585621,-0.0559855885804,-0.644722282887,0.0123168295249,1.61180579662
1495799575688863995,-0.0392186678946,-0.0151131823659,-0.0105978045613,-0.694053769112,0.00233151693828,1.73513448238
1495799575738595672,-0.0392717532814,-0.015588930808,-0.0109593328089,-0.688068270683,0.00241105305031,1.72017073631
1495799575788612858,-0.0332310758531,-0.0178221091628,0.0863201394677,-0.592395961285,-0.0189904309809,1.48098993301
1495799575838539946,-0.032707169652,-0.0180091522634,0.0855452865362,-0.604004383087,-0.0188199635595,1.51001095772
1495799575889540004,-0.0275067631155,-0.00672050332651,-0.0618138760328,-0.427454352379,0.0135990520939,1.06863594055
1495799575938799342,-0.0270713213831,-0.00574901746586,-0.0606401190162,-0.448875874281,0.013340825215,1.122189641
1495799575988847746,-0.0120507124811,-0.00141086801887,-0.0506384409964,-0.134139806032,0.0111404573545,0.335349500179
1495799576038717634,-0.0107683259994,-0.00102031568531,-0.0507180951536,-0.172328144312,0.01115798112,0.430820375681
1495799576088508256,-0.0206173900515,-0.00626375479624,-0.0234184712172,-0.390823185444,0.00515206390992,0.977057993412
1495799576138826596,-0.0214567575604,-0.00672552222386,-0.0236359257251,-0.364312231541,0.00519990362227,0.910780608654
1495799576188377867,-0.0329622514546,-0.00876261107624,-0.0670831948519,-0.595523357391,0.0147583018988,1.48880851269
1495799576238488780,-0.0331813097,-0.0114811211824,-0.0667371302843,-0.567469537258,0.0146821672097,1.41867375374
1495799576288951970,-0.0292364899069,-0.0167442075908,0.0567873343825,-0.542540371418,-0.0124932136387,1.35635101795
1495799576338477262,-0.0288923606277,-0.0171906072646,0.0558034293354,-0.545565247536,-0.0122767537832,1.36391305923
1495799576388402185,-0.0323727838695,-0.0131830666214,-0.0403442792594,-0.574387609959,0.00887574069202,1.43596887589
1495799576438609825,-0.0296369940042,-0.0133095420897,-0.0104508316144,-0.519476950169,0.00229918304831,1.29869234562
1495799576489123930,-0.0297393146902,-0.0169996507466,0.0514811985195,-0.563758075237,-0.0113258641213,1.4093952179
1495799576538597961,-0.030063258484,-0.0167526938021,0.0509878955781,-0.558385252953,-0.0112173371017,1.39596307278
1495799576588776828,-0.0285357777029,-0.0101251984015,-0.0408696904778,-0.477902173996,0.00899133179337,1.19475543499
1495799576638647068,-0.0284097380936,-0.00955729559064,-0.0401380211115,-0.48766747117,0.00883036479354,1.21916878223
1495799576690848608,-0.0125473188236,-0.00350160431117,-0.0245178565383,-0.14843031764,0.00539392884821,0.371075749397
1495799576738515423,-0.0111914454028,-0.00296603445895,-0.0246422607452,-0.189591452479,0.00542129762471,0.473978608847
1495799576788579679,-0.0249141268432,-0.00914392247796,-0.01462050993,-0.487136900425,0.00321651226841,1.21784234047
1495799576838536033,-0.0260849352926,-0.00969091523439,-0.014700345695,-0.451034426689,0.00323407608084,1.12758600712
1495799576889117814,-0.0243379585445,-0.0129657583311,0.0100355111063,-0.448800563812,-0.00220781262033,1.12200140953
1495799576938503355,-0.0241894628853,-0.0132410088554,0.00983848515898,-0.449071615934,-0.0021644665394,1.12267911434
1495799576989132350,-0.0309552717954,-0.0192991010845,0.052940171212,-0.625206410885,-0.0116468379274,1.56301605701
1495799577038608752,-0.0315271914005,-0.0198312271386,0.0525968559086,-0.60383528471,-0.0115713076666,1.50958824158
1495799577089147998,-0.0322872102261,-0.0128093985841,-0.0991054996848,-0.550639629364,0.0218032095581,1.37659907341
1495799577138635996,-0.0323617011309,-0.0122084831819,-0.0978971421719,-0.557094037533,0.0215373709798,1.39273512363
1495799577188464469,-0.026943443343,-0.0155309485272,0.0167213845998,-0.495135784149,-0.00367870484479,1.23783946037
1495799577238622107,-0.0264707021415,-0.015813710168,0.0158084183931,-0.502653539181,-0.00347785209306,1.25663375854
1495799577288836174,-0.0285305287689,-0.0103942845017,-0.100065790117,-0.485574603081,0.0220144744962,1.21393656731
1495799577338619110,-0.0280471611768,-0.0117427352816,-0.099142819643,-0.487646818161,0.0218114200979,1.2191170454
1495799577388618836,-0.0157431270927,-0.0161217469722,0.117407016456,-0.325964957476,-0.0258295442909,0.814912438393
1495799577438888985,-0.0142882559448,-0.0168222282082,0.115682139993,-0.345582664013,-0.0254500713199,0.863956689835
1495799577489908249,-0.0188749935478,-0.00871089380234,-0.0733832493424,-0.332826197147,0.0161443147808,0.832065463066
1495799577538898836,-0.0199307128787,-0.0061840666458,-0.0718773007393,-0.334373861551,0.0158130060881,0.835934698582
1495799577589207188,-0.0191347319633,-0.00819065701216,-0.0241351611912,-0.338804453611,0.00530973542482,0.84701114893
1495799577638711391,-0.0189506858587,-0.0086075514555,-0.0245154425502,-0.338266909122,0.00539339752868,0.845667243004
1495799577688529877,-0.0247603654861,-0.0102106602862,-0.0520072504878,-0.455714315176,0.0114415958524,1.13928580284
