1858, 0, -15, 10, -3, 20, -296, 432, 744, -2315, 16, 1, 1487067209.19
1844, 0, -95, 3, -1, 19, -297, 432, 744, -2315, 16, 1, 1487067209.21
1849, -1, -44, 4, -3, 20, -296, 433, 745, -2315, 16, 1, 1487067209.22
1842, -1, -75, 6, -3, 20, -296, 433, 744, -2315, 16, 1, 1487067209.23
1853, -3, -25, 9, -3, 20, -296, 438, 747, -2314, 16, 1, 1487067209.23
1846, 1, -57, 6, -2, 19, -297, 444, 751, -2311, 16, 1, 1487067209.24
1853, -3, -24, 9, -2, 20, -297, 445, 751, -2312, 16, 1, 1487067209.25
1841, 0, -100, 4, -3, 20, -297, 444, 751, -2311, 16, 1, 1487067209.25
1849, -1, -43, 5, -2, 20, -297, 445, 751, -2312, 16, 1, 1487067209.26
1841, -1, -89, 5, -3, 19, -297, 440, 749, -2312, 16, 1, 1487067209.27
1850, 2, -31, 6, -2, 19, -297, 436, 745, -2315, 17, 0, 1487067209.3
1844, -1, -59, 5, -4, 19, -297, 435, 746, -2315, 16, 1, 1487067209.31
1852, 1, -26, 7, -2, 19, -297, 437, 746, -2315, 16, 1, 1487067209.32
1843, 0, -87, 5, -3, 18, -296, 436, 745, -2315, 16, 1, 1487067209.32
1849, 2, -31, 8, -3, 20, -297, 439, 747, -2314, 17, 1, 1487067209.33
1841, -3, -98, 6, -2, 20, -298, 445, 750, -2311, 16, 1, 1487067209.34
1848, 0, -44, 7, -3, 20, -297, 446, 750, -2311, 17, 1, 1487067209.34
1844, 1, -59, 4, -1, 20, -297, 445, 750, -2311, 16, 1, 1487067209.35
1852, -1, -27, 9, -1, 20, -297, 446, 750, -2312, 16, 1, 1487067209.36
1843, -2, -66, 7, -2, 20, -296, 442, 748, -2312, 17, 1, 1487067209.37
1847, -1, -49, 6, -3, 20, -296, 437, 746, -2315, 17, 1, 1487067209.4
1841, 0, -98, 7, -2, 20, -296, 437, 745, -2315, 16, 1, 1487067209.41
1849, -2, -42, 8, -2, 20, -296, 437, 746, -2316, 17, 1, 1487067209.42
1843, 0, -70, 4, -3, 20, -297, 437, 745, -2315, 16, 1, 1487067209.42
1852, -1, -30, 8, -3, 19, -296, 440, 747, -2314, 16, 1, 1487067209.43
1844, -2, -59, 7, -3, 19, -296, 442, 750, -2311, 17, 1, 1487067209.44
1850, 0, -29, 8, -2, 20, -297, 443, 750, -2312, 15, 1, 1487067209.46
1843, -4, -80, 4, -3, 21, -297, 442, 749, -2311, 16, 1, 1487067209.46
1849, -1, -43, 5, -2, 20, -298, 443, 750, -2312, 16, 1, 1487067209.47
1840, 0, -125, 3, -2, 19, -297, 440, 749, -2312, 17, 1, 1487067209.48
1848, -3, -46, 6, -2, 20, -296, 437, 747, -2315, 17, 1, 1487067209.51
1844, -2, -62, 9, -2, 19, -296, 437, 746, -2315, 16, 1, 1487067209.52
1851, -2, -26, 8, -2, 19, -296, 437, 747, -2316, 16, 1, 1487067209.53
1841, -2, -94, 2, -2, 20, -296, 437, 746, -2315, 16, 1, 1487067209.53
1849, 1, -42, 6, -2, 21, -296, 438, 748, -2314, 16, 1, 1487067209.54
1841, -2, -98, 3, -2, 20, -297, 443, 749, -2311, 16, 1, 1487067209.55
1849, 2, -47, 7, -3, 20, -297, 443, 750, -2312, 16, 1, 1487067209.55
1844, 0, -59, 9, -2, 20, -296, 442, 750, -2311, 16, 1, 1487067209.56
1852, 0, -29, 9, -2, 19, -297, 443, 750, -2312, 17, 1, 1487067209.57
1843, -2, -94, 6, -2, 19, -297, 441, 749, -2312, 16, 0, 1487067209.58
1847, -2, -54, 5, -2, 20, -297, 437, 747, -2315, 17, 1, 1487067209.61
1842, 3, -99, 0, -3, 20, -297, 436, 746, -2315, 17, 1, 1487067209.62
1848, 0, -46, 9, -2, 19, -296, 437, 747, -2315, 16, 1, 1487067209.63
1843, -3, -60, 9, -3, 20, -297, 436, 747, -2315, 16, 1, 1487067209.64
1854, -1, -27, 9, -3, 19, -297, 439, 748, -2314, 16, 1, 1487067209.64
1845, 0, -61, 9, -2, 20, -296, 443, 750, -2311, 16, 1, 1487067209.65
1851, -3, -27, 6, -2, 21, -296, 444, 750, -2312, 16, 1, 1487067209.65
1842, -3, -100, 3, -2, 20, -296, 443, 750, -2311, 17, 1, 1487067209.66
1849, -1, -45, 3, -2, 20, -296, 443, 750, -2312, 16, 0, 1487067209.67
1842, 1, -92, 4, -2, 19, -296, 440, 749, -2312, 16, 1, 1487067209.68
1851, 2, -34, 7, -3, 19, -296, 436, 747, -2314, 16, 1, 1487067209.71
1846, 2, -48, 9, -2, 20, -296, 436, 747, -2314, 16, 1, 1487067209.72
1853, 1, -22, 10, -2, 20, -297, 436, 747, -2315, 16, 0, 1487067209.73
1844, 1, -66, 6, -3, 19, -297, 435, 747, -2315, 16, 1, 1487067209.73
1850, 0, -26, 8, -3, 19, -297, 437, 748, -2314, 17, 1, 1487067209.74
1842, 2, -97, 3, -2, 20, -298, 444, 750, -2311, 16, 1, 1487067209.75
1849, -1, -44, 7, -2, 21, -297, 445, 750, -2312, 16, 1, 1487067209.76
1844, 1, -63, 7, -1, 20, -297, 444, 750, -2312, 16, 1, 1487067209.77
1852, -1, -28, 5, -3, 20, -297, 445, 750, -2312, 16, 1, 1487067209.79
1844, 0, -92, 6, -2, 19, -297, 442, 749, -2312, 15, 1, 1487067209.82
1848, -1, -51, 8, -3, 19, -297, 437, 745, -2314, 17, 1, 1487067209.84
1843, -2, -73, 5, -2, 19, -297, 435, 745, -2315, 16, 1, 1487067209.85
1850, -3, -36, 7, -3, 19, -297, 436, 745, -2315, 16, 1, 1487067209.85
1844, -1, -61, 7, -2, 19, -297, 435, 745, -2315, 16, 1, 1487067209.86
1851, 1, -30, 7, -3, 19, -297, 438, 747, -2314, 16, 1, 1487067209.87
1844, -2, -62, 9, -3, 19, -297, 444, 750, -2311, 16, 1, 1487067209.88
1849, -2, -31, 8, -2, 19, -298, 445, 750, -2312, 16, 1, 1487067209.9
1842, 0, -92, 4, -2, 20, -297, 444, 749, -2311, 16, 1, 1487067209.9
1849, 0, -47, 9, -3, 20, -296, 445, 750, -2312, 16, 1, 1487067209.91
1841, -3, -94, 7, -3, 19, -297, 442, 748, -2312, 16, 1, 1487067209.93
1850, 0, -45, 8, -2, 19, -296, 437, 745, -2315, 16, 1, 1487067209.99
1844, 0, -66, 7, -2, 20, -298, 437, 746, -2315, 17, 1, 1487067210.0
1851, -3, -29, 7, -3, 20, -297, 437, 747, -2315, 16, 1, 1487067210.0
1842, -1, -89, 5, -2, 20, -296, 437, 745, -2315, 16, 1, 1487067210.01
1849, -1, -45, 7, -3, 19, -297, 439, 747, -2314, 16, 1, 1487067210.02
1841, 0, -104, 4, -2, 19, -298, 444, 749, -2311, 16, 1, 1487067210.03
1849, -1, -45, 8, -2, 19, -297, 445, 749, -2312, 16, 1, 1487067210.04
1844, -2, -64, 6, -1, 19, -296, 444, 750, -2311, 17, 1, 1487067210.05
1852, 1, -28, 9, -1, 20, -297, 445, 750, -2312, 17, 1, 1487067210.07
1844, -1, -68, 4, -2, 20, -297, 443, 749, -2312, 17, 1, 1487067210.11
1850, -1, -42, 9, -2, 19, -297, 435, 745, -2314, 16, 1, 1487067210.13
1844, -1, -81, 3, -2, 19, -296, 435, 745, -2314, 16, 1, 1487067210.14
1850, -1, -37, 7, -3, 19, -296, 436, 746, -2315, 16, 1, 1487067210.15
1843, -1, -60, 6, -3, 20, -297, 435, 745, -2315, 16, 0, 1487067210.15
1852, 0, -27, 7, -2, 20, -297, 438, 746, -2314, 16, 1, 1487067210.16
1844, -2, -65, 5, -2, 20, -296, 447, 750, -2311, 16, 1, 1487067210.17
1850, 1, -37, 9, -1, 20, -297, 447, 750, -2312, 16, 1, 1487067210.18
1841, 2, -95, 3, -2, 20, -297, 446, 750, -2311, 16, 1, 1487067210.19
1850, 0, -38, 10, -3, 20, -297, 448, 750, -2313, 16, 1, 1487067210.2
1842, 3, -96, 5, -3, 19, -297, 444, 749, -2311, 17, 1, 1487067210.22
1852, -1, -36, 11, -2, 20, -296, 436, 746, -2315, 16, 1, 1487067210.25
1847, 1, -44, 9, -3, 19, -296, 435, 747, -2315, 16, 1, 1487067210.26
1854, -1, -20, 9, -2, 20, -297, 435, 746, -2315, 17, 1, 1487067210.27
1843, -3, -80, 8, -2, 19, -297, 434, 746, -2315, 16, 1, 1487067210.28
1849, 2, -40, 9, -2, 19, -297, 437, 747, -2314, 16, 1, 1487067210.29
1841, 0, -91, 8, -2, 20, -297, 444, 750, -2311, 16, 1, 1487067210.3
1850, 0, -38, 9, -2, 19, -297, 445, 750, -2312, 16, 1, 1487067210.31
1844, -2, -70, 6, -3, 20, -297, 444, 750, -2311, 16, 1, 1487067210.32
1852, -1, -27, 6, -2, 20, -297, 444, 750, -2312, 16, 1, 1487067210.34
1842, -3, -81, 5, -3, 19, -296, 442, 749, -2312, 16, 0, 1487067210.37
1848, 1, -47, 8, -3, 19, -296, 436, 747, -2314, 16, 1, 1487067210.37
1841, -2, -96, 3, -2, 19, -296, 435, 747, -2314, 16, 1, 1487067210.44
1861, -1, -11, 8, -4, 20, -298, 438, 746, -2314, 17, 1, 1487067210.45
1857, -1, -11, 10, -3, 19, -297, 437, 746, -2313, 16, 1, 1487067210.46
1863, -1, -8, 9, -3, 20, -297, 437, 746, -2314, 17, 1, 1487067210.47
1854, 2, -13, 7, -3, 20, -297, 437, 746, -2314, 17, 1, 1487067210.48
1861, -1, -11, 8, -4, 20, -298, 438, 746, -2314, 17, 1, 1487067210.5
1852, -3, -19, 10, -3, 19, -298, 443, 749, -2312, 18, 1, 1487067210.53
1858, -3, -15, 10, -3, 20, -297, 444, 750, -2313, 17, 1, 1487067210.56
1858, 0, -10, 10, -3, 20, -297, 443, 750, -2312, 16, 1, 1487067210.6
1863, 0, -8, 7, -3, 21, -297, 444, 750, -2313, 17, 1, 1487067210.7
1854, -1, -14, 9, -3, 19, -297, 443, 750, -2312, 17, 1, 1487067210.8
1860, 3, -11, 11, -3, 20, -296, 437, 746, -2313, 17, 1, 1487067210.9
1853, -1, -16, 10, -4, 20, -297, 435, 745, -2313, 17, 1, 1487067211.0
1860, 2, -9, 8, -4, 20, -296, 436, 746, -2313, 17, 1, 1487067211.1
1853, 0, -14, 8, -4, 19, -297, 436, 746, -2313, 17, 1, 1487067211.2
1862, -1, -10, 9, -3, 20, -297, 437, 746, -2313, 17, 1, 1487067211.3
1853, -1, -17, 9, -3, 20, -297, 442, 749, -2312, 16, 1, 1487067211.4
1861, 0, -14, 8, -3, 20, -297, 443, 749, -2312, 17, 1, 1487067211.5
1852, -1, -18, 10, -3, 20, -297, 443, 749, -2312, 17, 1, 1487067211.6
1859, -3, -13, 12, -2, 20, -297, 443, 750, -2313, 17, 1, 1487067211.71
1852, 0, -18, 11, -3, 21, -297, 442, 749, -2312, 16, 1, 1487067211.83
1863, -2, -13, 10, -4, 20, -297, 437, 746, -2313, 17, 1, 1487067211.91
1854, 2, -12, 12, -2, 19, -297, 436, 746, -2312, 17, 1, 1487067212.01
1861, 3, -7, 12, -3, 20, -297, 437, 746, -2313, 16, 1, 1487067212.11
1853, 0, -19, 11, -3, 19, -297, 436, 745, -2313, 16, 1, 1487067212.21
1860, -5, -11, 9, -3, 19, -296, 435, 746, -2313, 17, 1, 1487067212.31
1851, -4, -23, 6, -3, 20, -297, 441, 747, -2311, 17, 0, 1487067212.41
1860, 2, -12, 13, -3, 20, -297, 443, 748, -2312, 17, 1, 1487067212.51
1854, 1, -18, 11, -2, 19, -297, 443, 748, -2312, 17, 1, 1487067212.61
1862, -3, -10, 9, -3, 20, -297, 444, 749, -2313, 17, 1, 1487067212.72
1856, 2, -15, 5, -2, 20, -297, 442, 748, -2313, 16, 0, 1487067212.81
1862, 0, -8, 10, -4, 20, -297, 437, 746, -2314, 17, 1, 1487067212.91
1854, -1, -21, 8, -3, 19, -297, 436, 746, -2314, 17, 1, 1487067213.01
1859, -4, -10, 10, -3, 20, -297, 436, 746, -2314, 16, 0, 1487067213.11
1854, 1, -15, 9, -3, 20, -296, 436, 746, -2314, 17, 1, 1487067213.21
1862, -2, -9, 10, -3, 20, -297, 437, 746, -2314, 17, 1, 1487067213.32
1854, 0, -16, 10, -3, 20, -296, 442, 748, -2312, 17, 1, 1487067213.42
1862, 0, -9, 8, -3, 20, -297, 442, 748, -2313, 17, 1, 1487067213.52
1855, -1, -16, 9, -3, 20, -297, 442, 748, -2312, 16, 1, 1487067213.62
1859, 0, -10, 8, -2, 19, -298, 443, 748, -2313, 16, 1, 1487067213.72
1852, 0, -18, 11, -3, 19, -297, 443, 748, -2312, 17, 1, 1487067213.81
1862, 0, -11, 8, -2, 19, -297, 437, 747, -2314, 17, 1, 1487067213.92
1856, -1, -13, 10, -3, 19, -297, 436, 746, -2314, 17, 1, 1487067214.02
1862, 0, -8, 13, -3, 19, -297, 436, 746, -2315, 17, 1, 1487067214.11
1854, 0, -15, 12, -4, 19, -297, 436, 746, -2314, 16, 1, 1487067214.22
1860, 3, -11, 11, -3, 20, -297, 436, 746, -2315, 17, 1, 1487067214.32
1851, 2, -24, 9, -3, 20, -296, 441, 748, -2312, 17, 1, 1487067214.43
1858, 0, -15, 10, -3, 20, -297, 443, 748, -2312, 17, 1, 1487067214.52
1855, -1, -15, 11, -3, 20, -298, 443, 748, -2312, 16, 1, 1487067214.62
1863, -1, -9, 4, -3, 19, -297, 443, 748, -2313, 17, 0, 1487067214.73
1856, 1, -10, 11, -3, 20, -297, 440, 748, -2313, 17, 1, 1487067214.82
1861, 0, -8, 10, -4, 19, -296, 436, 746, -2314, 16, 1, 1487067214.92
1853, -2, -18, 10, -4, 20, -296, 435, 746, -2314, 17, 1, 1487067215.02
1860, -2, -11, 11, -3, 20, -297, 436, 746, -2315, 17, 1, 1487067215.12
1853, -2, -16, 7, -4, 20, -297, 435, 746, -2314, 16, 1, 1487067215.22
1862, -2, -10, 9, -3, 20, -296, 436, 746, -2315, 16, 1, 1487067215.32
1854, 0, -17, 9, -4, 19, -298, 442, 747, -2312, 16, 1, 1487067215.43
1862, 3, -11, 7, -3, 20, -297, 444, 749, -2312, 16, 0, 1487067215.53
1853, 3, -16, 8, -3, 20, -296, 443, 748, -2312, 17, 1, 1487067215.63
1861, -1, -10, 8, -3, 20, -297, 444, 748, -2313, 17, 1, 1487067215.73
1853, 2, -16, 10, -3, 19, -297, 443, 748, -2312, 16, 1, 1487067215.86
1864, 2, -8, 7, -3, 19, -297, 438, 746, -2314, 17, 1, 1487067215.93
1856, 1, -13, 9, -3, 20, -297, 435, 747, -2314, 16, 0, 1487067216.03
1864, 1, -8, 12, -3, 19, -297, 435, 747, -2315, 16, 1, 1487067216.13
1854, -2, -13, 10, -3, 19, -297, 436, 747, -2315, 16, 1, 1487067216.23
1859, -2, -10, 10, -2, 20, -297, 436, 747, -2314, 16, 1, 1487067216.33
1851, 0, -21, 11, -3, 19, -297, 441, 747, -2311, 17, 1, 1487067216.42
1860, 3, -11, 10, -2, 19, -297, 443, 748, -2312, 17, 1, 1487067216.53
1856, 2, -14, 9, -2, 19, -298, 443, 748, -2312, 17, 0, 1487067216.63
1862, -1, -11, 11, -4, 20, -297, 444, 748, -2312, 17, 1, 1487067216.74
1857, 0, -14, 10, -4, 19, -297, 442, 748, -2312, 17, 1, 1487067216.83
1862, -2, -10, 10, -3, 19, -298, 437, 747, -2314, 17, 1, 1487067216.93
1854, 2, -17, 10, -3, 20, -297, 436, 746, -2314, 17, 1, 1487067217.04
1860, -1, -13, 10, -3, 20, -297, 436, 747, -2315, 16, 1, 1487067217.13
1854, -1, -18, 8, -3, 19, -297, 436, 746, -2314, 17, 1, 1487067217.24
1862, -1, -9, 8, -3, 20, -296, 435, 747, -2315, 16, 1, 1487067217.33
1854, -1, -16, 11, -3, 19, -297, 438, 747, -2311, 16, 1, 1487067217.44
1862, -2, -9, 13, -3, 20, -297, 440, 748, -2312, 17, 1, 1487067217.53
1852, 1, -19, 10, -3, 19, -297, 439, 748, -2311, 17, 1, 1487067217.64
1860, -1, -11, 10, -3, 20, -297, 440, 748, -2312, 17, 1, 1487067217.73
1853, -3, -18, 10, -3, 20, -296, 440, 748, -2312, 17, 1, 1487067217.84
1862, -3, -8, 10, -3, 20, -297, 437, 747, -2314, 17, 1, 1487067217.94
1856, 1, -13, 7, -3, 19, -297, 436, 747, -2314, 17, 1, 1487067218.04
1863, -2, -8, 12, -4, 19, -297, 437, 747, -2314, 17, 1, 1487067218.14
1854, 1, -20, 12, -3, 20, -297, 436, 747, -2314, 17, 1, 1487067218.24
1858, -3, -10, 11, -3, 19, -297, 436, 747, -2314, 16, 1, 1487067218.34
1850, 2, -22, 8, -3, 19, -297, 441, 747, -2311, 17, 1, 1487067218.45
1860, -2, -13, 9, -3, 20, -297, 443, 748, -2312, 17, 1, 1487067218.54
1857, 0, -14, 13, -2, 20, -296, 441, 748, -2312, 17, 0, 1487067218.64
1863, -1, -8, 11, -3, 20, -297, 443, 748, -2312, 17, 1, 1487067218.74
1855, 3, -13, 9, -3, 19, -297, 443, 748, -2312, 17, 1, 1487067218.84
1860, 1, -9, 11, -3, 20, -296, 437, 747, -2313, 17, 1, 1487067218.94
1852, 0, -19, 7, -2, 20, -296, 435, 745, -2314, 17, 1, 1487067219.05
1859, 2, -11, 14, -3, 20, -296, 437, 746, -2314, 17, 1, 1487067219.14
1854, -1, -15, 9, -3, 19, -296, 436, 746, -2314, 17, 0, 1487067219.24
1864, 1, -9, 10, -3, 20, -296, 437, 746, -2315, 17, 1, 1487067219.34
1855, 1, -14, 12, -3, 20, -297, 442, 747, -2311, 17, 1, 1487067219.45
1862, 1, -10, 13, -2, 20, -297, 445, 748, -2312, 17, 1, 1487067219.54
1854, 4, -16, 11, -3, 20, -297, 444, 748, -2312, 16, 1, 1487067219.64
1860, -1, -10, 12, -2, 20, -297, 445, 748, -2312, 17, 1, 1487067219.75
1853, -5, -13, 8, -3, 20, -297, 443, 748, -2312, 17, 1, 1487067219.86
1863, -2, -9, 14, -3, 20, -296, 437, 746, -2314, 17, 1, 1487067219.95
1855, 3, -13, 11, -3, 20, -296, 435, 746, -2314, 16, 1, 1487067220.05
1863, 1, -10, 10, -3, 20, -296, 436, 746, -2315, 17, 1, 1487067220.15
1854, 0, -14, 9, -4, 20, -296, 435, 746, -2314, 16, 0, 1487067220.25
1860, 1, -12, 9, -2, 20, -296, 436, 746, -2314, 17, 0, 1487067220.35
1852, 1, -20, 8, -3, 20, -297, 440, 747, -2312, 17, 1, 1487067220.45
1860, 0, -12, 7, -2, 19, -297, 442, 748, -2312, 17, 1, 1487067220.55
1855, -2, -15, 13, -2, 19, -297, 441, 748, -2311, 16, 1, 1487067220.65
1862, -2, -6, 11, -2, 20, -297, 442, 749, -2312, 17, 1, 1487067220.75
1855, -1, -13, 9, -2, 20, -297, 441, 748, -2312, 16, 1, 1487067220.85
1860, 0, -10, 8, -3, 20, -297, 438, 746, -2313, 17, 1, 1487067220.96
1853, -1, -17, 9, -3, 20, -297, 436, 745, -2314, 16, 1, 1487067221.05
1861, -1, -13, 10, -2, 19, -296, 435, 746, -2315, 17, 1, 1487067221.16
1855, -3, -13, 8, -2, 20, -296, 436, 746, -2314, 16, 1, 1487067221.26
1862, -2, -12, 7, -3, 20, -296, 437, 746, -2315, 17, 1, 1487067221.35
1854, -1, -17, 10, -2, 20, -296, 440, 748, -2312, 17, 1, 1487067221.45
1862, -1, -12, 13, -2, 20, -296, 442, 750, -2312, 17, 1, 1487067221.55
1853, -1, -20, 10, -2, 20, -297, 441, 750, -2311, 16, 1, 1487067221.65
1861, 2, -13, 8, -3, 20, -296, 442, 750, -2312, 17, 1, 1487067221.75
1853, 3, -16, 6, -3, 20, -298, 442, 749, -2312, 16, 1, 1487067221.85
1862, -2, -10, 12, -3, 20, -297, 439, 747, -2313, 17, 1, 1487067221.96
1855, 1, -13, 13, -4, 20, -297, 437, 745, -2314, 18, 1, 1487067222.06
1862, 0, -11, 8, -3, 19, -296, 438, 746, -2315, 17, 1, 1487067222.16
1854, 3, -16, 7, -3, 19, -296, 437, 746, -2314, 16, 1, 1487067222.26
1861, 0, -10, 9, -3, 20, -296, 436, 746, -2314, 17, 1, 1487067222.38
1852, 0, -19, 8, -3, 20, -297, 439, 748, -2312, 17, 1, 1487067222.46
1861, -1, -10, 13, -3, 20, -297, 441, 749, -2313, 16, 1, 1487067222.56
1856, 1, -15, 11, -3, 20, -297, 441, 749, -2313, 17, 1, 1487067222.66
1864, -3, -7, 10, -3, 20, -296, 442, 750, -2313, 17, 1, 1487067222.76
1855, -2, -10, 8, -3, 21, -297, 441, 750, -2313, 17, 1, 1487067222.86
1860, 0, -9, 11, -3, 19, -297, 438, 747, -2314, 17, 1, 1487067222.96
1853, 1, -20, 9, -2, 20, -296, 435, 746, -2314, 17, 1, 1487067223.06
1860, 4, -11, 12, -3, 20, -296, 436, 746, -2315, 16, 1, 1487067223.16
1854, 1, -15, 10, -3, 19, -297, 435, 746, -2314, 17, 1, 1487067223.27
1863, 0, -9, 7, -3, 19, -297, 436, 746, -2315, 17, 1, 1487067223.38
1854, 1, -15, 10, -3, 20, -297, 438, 748, -2312, 17, 1, 1487067223.47
1862, -1, -8, 6, -2, 19, -297, 440, 749, -2312, 17, 1, 1487067223.57
1853, 0, -17, 8, -3, 20, -296, 437, 749, -2312, 16, 1, 1487067223.67
1859, -1, -8, 7, -2, 20, -296, 439, 749, -2312, 17, 1, 1487067223.77
1853, -1, -19, 8, -3, 19, -296, 438, 749, -2312, 17, 1, 1487067223.88
1863, 0, -8, 8, -2, 20, -296, 437, 747, -2313, 17, 1, 1487067223.97
1856, -2, -14, 9, -3, 20, -297, 435, 745, -2314, 17, 1, 1487067224.07
1863, 2, -10, 11, -3, 19, -295, 436, 746, -2314, 17, 1, 1487067224.17
1854, -1, -18, 8, -4, 20, -296, 435, 745, -2314, 17, 1, 1487067224.27
1858, 1, -13, 9, -3, 20, -296, 436, 746, -2315, 17, 1, 1487067224.38
1850, -1, -21, 9, -3, 20, -296, 438, 748, -2312, 17, 1, 1487067224.47
1861, 0, -12, 6, -2, 19, -297, 441, 750, -2312, 17, 1, 1487067224.57
1856, -2, -12, 8, -3, 20, -297, 440, 749, -2312, 17, 1, 1487067224.67
1863, -5, -9, 11, -3, 20, -296, 441, 749, -2312, 16, 1, 1487067224.78
1857, -6, -10, 7, -3, 19, -296, 439, 748, -2312, 17, 1, 1487067224.87
1861, 2, -11, 8, -3, 19, -297, 436, 746, -2314, 17, 1, 1487067224.97
1853, -2, -17, 8, -3, 19, -296, 435, 744, -2314, 17, 0, 1487067225.07
1860, -2, -11, 13, -4, 20, -296, 436, 745, -2314, 17, 1, 1487067225.17
1855, 1, -12, 8, -3, 20, -296, 435, 744, -2314, 17, 1, 1487067225.28
1862, 1, -10, 10, -3, 20, -296, 436, 745, -2314, 17, 1, 1487067225.38
1854, 1, -14, 11, -3, 19, -296, 438, 747, -2312, 16, 1, 1487067225.47
1862, -4, -9, 9, -3, 20, -297, 441, 749, -2312, 17, 1, 1487067225.58
1853, -2, -18, 9, -3, 20, -297, 440, 749, -2311, 17, 1, 1487067225.67
1860, 0, -13, 6, -2, 20, -297, 441, 749, -2312, 17, 1, 1487067225.78
1852, -1, -22, 8, -2, 19, -296, 441, 749, -2312, 16, 1, 1487067225.88
1862, 3, -9, 10, -2, 19, -296, 439, 746, -2313, 16, 1, 1487067225.98
1856, 0, -9, 12, -3, 19, -295, 437, 744, -2314, 17, 1, 1487067226.08
1864, -1, -7, 10, -3, 20, -295, 436, 745, -2315, 18, 1, 1487067226.18
1855, -1, -12, 10, -4, 19, -296, 436, 744, -2314, 17, 1, 1487067226.28
1859, -1, -11, 11, -3, 20, -296, 437, 745, -2314, 17, 1, 1487067226.38
1851, -5, -20, 11, -3, 20, -297, 438, 747, -2312, 17, 1, 1487067226.48
1861, 0, -14, 11, -3, 20, -296, 439, 750, -2312, 17, 1, 1487067226.58
1855, -1, -12, 9, -3, 20, -296, 439, 749, -2311, 16, 1, 1487067226.68
1863, 0, -8, 9, -2, 20, -296, 440, 749, -2312, 17, 1, 1487067226.78
1856, 0, -15, 9, -2, 20, -296, 439, 749, -2312, 17, 1, 1487067226.88
1860, -3, -10, 10, -3, 19, -297, 438, 746, -2313, 16, 1, 1487067226.98
1853, 0, -17, 10, -3, 19, -296, 437, 744, -2314, 16, 1, 1487067227.09
1860, -1, -13, 13, -3, 20, -296, 438, 745, -2314, 17, 1, 1487067227.19
1854, 1, -12, 14, -3, 19, -296, 437, 745, -2314, 17, 1, 1487067227.28
1861, 1, -8, 11, -3, 19, -296, 437, 745, -2314, 17, 1, 1487067227.38
1854, 0, -12, 9, -2, 19, -296, 438, 748, -2312, 17, 1, 1487067227.49
1863, -2, -8, 10, -3, 20, -296, 441, 751, -2312, 17, 1, 1487067227.59
1854, -3, -19, 9, -3, 19, -297, 441, 750, -2312, 16, 1, 1487067227.7
1860, -2, -11, 10, -3, 19, -296, 443, 750, -2314, 16, 1, 1487067227.82
1852, 0, -15, 9, -2, 20, -297, 442, 750, -2312, 16, 0, 1487067227.89
1863, 0, -8, 11, -3, 20, -297, 441, 748, -2313, 17, 1, 1487067227.99
1855, 0, -12, 9, -3, 20, -296, 440, 745, -2314, 16, 0, 1487067228.09
1863, -1, -6, 11, -2, 19, -297, 440, 745, -2314, 17, 1, 1487067228.19
1853, -2, -19, 9, -4, 19, -296, 440, 745, -2314, 17, 1, 1487067228.29
1858, 0, -13, 8, -4, 19, -295, 441, 746, -2313, 17, 1, 1487067228.38
1851, 4, -21, 10, -2, 19, -296, 441, 749, -2311, 17, 1, 1487067228.49
1861, 0, -12, 10, -3, 20, -296, 444, 752, -2311, 17, 1, 1487067228.59
1856, 1, -13, 12, -3, 20, -297, 441, 751, -2311, 17, 1, 1487067228.7
1863, 1, -9, 10, -3, 19, -297, 443, 751, -2311, 16, 1, 1487067228.79
1855, 0, -14, 11, -3, 21, -297, 442, 751, -2311, 16, 1, 1487067228.89
1859, 3, -9, 10, -3, 20, -296, 441, 748, -2312, 17, 1, 1487067228.99
1852, 1, -19, 9, -3, 19, -295, 440, 744, -2313, 16, 1, 1487067229.09
1859, -2, -12, 6, -3, 20, -296, 440, 745, -2314, 17, 1, 1487067229.19
1854, 0, -12, 7, -4, 20, -297, 439, 745, -2313, 17, 1, 1487067229.3
1860, -2, -15, 9, -3, 20, -297, 440, 745, -2314, 16, 1, 1487067229.39
1854, -2, -15, 7, -3, 20, -296, 441, 748, -2311, 17, 1, 1487067229.5
1861, -1, -9, 10, -3, 20, -297, 443, 752, -2311, 17, 1, 1487067229.59
1852, -2, -15, 8, -2, 20, -297, 442, 751, -2311, 17, 1, 1487067229.7
1860, 1, -13, 10, -2, 20, -298, 442, 752, -2311, 17, 1, 1487067229.79
1852, 0, -18, 10, -3, 19, -296, 441, 752, -2311, 17, 1, 1487067229.9
1863, -3, -10, 5, -3, 20, -296, 440, 748, -2312, 16, 1, 1487067230.0
1855, 2, -14, 9, -3, 19, -296, 439, 744, -2313, 16, 1, 1487067230.1
1862, -1, -10, 12, -3, 20, -297, 440, 745, -2314, 16, 1, 1487067230.2
1853, 0, -17, 11, -3, 20, -295, 440, 744, -2313, 17, 1, 1487067230.3
1857, 0, -11, 10, -3, 19, -297, 440, 744, -2313, 17, 1, 1487067230.4
1851, -2, -19, 7, -2, 20, -296, 440, 749, -2312, 17, 1, 1487067230.5
1860, -2, -12, 11, -3, 20, -296, 442, 752, -2311, 17, 1, 1487067230.6
1855, -2, -17, 6, -3, 20, -297, 442, 751, -2311, 17, 1, 1487067230.7
1862, 0, -8, 9, -3, 20, -297, 442, 752, -2312, 17, 1, 1487067230.8
1856, 0, -13, 7, -4, 20, -297, 442, 751, -2311, 17, 1, 1487067230.9
1860, -2, -10, 11, -3, 19, -297, 442, 748, -2312, 17, 0, 1487067231.01
1853, -2, -20, 14, -3, 19, -297, 440, 744, -2313, 17, 1, 1487067231.1
1860, 2, -9, 11, -3, 20, -297, 439, 745, -2314, 16, 1, 1487067231.21
1854, 2, -13, 9, -2, 19, -296, 439, 744, -2313, 17, 1, 1487067231.3
1861, 0, -7, 10, -3, 19, -296, 441, 745, -2314, 17, 1, 1487067231.4
1855, -1, -15, 8, -2, 20, -296, 441, 748, -2312, 17, 1, 1487067231.51
1860, -2, -9, 9, -2, 20, -296, 443, 751, -2311, 16, 1, 1487067231.6
1852, 0, -20, 11, -3, 20, -297, 442, 751, -2311, 17, 1, 1487067231.71
1858, 2, -10, 11, -4, 20, -296, 443, 752, -2312, 17, 1, 1487067231.83
1852, -3, -19, 9, -3, 20, -297, 442, 751, -2311, 17, 1, 1487067231.91
1862, -3, -10, 8, -3, 20, -296, 441, 748, -2312, 17, 1, 1487067232.01
1854, 0, -18, 8, -3, 19, -296, 439, 744, -2313, 16, 1, 1487067232.11
1860, -1, -9, 8, -3, 20, -295, 439, 744, -2314, 17, 1, 1487067232.21
1853, -1, -22, 11, -3, 20, -295, 438, 744, -2313, 17, 1, 1487067232.31
1858, 0, -15, 12, -3, 20, -296, 439, 745, -2313, 17, 1, 1487067232.41
1852, 1, -15, 9, -3, 19, -296, 439, 748, -2312, 17, 1, 1487067232.51
1860, -1, -14, 9, -3, 20, -296, 444, 752, -2312, 16, 1, 1487067232.61
1855, -4, -15, 11, -3, 20, -296, 444, 751, -2311, 17, 1, 1487067232.72
1861, -2, -13, 9, -3, 20, -296, 445, 752, -2312, 17, 1, 1487067232.82
1856, -2, -13, 11, -2, 20, -297, 444, 752, -2312, 17, 1, 1487067232.91
1859, 2, -9, 10, -4, 20, -297, 442, 749, -2312, 16, 1, 1487067233.02
1852, 1, -22, 10, -3, 20, -297, 438, 744, -2314, 17, 1, 1487067233.11
1858, 0, -10, 9, -3, 20, -296, 439, 745, -2314, 17, 1, 1487067233.21
1854, -1, -16, 8, -4, 20, -296, 439, 745, -2315, 16, 1, 1487067233.31
1860, 1, -10, 10, -3, 21, -296, 439, 745, -2315, 16, 1, 1487067233.43
1854, 2, -12, 10, -3, 20, -296, 441, 747, -2313, 17, 1, 1487067233.52
1861, -3, -10, 12, -4, 19, -296, 444, 752, -2312, 17, 1, 1487067233.62
1853, 0, -15, 9, -3, 20, -296, 442, 751, -2311, 17, 1, 1487067233.72
1860, -1, -11, 11, -4, 19, -297, 443, 752, -2312, 16, 1, 1487067233.82
1853, -1, -17, 8, -3, 19, -296, 443, 751, -2311, 17, 1, 1487067233.92
1863, -1, -10, 11, -3, 20, -297, 441, 749, -2313, 17, 1, 1487067234.02
1855, 3, -10, 11, -3, 19, -296, 438, 745, -2314, 16, 1, 1487067234.12
1862, 0, -8, 8, -4, 19, -296, 439, 745, -2315, 17, 1, 1487067234.22
1853, -4, -17, 12, -3, 20, -296, 438, 745, -2315, 17, 1, 1487067234.33
1858, -4, -14, 11, -2, 19, -296, 439, 745, -2314, 16, 1, 1487067234.43
1852, 1, -19, 12, -4, 19, -296, 440, 747, -2312, 17, 1, 1487067234.52
1860, 0, -12, 14, -3, 19, -297, 445, 752, -2310, 17, 1, 1487067234.63
1855, 2, -12, 9, -3, 19, -296, 445, 752, -2309, 16, 1, 1487067234.72
1862, 1, -10, 12, -3, 20, -296, 445, 752, -2310, 17, 1, 1487067234.82
