0.785398,1,0,0,7.07107,7.07107
0.785398,1,0,0,7.07107,7.07107
0.785398,1,0,0,7.07107,7.07107
0.785398,1,0,0,7.07107,7.07107
0.785398,0.322509,0.548603,0.0983415,7.25474,7.51641
0.785398,0.65721,1.30774,0.56358,7.76598,8.19844
0.785398,0.570742,2.48043,1.43209,8.67397,9.2832
0.785398,0.376528,3.82133,2.10283,9.40206,10.4008
0.785398,0.232802,5.00495,2.45659,9.76829,11.2492
0.785398,0.388605,6.81211,3.00228,10.1977,12.4117
0.785398,0.593242,8.26568,3.79877,10.8604,13.4563
0.785398,0.774974,9.405,4.74542,11.757,14.4649
0.785398,0.936365,10.2645,5.7515,12.8016,15.4243
0.785398,1.06728,10.9002,6.77432,13.9122,16.3099
0.785398,1.01467,11.5894,7.9548,15.1769,17.2891
0.785398,0.958749,12.2732,8.98285,16.2472,18.1593
0.785398,0.909085,12.9306,9.86702,17.152,18.9324
0.785398,0.864981,13.5532,10.6275,17.9223,19.6225
0.785398,0.825813,14.1357,11.2819,18.581,20.2395
0.785398,0.794324,14.6236,11.7927,19.0932,20.7383
0.785398,0.760137,15.1725,12.331,19.6309,21.2822
0.785398,0.735303,15.5832,12.7108,20.0089,21.6782
0.785398,0.708341,16.0399,13.1118,20.4065,22.1081
0.785398,0.688755,16.3781,13.3953,20.6862,22.4197
0.785398,0.667491,16.7509,13.695,20.9805,22.7564
0.785398,0.650427,17.0536,13.929,21.2089,23.0248
0.785398,0.635274,17.3244,14.1315,21.4054,23.2609
0.785398,0.621816,17.5659,14.3068,21.5743,23.4683
0.785398,0.609864,17.7805,14.4585,21.7195,23.65
0.785398,0.599251,17.9705,14.5895,21.8441,23.8088
0.785398,0.589825,18.138,14.7027,21.9509,23.9472
0.785398,0.582247,18.2712,14.7911,22.0338,24.0562
0.785398,0.57402,18.4136,14.8839,22.1203,24.1716
0.785398,0.567419,18.5255,14.9557,22.1868,24.2613
0.785398,0.561556,18.6221,15.0168,22.2431,24.3382
0.785398,0.556349,18.705,15.0687,22.2905,24.4038
0.785398,0.551725,18.7756,15.1123,22.3303,24.4592
0.785398,0.547619,18.835,15.1487,22.3633,24.5056
0.785398,0.544318,18.8798,15.1759,22.3879,24.5404
0.785398,0.540734,18.9247,15.2029,22.4122,24.5751
0.785398,0.561678,18.9893,15.2425,22.4479,24.6253
0.785398,0.619953,19.1012,15.318,22.5177,24.7162
0.785398,0.676551,19.2022,15.3949,22.5907,24.8033
0.785398,0.721968,19.277,15.4581,22.652,24.8713
0.785398,0.762302,19.3381,15.5144,22.7075,24.9297
0.785398,0.798121,19.3877,15.5635,22.7566,24.979
0.785398,0.829931,19.4273,15.6057,22.7991,25.0201
0.785398,0.858181,19.4586,15.641,22.8351,25.0537
0.785398,0.883269,19.4828,15.6697,22.8646,25.0805
0.785398,0.905549,19.5009,15.6923,22.8879,25.1013
0.785398,0.923461,19.5128,15.7078,22.904,25.1152
0.785398,0.942907,19.5224,15.7208,22.9175,25.1268
0.785398,0.957033,19.5269,15.727,22.924,25.1323
0.785398,0.97237,19.5287,15.7297,22.9268,25.1346
0.785398,0.983511,19.5277,15.7281,22.9252,25.1333
0.785398,0.995606,19.5238,15.7221,22.9189,25.1281
0.785398,1.00531,19.518,15.7131,22.9093,25.1205
0.785398,1.01393,19.5104,15.701,22.8964,25.1102
0.785398,1.02159,19.5012,15.6861,22.8806,25.0977
0.785398,1.02839,19.4906,15.6686,22.8621,25.0832
0.785398,1.03442,19.4788,15.6489,22.8411,25.0668
0.785398,1.03978,19.466,15.6272,22.8178,25.0487
0.785398,1.04455,19.4522,15.6036,22.7926,25.0292
0.785398,1.04814,19.4393,15.5813,22.7687,25.0108
0.785398,0.989668,19.479,15.6452,22.8367,25.0647
0.785398,0.937544,19.5173,15.7,22.8942,25.1126
0.785398,0.880953,19.5592,15.7536,22.9497,25.1613
0.785398,0.835541,19.5921,15.7915,22.9884,25.1971
0.785398,0.795213,19.6198,15.8208,23.018,25.2257
0.785398,0.759398,19.6422,15.8428,23.0399,25.2479
0.785398,0.727591,19.6595,15.8587,23.0556,25.2644
0.785398,0.702021,19.6709,15.8686,23.0652,25.2749
0.785398,0.67426,19.6796,15.8757,23.0721,25.2827
0.785398,0.651983,19.683,15.8784,23.0746,25.2856
0.785398,0.632199,19.6823,15.8778,23.0741,25.285
0.785398,0.61463,19.6778,15.8747,23.0711,25.2813
0.785398,0.599027,19.6699,15.8692,23.0661,25.2748
0.785398,0.58517,19.6589,15.8618,23.0593,25.2659
0.785398,0.574031,19.6465,15.8537,23.0519,25.256
0.785398,0.561937,19.6285,15.8422,23.0414,25.2418
0.785398,0.553151,19.6116,15.8317,23.0319,25.2286
0.785398,0.543613,19.5886,15.8177,23.0193,25.2108
0.785398,0.535959,19.5657,15.804,23.0071,25.1931
0.785398,0.55386,19.5781,15.8117,23.014,25.2029
0.785398,0.609477,19.6421,15.8539,23.0529,25.2543
0.785398,0.661009,19.6962,15.894,23.0907,25.3003
0.785398,0.706773,19.7393,15.9293,23.1247,25.3388
0.785398,0.747415,19.773,15.9594,23.1542,25.3705
0.785398,0.783509,19.7988,15.9843,23.179,25.3957
0.785398,0.812525,19.8163,16.0023,23.197,25.4135
0.785398,0.844028,19.8314,16.0187,23.2136,25.4293
0.785398,0.869307,19.84,16.0286,23.2238,25.4387
0.785398,0.891757,19.8445,16.0341,23.2294,25.4438
0.785398,0.911695,19.8455,16.0354,23.2308,25.445
0.785398,0.929401,19.8436,16.0329,23.2281,25.4427
0.785398,0.945125,19.8391,16.0268,23.2218,25.4373
0.785398,0.959089,19.8325,16.0174,23.212,25.4291
0.785398,0.97149,19.824,16.0051,23.1991,25.4184
0.785398,0.982503,19.8139,15.9901,23.1833,25.4054
0.785398,0.992284,19.8024,15.9727,23.1648,25.3904
0.785398,1.00097,19.7897,15.953,23.144,25.3736
0.785398,0.996286,19.7885,15.9511,23.142,25.372
0.785398,0.952613,19.8215,15.9994,23.1928,25.414
0.785398,0.911806,19.8538,16.0428,23.238,25.4527
0.785398,0.867503,19.888,16.0848,23.2813,25.4915
0.785398,0.831951,19.9138,16.114,23.3111,25.5192
0.785398,0.800379,19.9345,16.136,23.3333,25.5407
0.785398,0.77234,19.9503,16.1518,23.3491,25.5565
0.785398,0.74744,19.9615,16.1624,23.3596,25.5674
0.785398,0.725326,19.9682,16.1685,23.3656,25.5737
0.785398,0.705688,19.9708,16.1708,23.3678,25.5762
0.785398,0.688248,19.9696,16.1698,23.3668,25.5751
0.785398,0.67276,19.9649,16.166,23.3632,25.5708
0.785398,0.659005,19.9569,16.1597,23.3572,25.5638
0.785398,0.64679,19.9459,16.1513,23.3492,25.5544
0.785398,0.635942,19.9322,16.1411,23.3396,25.5427
0.785398,0.627221,19.9178,16.1306,23.3297,25.5306
0.785398,0.617753,19.8977,16.1162,23.3162,25.5138
0.785398,0.610875,19.8795,16.1034,23.3042,25.4986
0.785398,0.620534,19.8798,16.1037,23.3045,25.499
0.785398,0.656691,19.9152,16.1301,23.3296,25.5292
0.785398,0.694306,19.9497,16.1579,23.3562,25.5598
0.785398,0.724546,19.9739,16.1787,23.3764,25.582
0.785398,0.757376,19.9958,16.1988,23.3962,25.6029
0.785398,0.781225,20.0084,16.211,23.4084,25.6153
0.785398,0.807118,20.0183,16.2211,23.4185,25.6253
0.785398,0.825927,20.0225,16.2255,23.423,25.6296
0.785398,0.846348,20.0236,16.2267,23.4242,25.6307
0.785398,0.862734,20.0212,16.2239,23.4214,25.6281
0.785398,0.877287,20.0161,16.2178,23.4151,25.6224
0.785398,0.890211,20.0086,16.2087,23.4057,25.614
0.785398,0.900601,20.0001,16.1981,23.3948,25.6042
0.785398,0.911881,19.9877,16.1823,23.3784,25.5899
0.785398,0.920933,19.9748,16.1655,23.361,25.5747
0.785398,0.928972,19.9606,16.1466,23.3413,25.5578
0.785398,0.895235,19.9885,16.1824,23.3784,25.5903
0.785398,0.857137,20.0201,16.2202,23.4173,25.6255
0.785398,0.823302,20.0465,16.2496,23.4471,25.6537
0.785398,0.793255,20.0678,16.2718,23.4695,25.6754
0.785398,0.76657,20.084,16.2878,23.4855,25.6916
0.785398,0.742873,20.0955,16.2986,23.4962,25.7027
0.785398,0.721828,20.1025,16.305,23.5024,25.7093
0.785398,0.704909,20.1053,16.3074,23.5047,25.7118
0.785398,0.68654,20.1044,16.3066,23.504,25.711
0.785398,0.6718,20.0998,16.303,23.5005,25.707
0.785398,0.667422,20.1043,16.3064,23.5038,25.7108
0.785398,0.700923,20.1542,16.3473,23.5432,25.7555
0.785398,0.730802,20.1943,16.3823,23.5773,25.7927
0.785398,0.757336,20.2259,16.4114,23.6061,25.8228
0.785398,0.780901,20.2502,16.435,23.6295,25.8467
0.785398,0.799846,20.2667,16.4516,23.6462,25.8633
0.785398,0.820413,20.2808,16.4665,23.6612,25.8778
0.785398,0.835354,20.2881,16.4744,23.6692,25.8855
0.785398,0.851575,20.2926,16.4794,23.6743,25.8903
0.785398,0.863359,20.293,16.48,23.6748,25.8908
0.785398,0.876152,20.2902,16.4766,23.6714,25.8876
0.785398,0.868153,20.3053,16.4945,23.6898,25.9044
0.785398,0.844022,20.3351,16.5288,23.7248,25.9368
0.785398,0.822517,20.3593,16.5555,23.7519,25.9624
0.785398,0.803418,20.3783,16.5755,23.7721,25.982
0.785398,0.786457,20.3924,16.5898,23.7864,25.9962
0.785398,0.772822,20.4011,16.5984,23.795,26.0049
0.785398,0.758018,20.407,16.6042,23.8007,26.0107
0.785398,0.747264,20.4084,16.6054,23.8019,26.012
0.785398,0.735589,20.406,16.6033,23.7999,26.0098
0.785398,0.727108,20.4012,16.5989,23.7956,26.0052
0.785398,0.725691,20.4023,16.5999,23.7965,26.0062
0.785398,0.742216,20.4223,16.618,23.8143,26.0251
0.785398,0.761005,20.4411,16.6356,23.8317,26.0432
0.785398,0.776083,20.4525,16.6467,23.8427,26.0545
0.785398,0.789474,20.4593,16.6534,23.8495,26.0612
0.785398,0.801365,20.4621,16.6562,23.8523,26.064
0.785398,0.811926,20.4613,16.6554,23.8514,26.0632
0.785398,0.820416,20.4579,16.6517,23.8478,26.0596
0.785398,0.814132,20.4691,16.6638,23.8599,26.0714
0.785398,0.802734,20.4825,16.6778,23.874,26.0851
0.785398,0.79036,20.4938,16.6893,23.8856,26.0965
0.785398,0.780431,20.4995,16.695,23.8913,26.1022
0.785398,0.771613,20.5014,16.6968,23.8931,26.1041
0.785398,0.771588,20.5095,16.7047,23.9009,26.1121
0.785398,0.779054,20.5225,16.7175,23.9136,26.1249
0.785398,0.786264,20.5314,16.7263,23.9225,26.1338
0.785398,0.78632,20.543,16.738,23.9342,26.1454
0.785398,0.782645,20.5895,16.7841,23.9802,26.1917
0.785398,0.788304,20.6304,16.825,24.0211,26.2326
0.785398,0.786058,20.6818,16.8766,24.0728,26.2841
0.785398,0.785871,20.7272,16.9221,24.1182,26.3295
0.785398,0.785803,20.7955,16.9905,24.1867,26.3979
0.785398,0.786088,20.8601,17.0551,24.2513,26.4626
0.785398,0.785396,20.9475,17.1425,24.3387,26.5499
0.785398,0.785665,21.0335,17.2286,24.4248,26.636
0.785398,0.786154,21.1233,17.3184,24.5146,26.7258
0.785398,0.784747,21.2132,17.4082,24.6044,26.8156
0.785398,0.785495,21.3183,17.5133,24.7095,26.9207
0.785398,0.785847,21.4155,17.6105,24.8067,27.018
0.785398,0.785545,21.5046,17.6997,24.8959,27.1071
0.785398,0.785398,21.6156,17.8107,25.0069,27.2181
0.785398,0.785858,21.7076,17.9027,25.0989,27.3101
0.785398,0.785372,21.8227,18.018,25.2142,27.4253
0.785398,0.785668,21.9149,18.1102,25.3064,27.5175
0.785398,0.785105,22.0291,18.2243,25.4206,27.6316
0.785398,0.785191,22.1343,18.3296,25.5258,27.7369
0.785398,0.785598,22.2386,18.4339,25.6301,27.8412
0.785398,0.785335,22.3433,18.5386,25.7348,27.9459
0.785398,0.785286,22.4482,18.6435,25.8398,28.0508
0.785398,0.785754,22.5534,18.7487,25.945,28.156
0.785398,0.785556,22.6484,18.8437,26.0399,28.251
0.785398,0.785356,22.7642,18.9596,26.1558,28.3669
0.785398,0.785325,22.8695,19.0648,26.2611,28.4721
0.785398,0.785252,22.9753,19.1706,26.3669,28.5779
0.785398,0.785633,23.081,19.2763,26.4726,28.6836
0.785398,0.7855,23.1882,19.3835,26.5797,28.7908
0.785398,0.785284,23.2939,19.4892,26.6854,28.8965
0.785398,0.785533,23.3995,19.5948,26.7911,29.0021
0.785398,0.785365,23.5063,19.7017,26.8979,29.109
0.785398,0.785165,23.6126,19.8079,27.0042,29.2152
0.785398,0.785481,23.7075,19.9029,27.0991,29.3102
0.785398,0.785147,23.8236,20.019,27.2152,29.4263
0.785398,0.784029,23.9207,20.1159,27.3122,29.5233
0.785398,0.785277,24.039,20.2342,27.4304,29.6415
0.785398,0.785536,24.1442,20.3394,27.5356,29.7467
0.785398,0.785832,24.2498,20.4451,27.6413,29.8524
0.785398,0.785408,24.3556,20.5509,27.7472,29.9582
0.785398,0.785389,24.462,20.6573,27.8535,30.0646
0.785398,0.785568,24.5672,20.7625,27.9587,30.1698
0.785398,0.785567,24.6728,20.8681,28.0644,30.2754
0.785398,0.785277,24.7679,20.9632,28.1594,30.3705
0.785398,0.78529,24.8753,21.0707,28.2669,30.478
0.785398,0.78536,24.9935,21.1889,28.3852,30.5961
0.785398,0.786552,25.1041,21.2997,28.496,30.7068
0.785398,0.78513,25.211,21.4066,28.6029,30.8137
0.785398,0.785504,25.3152,21.5108,28.7071,30.918
Exiting model node
0.785398,0.785504,25.3152,21.5108,28.7071,30.918
... logging to /home/aauship/.ros/log/2e3816f0-1f8f-11e7-8017-00248c681181/roslaunch-aauship-23855.log
Checking log directory for disk usage. This may take awhile.
Press Ctrl-C to interrupt
Done checking log file disk usage. Usage is <1GB.
]2;/home/aauship/p8-vessel-main/aauship_832_ws/src/aauship_control/path_controller_model_test.launch
[1mstarted roslaunch server http://aauship:48497/[0m

SUMMARY
========

PARAMETERS
 * /rosdistro: indigo
 * /rosversion: 1.11.9

NODES
  /
    lqr_node (aauship_control/lqr_node)
    model_node (aauship_control/model-node.py)
    path_follower_node (aauship_control/path_follower_node)

auto-starting new master
[1mprocess[master]: started with pid [23867][0m
[1mROS_MASTER_URI=http://localhost:11311[0m
]2;/home/aauship/p8-vessel-main/aauship_832_ws/src/aauship_control/path_controller_model_test.launch http://localhost:11311
[1msetting /run_id to 2e3816f0-1f8f-11e7-8017-00248c681181[0m
[1mprocess[rosout-1]: started with pid [23880][0m
started core service [/rosout]
[1mprocess[model_node-2]: started with pid [23897][0m
[1mprocess[lqr_node-3]: started with pid [23898][0m
[1mprocess[path_follower_node-4]: started with pid [23917][0m
[path_follower_node-4] killing on exit
[lqr_node-3] killing on exit
[model_node-2] killing on exit
[rosout-1] killing on exit
[master] killing on exit
shutting down processing monitor...
... shutting down processing monitor complete
[1mdone[0m
