
######LQR CONTROLLER RUNNING######
0.30387536
0.604438478576
0.90172545916
1.19577201165
1.48661345673
1.46942479005
1.45242347984
1.43560748391
1.41897478233
1.40252337721
1.38625129239
1.37015657331
1.35423728666
1.33849152023
1.32291738266
1.30751300319
1.29227653146
1.27720613726
1.26230001037
1.24755636025
1.23297341593
1.21854942569
1.20428265695
1.19017139599
1.17621394778
1.16240863575
1.14875380162
1.13524780518
1.1218890241
1.10867585374
1.09560670693
1.08268001383
1.06989422168
1.05724779466
1.0447392137
1.03236697627
1.02012959623
1.00802560363
0.996053544551
0.984211980915
0.972499490323
0.960914665879
0.949456116021
0.938122464356
0.926912349494
0.915824424885
0.904857358654
0.894009833444
0.88328054626
0.872668208306
0.862171544835
0.851789294996
0.841520211681
0.831363061374
0.821316624005
0.811379692803
0.801551074151
0.791829587443
0.78221406494
0.772703351632
0.763296305099
0.753991795374
0.744788704804
0.735685927922
0.726682371308
0.75209893346
0.791371035086
0.810025670803
0.800211810991
0.790504922252
0.780903838599
0.771407406758
0.784222826025
0.806993257221
0.833553370717
0.871937618976
0.86144891893
0.851074545713
0.840813253165
0.830663808705
0.820624993191
0.812714540765
0.81296607227
0.859650482083
0.913901791828
0.902955682297
0.89212888536
0.88142010051
0.870828041414
0.860351435763
0.849989025113
0.853872144739
0.885978098361
0.923790917089
0.912737016093
0.901803602618
0.890989363349
0.880292999289
0.869713225596
0.859248771437
0.895333999829
0.959291059231
0.955925966685
0.944521793648
0.933241926097
0.922085009103
0.911049702504
0.900134680746
0.889338632726
0.900868601629
0.916310773872
0.935622506437
0.928477521116
0.925448296136
0.914376329708
0.903425047714
0.914801474694
0.93211071862
0.951250231787
0.974219004261
0.962615437114
0.95113834885
0.939786360847
0.928558109514
0.91745224612
0.930694716638
0.945811784226
0.960764075778
0.979591267352
0.967929142538
0.956394134884
0.944984858814
0.933699943853
0.934651674465
0.959820311213
0.986733549821
0.974993574128
0.96338156417
0.951896125121
0.940535877357
0.941413096294
0.946318633544
0.973379040439
1.0041823689
0.992252201077
0.980452072085
0.968780564499
0.957236276346
0.945817820934
0.950675346686
0.957498865407
0.980399527774
1.00506951292
0.993129675231
0.98131998177
0.969639013969
0.958085368717
0.946657658198
0.963619669724
0.982415735324
0.990912223809
1.00133504057
0.989435908627
0.977666477223
0.966025332621
0.954511076495
0.965330665762
1.0002596015
1.03682675185
1.02454076025
1.01238868597
1.00036906929
0.988480466434
0.97672144935
0.965090605552
0.957624417952
0.974466891796
1.00727730268
1.00944598008
1.01159101889
0.999580096788
0.987700093733
0.975949582711
0.964327152259
0.9649450463
0.967575145295
0.992384916211
1.01288638062
1.00086133908
0.98896737048
0.977203046142
0.965566952939
0.954057693152
0.981033744296
1.00973469648
1.00985764829
1.00997925993
0.997985905992
0.986123279617
0.974389955869
0.96480346535
0.955321467578
0.990359503581
1.02703456499
1.01485530823
1.00280880537
0.990893609395
0.979108289053
0.967451428702
0.976111028129
1.00890351792
1.02518704958
1.04331203074
1.0309553496
1.01873335629
1.00664458271
0.994687576756
0.98286090217
0.971163138336
0.971706520128
0.996471259059
1.02096606234
1.00885295226
0.996871875076
0.985021391638
0.973300078469
0.971801227614
0.970318714233
0.997117520247
1.02564315928
1.01347906884
1.00144756699
0.98954720851
0.977776563937
0.96613421939
0.980864996399
0.997454147938
1.00780565773
1.02006327606
1.00796000635
0.995988662278
0.984147805859
0.972436014776
0.979022342215
1.00976415868
1.04017088935
1.02784844666
1.01566031859
1.00360504112
0.991681166171
0.97988726146
0.96822191031
0.982929931488
1.02170491523
1.03179209166
1.01956097786
1.0074631832
0.995497254504
0.98366175443
0.971955261306
0.960376368958
0.989302486537
1.01993224943
1.01590616791
1.00384821068
0.991921685188
0.980125158819
0.968457214588
0.983162670949
0.997707837836
1.0080565824
1.01829252566
1.00620855713
0.994256303853
0.982434330141
0.970741215942
0.983402836689
1.02015372577
1.05852297016
1.04600048978
1.03361450444
1.02136352635
1.00924608391
0.997260721594
0.985405999729
0.973680494332
0.976215376944
0.978722629335
1.00139195268
1.02381418039
1.01167002582
0.999658242543
0.987777387699
0.976026034174
0.974497470401
0.975004507974
1.00175223884
1.02820841943
1.01601636766
1.00395720925
0.992029495673
0.98023179417
0.968562687614
0.983266994319
0.999829964081
1.01015557747
1.02238758168
1.01025897704
0.998262574188
0.986396932129
0.974660625569
0.96305224475
0.991949195283
1.02053116905
1.01649855931
1.01250990501
1.00048896705
0.988599057309
0.976838747585
0.977320265236
1.00404275434
1.03047396832
1.05661708207
1.04411537587
1.03174993828
1.01951928395
1.00742194375
0.995456464567
0.983621409103
0.971915355744
0.978507358366
1.00925478816
1.02755343097
1.04767155857
1.03526735858
1.02299836437
1.0108631022
0.998860114389
0.986987959142
0.975245210388
0.971706217594
0.992433079823
1.01495295925
1.002905392
0.990989143224
0.979202781563
0.967544891244
0.984279231929
1.0008311683
1.00912692857
1.01733226505
1.00525876336
0.993316862836
0.981505129031
0.971841083124
0.962282375318
0.995225597427
1.02982867842
1.01761896582
1.00554233909
0.993597347597
0.981782556508
0.972115486642
0.986781067838
1.0214761942
1.02752798368
1.03553274866
1.0232608617
1.01112273831
0.999116920459
0.987241966026
0.975496448596
0.963878957307
0.990747956672
1.04155136394
1.03930857408
1.02699553062
1.01481669934
1.00277061731
0.990855837585
0.979070928955
0.967414475829
0.984150238043
1.00070358045
1.00900073142
0.997018043449
0.985165966775
0.973443077737
0.96184796819
0.992776985337
1.0233688762
1.01526745545
1.00927328018
0.997287621428
0.985432606354
0.973706810945
0.982298226706
1.01502327603
1.03124010233
1.04728016521
1.03488023141
1.02261545689
1.01048436841
0.998485508792
0.986617436746
0.974878726685
0.975381608564
1.00212522903
1.02857734403
1.01638127098
1.00431813513
0.992386487458
0.980584894745
0.970930879392
0.961382092807
0.996354067995
1.03296378865
1.02071990336
1.00860947641
0.996631053118
0.984783194639
0.973064477817
0.979643955009
0.9861517159
1.0047021822
1.02305044841
1.01091461852
0.998911069181
0.987038358527
0.975295060419
0.97983128426
1.00854534326
1.03896535902
1.02665605661
1.01448092559
1.0024385035
0.990527343813
0.978746015765
0.967093104193
0.987870249358
1.03264820364
1.03655927822
1.02427620209
1.01212701148
1.00011024706
0.988224465367
0.976468238694
0.964840154892
0.987660797204
1.01225163451
1.0143660917
1.0164575013
1.00439353453
0.992461065008
0.9806586594
0.973022780012
0.96547013171
0.998378607274
1.03092838046
1.01870668111
1.00661819828
0.994661479923
0.982835089792
0.973156547313
0.987810780947
1.00230528343
1.00654709585
1.0127616125
1.00073793092
0.988845307477
0.977082313626
0.965447536407
0.99229943826
1.02087759438
1.0188601486
1.00676999298
0.994811620061
0.982983593403
0.971284492235
0.985959131269
1.00249275674
1.01278934569
1.02499264182
1.01283564203
1.00081115353
0.988917731954
0.977153948676
0.965518390636
0.994388460178
1.02294384596
1.01686599804
1.01287333866
1.00084843927
0.988954611283
0.97719042602
0.981705990376
1.01039961508
1.03070471928
1.05280743784
1.04034725676
1.02802289167
1.01583286215
1.00377570395
0.991849968776
0.980054224116
0.974443873073
0.993121954857
1.02371008555
1.01762388562
1.01160402526
0.999592961388
0.987712818109
0.975962168391
0.964339600756
0.993222519107
1.02179061365
1.01572533596
1.0036693498
0.991744773886
0.97995017585
0.968284138934
0.989048301819
1.00958613533
1.01374858645
1.01786566686
1.00578635109
0.993838699866
0.982021278038
0.976389486107
0.970819080708
0.999631372729
1.03014855077
1.01793535156
1.00585527623
0.99390687372
0.982088708796
0.97645618187
0.970885049488
1.00171556245
1.04432366282
1.03195595489
1.01972305498
1.00762349369
0.995655817604
0.983818589192
0.97211038657
0.960529803357
0.9975300085
1.03412691141
1.02187034807
1.00974738128
0.997756554823
0.985896428375
0.974165577306
0.980733052514
0.989247882241
1.00776460032
1.02809842618
1.01590757334
1.00384960079
0.991923060138
0.980126518782
0.976534319728
0.997208555643
1.01967638239
1.00757732982
0.995610156923
0.983773426213
0.972065715867
0.986731839564
1.00325704251
1.01354530075
1.00151307697
0.989612004432
0.977840653584
0.96619761046
0.995060276506
1.02562727949
1.02153912215
1.01749552571
1.00542024448
0.993476583819
0.981663109055
0.980073101167
0.978500424364
1.00319110974
1.02963160664
1.01742404213
1.00534954007
0.993406650084
0.981593937598
0.980004683678
1.00266003263
1.02910631827
1.0169044794
1.00483564058
0.992898352093
0.981091180056
0.981526346193
0.981956769019
1.00459084024
1.02899714008
1.01679649125
1.0047288295
0.992792705256
0.980986684768
0.969309349904
0.99208127799
1.01662393206
1.0186907312
1.02073500223
1.00862441071
0.99664582463
0.984797805141
0.977116809065
0.993746815846
1.02634707555
1.05859199243
1.04606875971
1.03368203023
1.0214303161
1.00931214566
0.997326063269
0.985470629179
0.973744419321
0.982335425151
1.01506006902
1.03127649426
1.04933510048
1.03691276788
1.02462583871
1.01247283707
1.00045230315
0.988562793041
0.976802878597
0.975265847221
0.997972849486
1.02245128543
1.01032198642
0.998324896763
0.986458575389
0.974721596917
0.979264071511
0.983757033131
1.00435254147
1.01664779877
1.00458175776
0.992647236602
0.980842801723
0.973204915184
0.967669221609
1.00055372709
1.03509873147
1.02283157529
1.01069813112
0.998696941495
0.986826564832
0.975085575276
0.981643022505
0.98812899356
1.00665790753
1.02498485634
1.0128279414
1.00080353684
0.988910198291
0.97714649713
0.981662540311
1.01035663862
1.03873797126
1.02643114737
1.01425846787
1.00221847057
0.990309709239
0.978530753408
0.966880188196
0.991697534144
1.01624437102
1.01427742738
1.00223722342
0.990328257684
0.978549099676
0.966898334489
0.991715482643
1.01626212388
1.01631392673
1.01636516493
1.00430220463
0.992370730602
0.980569309639
0.978991224164
1.00165761982
1.02811483176
1.0542836601
1.0418073882
1.02946710767
1.0172613362
1.00518860763
0.99324747181
0.981436494368
0.971773196579
0.986442508736
1.02114132539
1.02719676494
1.03520514021
1.02293682418
1.01080223279
0.998799908457
0.986928409455
0.975186309792
0.963572199015
0.990444542046
1.04125125654
1.09352311784
1.08061913586
1.06785580728
1.05523159898
1.04274499455
1.03039449411
1.01817861412
1.00609588723
0.994144862057
0.98232410306
0.970632190337
0.959067719462
0.97993234132
1.0025884788
1.00682720438
1.01303866785
1.00101196637
0.98911635594
Exiting model node
... logging to /home/aauship/.ros/log/cfff4416-12f8-11e7-9e86-00248c681181/roslaunch-aauship-6604.log
Checking log directory for disk usage. This may take awhile.
Press Ctrl-C to interrupt
Done checking log file disk usage. Usage is <1GB.
]2;modelTest.launch
[1mstarted roslaunch server http://aauship:43420/[0m

SUMMARY
========

PARAMETERS
 * /rosdistro: indigo
 * /rosversion: 1.11.9

NODES
  /
    lqr_node (aauship_control/lqr_node)
    model_node (aauship_control/model-node.py)

auto-starting new master
[1mprocess[master]: started with pid [6616][0m
[1mROS_MASTER_URI=http://localhost:11311[0m
]2;modelTest.launch http://localhost:11311
[1msetting /run_id to cfff4416-12f8-11e7-9e86-00248c681181[0m
[1mprocess[rosout-1]: started with pid [6629][0m
started core service [/rosout]
[1mprocess[model_node-2]: started with pid [6646][0m
[1mprocess[lqr_node-3]: started with pid [6647][0m
[lqr_node-3] killing on exit
[model_node-2] killing on exit
[rosout-1] killing on exit
[master] killing on exit
shutting down processing monitor...
... shutting down processing monitor complete
[1mdone[0m
