0.785398,1,0,0,7.07107,7.07107
0.785398,1,0,0,7.07107,7.07107
0.785398,1,0,0,7.07107,7.07107
0.785398,0.0421547,0.074867,0.00203784,7.08812,7.13045
0.785398,0.4119,0.690378,0.156545,7.32681,7.63704
0.785398,0.638639,1.56253,0.735211,7.94923,8.43002
0.785398,0.483265,2.86709,1.56484,8.83329,9.59008
0.785398,0.30302,4.21197,2.1083,9.42158,10.6441
0.785398,0.23178,5.62547,2.44812,9.72342,11.5699
0.785398,0.379458,7.20328,2.95764,10.0705,12.5378
0.785398,0.512433,8.53773,3.60664,10.5387,13.4044
0.785398,0.630525,9.64822,4.33014,11.1293,14.2199
0.785398,0.735399,10.5621,5.08173,11.8177,15.0026
0.785398,0.828534,11.3078,5.82927,12.566,15.7498
0.785398,0.911245,11.912,6.55143,13.3345,16.4497
0.785398,0.984699,12.399,7.2349,14.0898,17.0909
0.785398,1.04993,12.7899,7.87205,14.8083,17.6662
0.785398,1.01254,13.2119,8.58849,15.6099,18.2967
0.785398,0.955462,13.6456,9.2367,16.3124,18.8746
0.785398,0.904774,14.062,9.79225,16.8998,19.3811
0.785398,0.85976,14.4555,10.2682,17.3935,19.8269
0.785398,0.819783,14.8227,10.676,17.8097,20.2195
0.785398,0.784282,15.162,11.0256,18.1613,20.5651
0.785398,0.752753,15.4729,11.3252,18.4587,20.8691
0.785398,0.724754,15.756,11.5823,18.7104,21.1359
0.785398,0.699889,16.012,11.8029,18.9236,21.3697
0.785398,0.677806,16.2424,11.9922,19.104,21.574
0.785398,0.658196,16.4487,12.1546,19.2568,21.7523
0.785398,0.64078,16.6325,12.294,19.3861,21.9074
0.785398,0.625313,16.7954,12.4133,19.4953,22.042
0.785398,0.611578,16.9392,12.5155,19.5876,22.1584
0.785398,0.59938,17.0653,12.6027,19.6653,22.2588
0.785398,0.588548,17.1754,12.6769,19.7307,22.3449
0.785398,0.578927,17.2707,12.7398,19.7854,22.4185
0.785398,0.570384,17.3528,12.7929,19.831,22.481
0.785398,0.562797,17.4227,12.8374,19.8689,22.5336
0.785398,0.556059,17.4817,12.8743,19.8999,22.5775
0.785398,0.550075,17.5308,12.9046,19.9252,22.6137
0.785398,0.544761,17.571,12.929,19.9454,22.643
0.785398,0.540042,17.603,12.9484,19.9613,22.6663
0.785398,0.564406,17.6706,12.9898,19.9956,22.7158
0.785398,0.632958,17.7911,13.0726,20.0679,22.81
0.785398,0.693837,17.8904,13.1507,20.1399,22.8944
0.785398,0.747902,17.9718,13.2225,20.2091,22.969
0.785398,0.795916,18.0379,13.2872,20.2734,23.0342
0.785398,0.838555,18.0914,13.3444,20.3316,23.0903
0.785398,0.876422,18.1342,13.394,20.3831,23.1378
0.785398,0.910051,18.1679,13.4361,20.4276,23.1775
0.785398,0.939916,18.1942,13.471,20.465,23.2098
0.785398,0.966438,18.2141,13.4992,20.4954,23.2355
0.785398,0.989991,18.2287,13.5209,20.5192,23.2551
0.785398,1.01091,18.2389,13.5367,20.5366,23.2692
0.785398,1.02948,18.2452,13.5471,20.5481,23.2783
0.785398,1.04598,18.2484,13.5524,20.554,23.283
0.785398,1.06063,18.2488,13.5532,20.5549,23.2837
0.785398,1.07364,18.2469,13.5498,20.551,23.2807
0.785398,1.0852,18.2431,13.5426,20.5429,23.2745
0.785398,1.02203,18.3007,13.6432,20.6554,23.362
0.785398,0.953869,18.3664,13.7422,20.7633,23.4507
0.785398,0.893334,18.428,13.8232,20.8495,23.5256
0.785398,0.839574,18.4842,13.889,20.9179,23.5883
0.785398,0.791832,18.5342,13.9419,20.9716,23.6404
0.785398,0.749433,18.5778,13.9841,21.0133,23.6829
0.785398,0.71178,18.6148,14.0171,21.0454,23.7173
0.785398,0.678341,18.6454,14.0426,21.0694,23.7443
0.785398,0.648645,18.6698,14.0616,21.0871,23.7651
0.785398,0.622273,18.6884,14.0753,21.0994,23.7803
0.785398,0.598852,18.7015,14.0845,21.1075,23.7907
0.785398,0.578053,18.7095,14.0898,21.1122,23.7969
0.785398,0.559582,18.7129,14.0919,21.114,23.7994
0.785398,0.543178,18.7119,14.0913,21.1135,23.7987
0.785398,0.528611,18.707,14.0884,21.1111,23.7951
0.785398,0.515673,18.6985,14.0835,21.1072,23.7891
0.785398,0.56158,18.7728,14.1282,21.1438,23.843
0.785398,0.620423,18.8583,14.1858,21.1939,23.9092
0.785398,0.672679,18.9281,14.2388,21.2423,23.9674
0.785398,0.719087,18.9847,14.2863,21.2872,24.0176
0.785398,0.7603,19.0301,14.3279,21.3277,24.0604
0.785398,0.796901,19.066,14.3634,21.3631,24.096
0.785398,0.829405,19.0938,14.3929,21.3931,24.125
0.785398,0.85827,19.1148,14.4166,21.4175,24.1478
0.785398,0.883905,19.1301,14.4347,21.4364,24.1651
0.785398,0.906671,19.1404,14.4476,21.45,24.1772
0.785398,0.926888,19.1465,14.4556,21.4586,24.1847
0.785398,0.944843,19.1491,14.4591,21.4624,24.1879
0.785398,0.960788,19.1487,14.4585,21.4617,24.1873
0.785398,0.974948,19.1457,14.4541,21.4569,24.1833
0.785398,0.987524,19.1404,14.4462,21.4483,24.1762
0.785398,0.998692,19.1332,14.4351,21.4361,24.1663
0.785398,1.00861,19.1243,14.4212,21.4208,24.1539
0.785398,0.981856,19.1478,14.457,21.4601,24.186
0.785398,0.927935,19.197,14.5261,21.5347,24.2491
0.785398,0.88005,19.2412,14.5821,21.5938,24.3014
0.785398,0.837524,19.28,14.6268,21.6402,24.3443
0.785398,0.799758,19.3131,14.6621,21.6761,24.3789
0.785398,0.766219,19.3405,14.6894,21.7033,24.4062
0.785398,0.736434,19.3625,14.7098,21.7233,24.4271
0.785398,0.709983,19.3791,14.7245,21.7374,24.4424
0.785398,0.686492,19.3907,14.7342,21.7467,24.4527
0.785398,0.665631,19.3977,14.7398,21.7519,24.4588
0.785398,0.647104,19.4003,14.7418,21.7537,24.461
0.785398,0.630652,19.3989,14.7408,21.7528,24.4598
0.785398,0.61604,19.3939,14.7372,21.7496,24.4557
0.785398,0.603064,19.3854,14.7313,21.7444,24.4491
0.785398,0.591541,19.3739,14.7235,21.7376,24.4401
0.785398,0.594909,19.3797,14.7274,21.741,24.4446
0.785398,0.64176,19.4422,14.7721,21.7808,24.4948
0.785398,0.685223,19.4951,14.8136,21.8192,24.5398
0.785398,0.723821,19.5373,14.8496,21.8535,24.5777
0.785398,0.758099,19.5705,14.8801,21.8832,24.609
0.785398,0.788541,19.596,14.905,21.908,24.6341
0.785398,0.815575,19.615,14.9246,21.9278,24.6535
0.785398,0.839584,19.6283,14.9392,21.9427,24.6677
0.785398,0.860905,19.6369,14.949,21.9528,24.6771
0.785398,0.87984,19.6414,14.9544,21.9584,24.6822
0.785398,0.896655,19.6424,14.9556,21.9597,24.6834
0.785398,0.911589,19.6404,14.953,21.9569,24.681
0.785398,0.924851,19.6358,14.9469,21.9505,24.6754
0.785398,0.936628,19.6289,14.9377,21.9406,24.6668
0.785398,0.947087,19.6201,14.9255,21.9275,24.6557
0.785398,0.939297,19.6271,14.9352,21.9379,24.6646
0.785398,0.906849,19.657,14.9746,21.9799,24.7011
0.785398,0.878033,19.682,15.0054,22.0124,24.7301
0.785398,0.852442,19.702,15.0289,22.0368,24.7525
0.785398,0.829716,19.7173,15.046,22.0544,24.7691
0.785398,0.809533,19.7281,15.0576,22.0662,24.7804
0.785398,0.791609,19.7348,15.0645,22.0731,24.7872
0.785398,0.775692,19.7375,15.0672,22.0758,24.79
0.785398,0.761556,19.7366,15.0663,22.075,24.7891
0.785398,0.749002,19.7324,15.0624,22.0711,24.7851
0.785398,0.737853,19.7252,15.0557,22.0646,24.7782
0.785398,0.727952,19.7151,15.0467,22.0558,24.7688
0.785398,0.71916,19.7025,15.0355,22.0451,24.7573
0.785398,0.711351,19.6875,15.0226,22.0327,24.7437
0.785398,0.704417,19.6705,15.008,22.0188,24.7284
0.785398,0.698258,19.6516,14.9921,22.0037,24.7115
0.785398,0.692789,19.631,14.9748,21.9874,24.6932
0.785398,0.687932,19.6088,14.9565,21.9701,24.6737
0.785398,0.683619,19.5852,14.9372,21.952,24.6531
0.785398,0.694303,19.5801,14.9332,21.9483,24.6488
0.785398,0.72548,19.6002,14.9505,21.9648,24.6669
0.785398,0.753167,19.6142,14.9633,21.9773,24.6801
0.785398,0.777756,19.6232,14.9719,21.9858,24.6888
0.785398,0.799592,19.6277,14.9764,21.9903,24.6933
0.785398,0.818984,19.6284,14.9772,21.9911,24.6941
0.785398,0.836206,19.6258,14.9744,21.9882,24.6914
0.785398,0.8515,19.6205,14.9684,21.982,24.6856
0.785398,0.865082,19.6127,14.9594,21.9727,24.6769
0.785398,0.872665,19.6081,14.9539,21.9669,24.6717
0.785398,0.851355,19.6322,14.9819,21.9961,24.6985
0.785398,0.829029,19.655,15.0074,22.0222,24.7231
0.785398,0.809201,19.6727,15.0263,22.0415,24.7417
0.785398,0.791593,19.6857,15.0396,22.0549,24.7549
0.785398,0.775956,19.6941,15.0481,22.0633,24.7633
0.785398,0.762069,19.6985,15.0522,22.0675,24.7676
0.785398,0.749736,19.699,15.0527,22.068,24.7681
0.785398,0.738784,19.696,15.05,22.0653,24.7653
0.785398,0.729057,19.6898,15.0444,22.0599,24.7595
0.785398,0.743388,19.7105,15.0632,22.0782,24.7789
0.785398,0.765729,19.7371,15.0882,22.1028,24.8044
0.785398,0.78557,19.7571,15.1079,22.1223,24.8241
0.785398,0.80319,19.7714,15.1225,22.137,24.8386
0.785398,0.818837,19.7808,15.1323,22.147,24.8483
0.785398,0.820764,19.8001,15.1532,22.1683,24.8688
0.785398,0.808173,19.8312,15.1861,22.2017,24.9011
0.785398,0.796528,19.8567,15.2125,22.2282,24.9272
0.785398,0.786186,19.8765,15.2325,22.2483,24.9471
0.785398,0.777002,19.8911,15.2469,22.2627,24.9616
0.785398,0.768846,19.9009,15.2565,22.2722,24.9713
0.785398,0.762374,19.9074,15.2628,22.2784,24.9776
0.785398,0.775798,19.9337,15.2882,22.3037,25.0033
0.785398,0.787828,19.9536,15.308,22.3234,25.0232
0.785398,0.792111,19.9759,15.3307,22.3462,25.0457
0.785398,0.785049,20.0058,15.3607,22.3762,25.0756
0.785398,0.778777,20.0293,15.3841,22.3995,25.0991
0.785398,0.787825,20.0658,15.4203,22.4357,25.1354
0.785398,0.775604,20.1307,15.4849,22.5002,25.2001
0.785398,0.78242,20.2162,15.5692,22.5842,25.2847
0.785398,0.789491,20.2907,15.6438,22.6589,25.3593
0.785398,0.786492,20.3653,15.7189,22.7341,25.4343
0.785398,0.782844,20.4303,15.7837,22.7989,25.4992
0.785398,0.786106,20.5062,15.8597,22.8748,25.5751
0.785398,0.782931,20.5845,15.9378,22.9529,25.6533
0.785398,0.783977,20.6653,16.0184,23.0335,25.734
0.785398,0.786127,20.7555,16.1086,23.1237,25.8242
0.785398,0.783706,20.8463,16.1993,23.2143,25.9148
0.785398,0.783315,20.9378,16.2905,23.3055,26.0062
0.785398,0.784285,21.0317,16.3842,23.3991,26.0999
0.785398,0.785241,21.1272,16.4796,23.4944,26.1953
0.785398,0.784601,21.2328,16.5852,23.6001,26.301
0.785398,0.7852,21.3324,16.6847,23.6996,26.4005
0.785398,0.784648,21.432,16.7842,23.799,26.5
0.785398,0.784533,21.5335,16.8855,23.9003,26.6014
0.785398,0.785424,21.6395,16.9913,24.006,26.7072
0.785398,0.784423,21.7457,17.0973,24.1119,26.8133
0.785398,0.785035,21.8482,17.1998,24.2145,26.9158
0.785398,0.785385,21.9504,17.302,24.3166,27.018
0.785398,0.785493,22.0533,17.4049,24.4195,27.1209
0.785398,0.786349,22.1603,17.5119,24.5266,27.2279
0.785398,0.785579,22.2653,17.6169,24.6316,27.3329
0.785398,0.785465,22.3703,17.7219,24.7366,27.4379
0.785398,0.785726,22.477,17.8287,24.8433,27.5447
0.785398,0.785542,22.5815,17.9331,24.9477,27.6491
0.785398,0.785126,22.6909,18.0422,25.0568,27.7583
0.785398,0.785767,22.794,18.1454,25.16,27.8615
0.785398,0.785345,22.8986,18.25,25.2646,27.9661
0.785398,0.785999,23.0063,18.3579,25.3725,28.0739
0.785398,0.786924,23.1133,18.4649,25.4796,28.1809
0.785398,0.784859,23.2212,18.5729,25.5876,28.2889
0.785398,0.783797,23.3261,18.6777,25.6924,28.3937
0.785398,0.785459,23.4338,18.7853,25.8,28.5014
0.785398,0.78552,23.5383,18.8898,25.9044,28.6059
0.785398,0.78804,23.6509,19.0025,26.0171,28.7185
0.785398,0.784995,23.7654,19.1172,26.132,28.8332
0.785398,0.785944,23.8702,19.222,26.2367,28.9379
0.785398,0.785727,23.9721,19.3238,26.3385,29.0398
0.785398,0.785279,24.0746,19.4263,26.441,29.1423
0.785398,0.785455,24.1775,19.5291,26.5438,29.2451
0.785398,0.784066,24.2818,19.6334,26.648,29.3494
0.785398,0.78567,24.388,19.7395,26.7541,29.4555
0.785398,0.785087,24.4922,19.8437,26.8584,29.5598
0.785398,0.785747,24.5992,19.9506,26.9652,29.6667
0.785398,0.785272,24.703,20.0544,27.069,29.7705
0.785398,0.785644,24.8085,20.1599,27.1744,29.8759
0.785398,0.785982,24.9157,20.267,27.2815,29.9831
0.785398,0.785739,25.0213,20.3725,27.3871,30.0887
0.785398,0.784554,25.132,20.4831,27.4976,30.1993
0.785398,0.785539,25.2372,20.5883,27.6028,30.3045
0.785398,0.783492,25.3439,20.695,27.7094,30.4111
0.785398,0.785504,25.4549,20.8057,27.8202,30.522
0.785398,0.787005,25.5586,20.9095,27.924,30.6257
0.785398,0.786249,25.6704,21.0218,28.0363,30.7379
0.785398,0.786045,25.773,21.1244,28.1389,30.8404
0.785398,0.785374,25.8837,21.2349,28.2494,30.951
0.785398,0.785252,25.9881,21.3394,28.354,31.0555
0.785398,0.785097,26.0895,21.4408,28.4554,31.1569
0.785398,0.784886,26.1939,21.5452,28.5598,31.2613
0.785398,0.785574,26.2969,21.6482,28.6628,31.3643
0.785398,0.784001,26.4066,21.7578,28.7723,31.4739
0.785398,0.785732,26.5122,21.8633,28.8778,31.5795
0.785398,0.785596,26.6159,21.967,28.9815,31.6832
0.785398,0.783985,26.7216,22.0727,29.0872,31.7889
0.785398,0.786002,26.8287,22.1797,29.1942,31.8959
0.785398,0.785436,26.9358,22.2868,29.3012,32.003
0.785398,0.784268,27.0435,22.3943,29.4088,32.1106
0.785398,0.785885,27.1487,22.4996,29.5141,32.2159
0.785398,0.785607,27.2511,22.6021,29.6165,32.3183
0.785398,0.786633,27.3553,22.7063,29.7208,32.4225
0.785398,0.785674,27.4613,22.8124,29.827,32.5286
0.785398,0.785691,27.5652,22.9164,29.9309,32.6325
0.785398,0.785097,27.6692,23.0205,30.035,32.7366
0.785398,0.785155,27.7748,23.1261,30.1406,32.8422
0.785398,0.785455,27.8822,23.2336,30.2482,32.9497
0.785398,0.785348,27.9866,23.3379,30.3525,33.054
0.785398,0.785039,28.094,23.4453,30.4599,33.1614
0.785398,0.785557,28.1991,23.5503,30.5649,33.2664
0.785398,0.786744,28.3053,23.6567,30.6712,33.3728
0.785398,0.784878,28.4144,23.7658,30.7804,33.4819
0.785398,0.785269,28.5209,23.8722,30.8868,33.5883
0.785398,0.785587,28.6378,23.9895,31.0042,33.7055
0.785398,0.784599,28.7474,24.0988,31.1134,33.8149
0.785398,0.78515,28.8492,24.2006,31.2152,33.9167
0.785398,0.785433,28.951,24.3025,31.3171,34.0185
0.785398,0.785505,29.0552,24.4066,31.4212,34.1227
0.785398,0.785401,29.1599,24.5112,31.5258,34.2273
0.785398,0.785623,29.2637,24.615,31.6295,34.3311
0.785398,0.785542,29.3679,24.7192,31.7338,34.4353
0.785398,0.785141,29.4723,24.8237,31.8382,34.5398
0.785398,0.785445,29.5774,24.9287,31.9433,34.6449
0.785398,0.785633,29.6821,25.0335,32.048,34.7496
0.785398,0.785115,29.7934,25.1445,32.1591,34.8607
0.785398,0.785674,29.8978,25.249,32.2635,34.9651
0.785398,0.785223,30.0055,25.3565,32.3711,35.0727
0.785398,0.785682,30.1096,25.4607,32.4752,35.1769
0.785398,0.785582,30.2159,25.567,32.5815,35.2831
0.785398,0.784458,30.3258,25.6767,32.6912,35.3929
0.785398,0.785707,30.432,25.7829,32.7974,35.4991
0.785398,0.784026,30.5374,25.8884,32.9029,35.6046
0.785398,0.78662,30.6485,25.9994,33.0139,35.7156
0.785398,0.785805,30.7527,26.1038,33.1183,35.8199
0.785398,0.785431,30.8557,26.2068,33.2214,35.923
0.785398,0.785818,30.9613,26.3124,33.3269,36.0286
0.785398,0.785807,31.0664,26.4175,33.432,36.1337
0.785398,0.78548,31.1701,26.5212,33.5357,36.2374
0.785398,0.784343,31.2788,26.6298,33.6443,36.346
0.785398,0.78558,31.3847,26.7357,33.7502,36.4519
0.785398,0.784187,31.4909,26.8419,33.8564,36.5581
0.785398,0.785885,31.598,26.9489,33.9634,36.6651
0.785398,0.784815,31.7024,27.0534,34.0679,36.7696
0.785398,0.786199,31.8097,27.1606,34.1751,36.8768
0.785398,0.785814,31.9137,27.2648,34.2793,36.981
0.785398,0.785403,32.0174,27.3685,34.383,37.0847
0.785398,0.785249,32.1238,27.475,34.4895,37.1911
0.785398,0.786112,32.2328,27.5841,34.5987,37.3002
0.785398,0.785492,32.3372,27.6886,34.7032,37.4047
0.785398,0.787003,32.4468,27.7983,34.8129,37.5143
0.785398,0.784934,32.5541,27.9057,34.9204,37.6217
0.785398,0.785112,32.6581,28.0096,35.0243,37.7257
0.785398,0.787279,32.7643,28.1159,35.1305,37.8319
0.785398,0.785888,32.8776,28.2295,35.2442,37.9454
0.785398,0.785648,32.9804,28.3322,35.3469,38.0481
0.785398,0.784595,33.0914,28.4429,35.4575,38.1589
0.785398,0.784976,33.1964,28.548,35.5627,38.264
0.785398,0.786374,33.3046,28.6563,35.671,38.3723
0.785398,0.78484,33.4106,28.7623,35.7769,38.4783
0.785398,0.784382,33.5142,28.8658,35.8804,38.5818
0.785398,0.78512,33.6171,28.9685,35.9832,38.6846
0.785398,0.785123,33.7201,29.0716,36.0862,38.7876
0.785398,0.786221,33.8254,29.1768,36.1914,38.8929
0.785398,0.784728,33.9371,29.2888,36.3034,39.0048
0.785398,0.785547,34.0417,29.3932,36.4078,39.1093
0.785398,0.785133,34.1447,29.4961,36.5107,39.2122
0.785398,0.785358,34.2488,29.6002,36.6148,39.3163
0.785398,0.785204,34.3525,29.7039,36.7185,39.42
0.785398,0.784953,34.4579,29.8093,36.8239,39.5254
0.785398,0.786369,34.5629,29.9143,36.9289,39.6304
0.785398,0.784913,34.6707,30.0222,37.0368,39.7382
0.785398,0.785432,34.775,30.1265,37.1411,39.8426
0.785398,0.785477,34.8795,30.2309,37.2456,39.947
0.785398,0.784961,34.9839,30.3354,37.35,40.0515
0.785398,0.785522,35.0889,30.4403,37.4549,40.1564
0.785398,0.785733,35.195,30.5465,37.5611,40.2625
0.785398,0.784992,35.302,30.6535,37.6681,40.3695
0.785398,0.786167,35.4107,30.7621,37.7767,40.4782
0.785398,0.785916,35.5164,30.8679,37.8825,40.5839
0.785398,0.784802,35.6283,30.9795,37.994,40.6956
0.785398,0.785352,35.7321,31.0833,38.0979,40.7995
0.785398,0.785207,35.8373,31.1886,38.2032,40.9047
0.785398,0.785211,35.9418,31.2931,38.3077,41.0092
0.785398,0.781979,36.0589,31.4102,38.4247,41.1263
0.785398,0.784738,36.1811,31.5319,38.5463,41.2482
0.785398,0.786973,36.2885,31.6394,38.6539,41.3556
0.785398,0.785658,36.389,31.7401,38.7545,41.4562
0.785398,0.786267,36.4892,31.8403,38.8548,41.5565
0.785398,0.786838,36.5905,31.9417,38.9562,41.6579
0.785398,0.78677,36.6964,32.0476,39.0621,41.7637
0.785398,0.786506,36.8097,32.1615,39.1761,41.8774
0.785398,0.785454,36.9128,32.2645,39.2792,41.9805
0.785398,0.783246,37.0218,32.3732,39.3878,42.0893
0.785398,0.785804,37.1281,32.4794,39.4939,42.1955
0.785398,0.785796,37.2286,32.5799,39.5945,42.296
0.785398,0.785724,37.3304,32.6818,39.6963,42.3979
0.785398,0.785282,37.4328,32.7842,39.7987,42.5003
0.785398,0.785202,37.5359,32.8873,39.9018,42.6033
0.785398,0.786108,37.64,32.9913,40.0059,42.7074
0.785398,0.785583,37.7448,33.0961,40.1107,42.8122
0.785398,0.785622,37.8527,33.204,40.2185,42.9201
0.785398,0.785677,37.9565,33.3078,40.3224,43.0239
0.785398,0.786039,38.0628,33.414,40.4286,43.1301
0.785398,0.784634,38.1746,33.5256,40.5401,43.2418
0.785398,0.784597,38.2794,33.6304,40.6448,43.3466
0.785398,0.787141,38.3937,33.7451,40.7597,43.4612
0.785398,0.784584,38.5011,33.8525,40.8671,43.5686
0.785398,0.78568,38.6068,33.9583,40.9729,43.6743
0.785398,0.785793,38.7107,34.0622,41.0769,43.7783
0.785398,0.785488,38.8139,34.1654,41.18,43.8814
0.785398,0.787216,38.9225,34.2742,41.2888,43.9902
0.785398,0.784851,39.0301,34.3818,41.3965,44.0978
0.785398,0.784238,39.1329,34.4846,41.4992,44.2006
0.785398,0.783897,39.2369,34.5885,41.6031,44.3045
0.785398,0.785539,39.3422,34.6936,41.7083,44.4097
0.785398,0.784985,39.4522,34.8034,41.8179,44.5195
0.785398,0.785509,39.5551,34.9064,41.9209,44.6225
0.785398,0.785562,39.6585,35.0098,42.0243,44.7259
0.785398,0.785317,39.7644,35.1156,42.1301,44.8317
0.785398,0.785603,39.8687,35.2199,42.2344,44.936
0.785398,0.786884,39.9751,35.3264,42.3409,45.0425
0.785398,0.785102,40.0822,35.4336,42.4482,45.1497
0.785398,0.786605,40.1875,35.5389,42.5534,45.2549
0.785398,0.785861,40.3008,35.6525,42.6672,45.3685
0.785398,0.785628,40.4051,35.7567,42.7714,45.4727
0.785398,0.785339,40.5079,35.8596,42.8742,45.5756
0.785398,0.785199,40.6117,35.9633,42.9779,45.6793
0.785398,0.785035,40.7163,36.0679,43.0825,45.7839
0.785398,0.784271,40.8227,36.1742,43.1888,45.8903
0.785398,0.785115,40.9281,36.2795,43.2941,45.9956
0.785398,0.784282,41.0332,36.3846,43.3992,46.1006
0.785398,0.785542,41.1395,36.4908,43.5054,46.2069
0.785398,0.784203,41.2439,36.5952,43.6097,46.3113
0.785398,0.784945,41.3516,36.7028,43.7174,46.4189
0.785398,0.785833,41.4587,36.8099,43.8244,46.5261
0.785398,0.785858,41.5641,36.9153,43.9298,46.6314
0.785398,0.784954,41.6726,37.0237,44.0382,46.7399
0.785398,0.785483,41.7768,37.1278,44.1424,46.844
0.785398,0.784406,41.8846,37.2356,44.25,46.9518
0.785398,0.7854,41.9907,37.3417,44.3562,47.0579
0.785398,0.786058,42.0973,37.4482,44.4627,47.1644
0.785398,0.785433,42.204,37.5549,44.5694,47.2711
0.785398,0.784783,42.3104,37.6613,44.6757,47.3775
0.785398,0.784434,42.416,37.7669,44.7813,47.4831
0.785398,0.786107,42.5228,37.8737,44.8881,47.5899
0.785398,0.785432,42.6269,37.9778,44.9922,47.694
0.785398,0.785088,42.7387,38.0893,45.1037,47.8056
0.785398,0.785859,42.8414,38.1921,45.2065,47.9084
0.785398,0.785004,42.9487,38.2994,45.3138,48.0157
0.785398,0.785646,43.0526,38.4034,45.4178,48.1196
0.785398,0.785036,43.1575,38.5082,45.5227,48.2245
0.785398,0.784294,43.264,38.6149,45.6293,48.3311
0.785398,0.786059,43.3707,38.7215,45.7359,48.4378
0.785398,0.784561,43.4745,38.8253,45.8398,48.5416
0.785398,0.785792,43.5837,38.9344,45.9488,48.6507
0.785398,0.786386,43.6868,39.0376,46.0521,48.7539
0.785398,0.7853,43.7966,39.1473,46.1617,48.8636
0.785398,0.78606,43.8996,39.2504,46.2649,48.9667
0.785398,0.785428,44.0065,39.3573,46.3718,49.0736
0.785398,0.785692,44.1099,39.4608,46.4753,49.1771
0.785398,0.785615,44.2147,39.5657,46.5801,49.2819
0.785398,0.785501,44.3205,39.6715,46.686,49.3877
0.785398,0.784309,44.4292,39.7801,46.7945,49.4963
0.785398,0.785924,44.5354,39.8863,46.9007,49.6025
0.785398,0.785573,44.6386,39.9895,47.004,49.7058
0.785398,0.78674,44.743,40.094,47.1085,49.8102
0.785398,0.785959,44.8492,40.2003,47.2148,49.9165
0.785398,0.786144,44.9537,40.3049,47.3194,50.021
0.785398,0.784638,45.0659,40.4169,47.4314,50.1331
0.785398,0.785309,45.1702,40.5213,47.5358,50.2375
0.785398,0.785536,45.2763,40.6275,47.642,50.3436
0.785398,0.785463,45.3814,40.7326,47.7472,50.4487
0.785398,0.786099,45.4889,40.8403,47.8549,50.5564
0.785398,0.787499,45.5967,40.9482,47.9629,50.6643
0.785398,0.785435,45.7076,41.0594,48.0741,50.7754
0.785398,0.784668,45.8111,41.1628,48.1775,50.8788
0.785398,0.786008,45.9191,41.2708,48.2855,50.9868
0.785398,0.7855,46.0239,41.3755,48.3902,51.0915
0.785398,0.785346,46.1279,41.4795,48.4941,51.1955
0.785398,0.785454,46.2312,41.5827,48.5974,51.2988
0.785398,0.783225,46.3374,41.6889,48.7035,51.4049
0.785398,0.784755,46.4517,41.8028,48.8173,51.519
0.785398,0.783634,46.5556,41.9066,48.9211,51.6228
0.785398,0.78574,46.6637,42.0146,49.0291,51.7308
0.785398,0.785996,46.7653,42.1163,49.1308,51.8325
0.785398,0.785641,46.8683,42.2194,49.2339,51.9356
0.785398,0.785448,46.9726,42.3237,49.3382,52.0399
0.785398,0.786793,47.0828,42.4341,49.4487,52.1502
0.785398,0.785094,47.19,42.5413,49.5559,52.2575
0.785398,0.785045,47.2945,42.6458,49.6603,52.3619
0.785398,0.783986,47.4009,42.7521,49.7666,52.4682
0.785398,0.785816,47.5068,42.8579,49.8724,52.574
0.785398,0.784314,47.6106,42.9617,49.9762,52.6778
0.785398,0.785856,47.7169,43.0679,50.0824,52.7841
0.785398,0.785252,47.8199,43.1709,50.1855,52.8871
0.785398,0.785792,47.9279,43.2792,50.2937,52.9953
0.785398,0.78513,48.0313,43.3826,50.3972,53.0987
0.785398,0.785101,48.1358,43.4871,50.5016,53.2032
0.785398,0.785582,48.2448,43.5963,50.6109,53.3123
0.785398,0.78511,48.3488,43.7003,50.7149,53.4163
0.785398,0.784874,48.454,43.8055,50.82,53.5215
0.785398,0.784448,48.5607,43.912,50.9266,53.6281
0.785398,0.78521,48.6662,44.0176,51.0321,53.7337
0.785398,0.785588,48.7714,44.1227,51.1373,53.8388
0.785398,0.785071,48.8788,44.2302,51.2448,53.9462
0.785398,0.786285,48.9888,44.3404,51.3551,54.0564
0.785398,0.785579,49.0935,44.4451,51.4597,54.1611
0.785398,0.785146,49.1999,44.5514,51.566,54.2674
0.785398,0.785119,49.3055,44.6569,51.6715,54.3729
0.785398,0.784063,49.4136,44.7648,51.7793,54.4809
0.785398,0.785508,49.5192,44.8704,51.8849,54.5865
0.785398,0.784324,49.624,44.9752,51.9897,54.6913
0.785398,0.785449,49.7293,45.0804,52.0949,54.7966
0.785398,0.785115,49.8334,45.1845,52.199,54.9006
0.785398,0.786305,49.946,45.2975,52.3121,55.0135
0.785398,0.786118,50.0504,45.4018,52.4164,55.1179
0.785398,0.785602,50.1567,45.5082,52.5228,55.2243
0.785398,0.78663,50.2716,45.6235,52.6382,55.3394
0.785398,0.784851,50.3765,45.7284,52.7431,55.4443
0.785398,0.785265,50.4781,45.83,52.8447,55.5459
0.785398,0.785334,50.5807,45.9325,52.9472,55.6484
0.785398,0.784995,50.6836,46.0354,53.05,55.7513
0.785398,0.782174,50.7938,46.1454,53.1601,55.8614
0.785398,0.78379,50.9141,46.2651,53.2796,55.9813
0.785398,0.786014,51.0192,46.3701,53.3846,56.0863
0.785398,0.785157,51.1196,46.4706,53.4851,56.1868
0.785398,0.785356,51.2279,46.5787,53.5931,56.295
0.785398,0.786165,51.3294,46.6802,53.6947,56.3965
0.785398,0.78589,51.4372,46.7883,53.8028,56.5045
0.785398,0.785181,51.5381,46.8893,53.9038,56.6054
0.785398,0.785474,51.6433,46.9946,54.0092,56.7108
0.785398,0.785449,51.7456,47.0969,54.1115,56.813
0.785398,0.785196,51.8511,47.2024,54.2169,56.9185
0.785398,0.784407,51.9583,47.3094,54.324,57.0256
0.785398,0.785376,52.0629,47.414,54.4285,57.1301
0.785398,0.786283,52.1671,47.5183,54.5328,57.2344
0.785398,0.785154,52.2739,47.6251,54.6397,57.3413
0.785398,0.786099,52.378,47.7292,54.7438,57.4453
0.785398,0.785701,52.4841,47.8354,54.85,57.5515
0.785398,0.785117,52.5917,47.9431,54.9578,57.6592
0.785398,0.785687,52.7008,48.0525,55.0671,57.7685
0.785398,0.785467,52.8061,48.1577,55.1723,57.8737
0.785398,0.784388,52.9153,48.2666,55.2812,57.9827
0.785398,0.785213,53.0189,48.3701,55.3847,58.0863
0.785398,0.784937,53.124,48.4752,55.4897,58.1913
0.785398,0.784631,53.2297,48.5808,55.5953,58.297
0.785398,0.78534,53.3341,48.6852,55.6997,58.4014
0.785398,0.785037,53.4389,48.79,55.8046,58.5062
0.785398,0.785222,53.5437,48.8948,55.9094,58.611
0.785398,0.785834,53.6479,48.9991,56.0136,58.7153
0.785398,0.785337,53.7528,49.104,56.1185,58.8201
0.785398,0.78523,53.8578,49.209,56.2235,58.9251
0.785398,0.785824,53.9627,49.314,56.3285,59.0301
0.785398,0.785179,54.0681,49.4193,56.4338,59.1354
0.785398,0.785237,54.1735,49.5248,56.5393,59.2409
0.785398,0.785631,54.2794,49.6306,56.6452,59.3467
0.785398,0.78589,54.3857,49.737,56.7516,59.4531
0.785398,0.78642,54.4936,49.845,56.8596,59.561
0.785398,0.786142,54.6004,49.9519,56.9665,59.6679
0.785398,0.785994,54.7065,50.058,57.0726,59.774
0.785398,0.785956,54.813,50.1645,57.1791,59.8806
0.785398,0.785116,54.9221,50.2735,57.2881,59.9895
0.785398,0.785542,55.0264,50.3778,57.3924,60.0939
0.785398,0.784839,55.1317,50.4831,57.4977,60.1992
0.785398,0.785308,55.2386,50.5899,57.6045,60.306
0.785398,0.785816,55.3456,50.6968,57.7114,60.4129
0.785398,0.785281,55.4499,50.8012,57.8157,60.5173
0.785398,0.78511,55.5551,50.9063,57.9209,60.6224
0.785398,0.785975,55.6668,51.0183,58.0329,60.7343
0.785398,0.78533,55.7708,51.1223,58.137,60.8384
0.785398,0.785247,55.8748,51.2263,58.2409,60.9423
0.785398,0.785215,55.9809,51.3323,58.3469,61.0483
0.785398,0.785003,56.0874,51.4388,58.4533,61.1549
0.785398,0.783207,56.1973,51.5485,58.563,61.2646
0.785398,0.785407,56.3088,51.6597,58.6742,61.3759
0.785398,0.785753,56.4115,51.7625,58.777,61.4787
0.785398,0.785938,56.5149,51.866,58.8805,61.5822
0.785398,0.785189,56.6187,51.9698,58.9843,61.686
0.785398,0.78579,56.7233,52.0745,59.089,61.7906
0.785398,0.786713,56.829,52.1802,59.1948,61.8964
0.785398,0.785171,56.9455,52.2965,59.311,62.0127
0.785398,0.788416,57.0672,52.419,59.4337,62.1349
0.785398,0.785945,57.1796,52.5317,59.5465,62.2475
0.785398,0.785184,57.2789,52.631,59.6458,62.3469
0.785398,0.786246,57.3812,52.7333,59.748,62.4491
0.785398,0.785008,57.4834,52.8354,59.8502,62.5513
0.785398,0.785267,57.5841,52.936,59.9508,62.652
0.785398,0.783883,57.687,53.0388,60.0536,62.7548
0.785398,0.785111,57.7963,53.1478,60.1624,62.8638
0.785398,0.785638,57.8981,53.2497,60.2643,62.9657
0.785398,0.785531,58.0024,53.3539,60.3685,63.0699
0.785398,0.785764,58.1065,53.4581,60.4727,63.1741
0.785398,0.784607,58.2121,53.5636,60.5782,63.2796
0.785398,0.785226,58.3223,53.6736,60.6882,63.3897
0.785398,0.786371,58.4255,53.7768,60.7914,63.4929
0.785398,0.785444,58.5325,53.8839,60.8985,63.6
0.785398,0.785905,58.6425,53.9941,61.0088,63.7101
0.785398,0.785168,58.7455,54.0971,61.1118,63.8132
0.785398,0.787086,58.8559,54.2078,61.2225,63.9237
0.785398,0.784792,58.963,54.3149,61.3296,64.0308
0.785398,0.78396,59.0679,54.4197,61.4344,64.1357
0.785398,0.785208,59.1719,54.5236,61.5383,64.2396
0.785398,0.785183,59.2757,54.6274,61.6421,64.3434
0.785398,0.784446,59.3797,54.7314,61.746,64.4473
0.785398,0.785654,59.486,54.8376,61.8522,64.5536
0.785398,0.784694,59.5896,54.9412,61.9558,64.6572
0.785398,0.786081,59.7001,55.0518,62.0665,64.7678
0.785398,0.785454,59.8039,55.1556,62.1703,64.8716
0.785398,0.785239,59.9076,55.2593,62.2739,64.9753
0.785398,0.785042,60.0124,55.364,62.3787,65.08
0.785398,0.783385,60.1215,55.473,62.4876,65.189
0.785398,0.786308,60.2323,55.5838,62.5984,65.2999
0.785398,0.785732,60.3362,55.6877,62.7023,65.4037
0.785398,0.785229,60.44,55.7915,62.8061,65.5076
0.785398,0.784939,60.5444,55.8959,62.9105,65.6119
0.785398,0.784979,60.649,56.0005,63.0151,65.7165
0.785398,0.786009,60.7633,56.115,63.1297,65.831
0.785398,0.785303,60.8695,56.2212,63.2358,65.9372
0.785398,0.785728,60.9719,56.3235,63.3382,66.0395
0.785398,0.785063,61.0795,56.431,63.4456,66.147
0.785398,0.78474,61.1851,56.5365,63.5511,66.2526
0.785398,0.785349,61.2888,56.6402,63.6548,66.3563
0.785398,0.78528,61.3937,56.7451,63.7597,66.4612
0.785398,0.785633,61.4978,56.8493,63.8639,66.5653
0.785398,0.787022,61.604,56.9555,63.9701,66.6715
0.785398,0.78512,61.7112,57.0629,64.0775,66.7789
0.785398,0.78544,61.8149,57.1666,64.1812,66.8826
0.785398,0.78523,61.9189,57.2705,64.2852,66.9865
0.785398,0.785048,62.0249,57.3765,64.3912,67.0925
0.785398,0.785445,62.1304,57.482,64.4967,67.198
0.785398,0.783465,62.2434,57.5947,64.6093,67.3108
0.785398,0.785722,62.3527,57.7039,64.7184,67.42
0.785398,0.785383,62.4556,57.8069,64.8214,67.523
0.785398,0.786084,62.5615,57.9127,64.9273,67.6288
0.785398,0.786466,62.6691,58.0205,65.0351,67.7366
0.785398,0.786448,62.793,58.1441,65.1586,67.8603
0.785398,0.789655,62.9204,58.2726,65.2874,67.9885
0.785398,0.787045,63.038,58.3909,65.4059,68.1065
0.785398,0.784727,63.1404,58.4933,65.5083,68.2089
0.785398,0.784666,63.2338,58.5866,65.6015,68.3022
0.785398,0.784418,63.3296,58.6822,65.6971,68.3979
0.785398,0.784582,63.4291,58.7817,65.7966,68.4974
0.785398,0.783737,63.5306,58.883,65.8979,68.5988
0.785398,0.785036,63.633,58.9853,66.0001,68.7011
0.785398,0.78448,63.7345,59.0867,66.1015,68.8025
0.785398,0.783991,63.839,59.1911,66.2059,68.9069
0.785398,0.784914,63.949,59.3008,66.3155,69.0168
0.785398,0.785841,64.0506,59.4024,66.4171,69.1184
0.785398,0.784663,64.1584,59.51,66.5247,69.226
0.785398,0.785248,64.2612,59.6129,66.6275,69.3288
0.785398,0.785023,64.3659,59.7175,66.7322,69.4335
0.785398,0.784336,64.4719,59.8234,66.838,69.5394
0.785398,0.784818,64.578,59.9295,66.9441,69.6456
0.785398,0.785931,64.6849,60.0364,67.0509,69.7524
0.785398,0.785673,64.7879,60.1394,67.1541,69.8555
0.785398,0.785453,64.8915,60.243,67.2576,69.959
0.785398,0.785742,64.9962,60.3478,67.3624,70.0638
0.785398,0.787077,65.1032,60.4548,67.4695,70.1708
0.785398,0.785098,65.2111,60.5629,67.5776,70.2788
0.785398,0.786149,65.3154,60.6672,67.6819,70.3831
0.785398,0.785426,65.4217,60.7735,67.7882,70.4895
0.785398,0.785023,65.527,60.8789,67.8936,70.5948
0.785398,0.785598,65.6369,60.989,68.0038,70.7049
0.785398,0.784867,65.7404,61.0924,68.1072,70.8083
0.785398,0.786242,65.8507,61.2029,68.2178,70.9188
0.785398,0.785279,65.9554,61.3075,68.3224,71.0234
0.785398,0.784823,66.0622,61.4142,68.4289,71.1301
0.785398,0.785215,66.1656,61.5176,68.5323,71.2335
0.785398,0.785273,66.2689,61.6209,68.6356,71.3368
0.785398,0.785831,66.3764,61.7284,68.7432,71.4443
0.785398,0.785522,66.4811,61.8331,68.8479,71.549
0.785398,0.786637,66.5887,61.9407,68.9555,71.6566
0.785398,0.784978,66.6955,62.0476,69.0623,71.7634
0.785398,0.786302,66.7996,62.1517,69.1665,71.8676
0.785398,0.785206,66.9056,62.2577,69.2725,71.9736
0.785398,0.785234,67.0097,62.3618,69.3766,72.0777
0.785398,0.784779,67.1145,62.4665,69.4812,72.1824
0.785398,0.785225,67.222,62.574,69.5888,72.2899
0.785398,0.786078,67.3305,62.6826,69.6974,72.3984
0.785398,0.785318,67.4352,62.7873,69.802,72.5031
0.785398,0.784992,67.5391,62.8912,69.9059,72.607
0.785398,0.784465,67.6464,62.9983,70.013,72.7142
0.785398,0.78414,67.7524,63.1043,70.119,72.8202
0.785398,0.785743,67.8603,63.2121,70.2268,72.9281
0.785398,0.786565,67.9668,63.3187,70.3334,73.0346
0.785398,0.786263,68.0745,63.4265,70.4412,73.1424
0.785398,0.785575,68.1865,63.5387,70.5535,73.2545
0.785398,0.785552,68.2898,63.6419,70.6567,73.3577
0.785398,0.784885,68.3984,63.7503,70.765,73.4662
0.785398,0.78532,68.5009,63.8528,70.8675,73.5687
0.785398,0.785487,68.6046,63.9565,70.9713,73.6724
0.785398,0.784149,68.7136,64.0654,71.08,73.7813
0.785398,0.785463,68.8186,64.1704,71.185,73.8863
0.785398,0.786084,68.925,64.2768,71.2916,73.9928
0.785398,0.786997,69.0309,64.3828,71.3976,74.0987
0.785398,0.784973,69.1379,64.4899,71.5047,74.2058
0.785398,0.786148,69.2415,64.5935,71.6083,74.3094
0.785398,0.784823,69.3483,64.7004,71.7152,74.4162
0.785398,0.78368,69.4533,64.8053,71.8201,74.5212
0.785398,0.78757,69.5749,64.9274,71.9423,74.6431
0.785398,0.78408,69.6891,65.0416,72.0565,74.7574
0.785398,0.784942,69.7932,65.1455,72.1603,74.8613
0.785398,0.785014,69.8936,65.2457,72.2605,74.9616
0.785398,0.784681,69.9956,65.3477,72.3624,75.0636
0.785398,0.784566,70.0986,65.4505,72.4653,75.1664
0.785398,0.783901,70.2033,65.5552,72.57,75.2712
0.785398,0.786039,70.31,65.6618,72.6766,75.3778
0.785398,0.787292,70.4144,65.7664,72.7811,75.4823
0.785398,0.784983,70.521,65.8731,72.8878,75.5889
0.785398,0.784827,70.624,65.9761,72.9908,75.6919
0.785398,0.785098,70.7293,66.0814,73.0962,75.7973
0.785398,0.78501,70.8316,66.1838,73.1985,75.8996
0.785398,0.785363,70.9399,66.2921,73.307,76.0079
0.785398,0.784974,71.043,66.3952,73.41,76.1111
0.785398,0.785041,71.1468,66.499,73.5138,76.2148
0.785398,0.785438,71.2516,66.6037,73.6185,76.3195
0.785398,0.787206,71.3594,66.7116,73.7264,76.4274
0.785398,0.785178,71.4703,66.8226,73.8375,76.5384
0.785398,0.784257,71.5741,66.9264,73.9412,76.6422
0.785398,0.785757,71.6806,67.0327,74.0475,76.7486
0.785398,0.785001,71.7844,67.1365,74.1513,76.8523
0.785398,0.785032,71.8885,67.2406,74.2554,76.9565
0.785398,0.785353,71.9959,67.3481,74.3629,77.0639
0.785398,0.784886,72.0995,67.4516,74.4664,77.1674
0.785398,0.785616,72.2089,67.5611,74.576,77.277
0.785398,0.785024,72.3127,67.6649,74.6797,77.3808
0.785398,0.784102,72.4196,67.7717,74.7865,77.4875
0.785398,0.785311,72.5255,67.8775,74.8922,77.5934
0.785398,0.78325,72.6335,67.9855,75.0002,77.7014
0.785398,0.784403,72.7515,68.103,75.1176,77.819
0.785398,0.785659,72.8569,68.2084,75.223,77.9244
0.785398,0.78577,72.9637,68.315,75.3296,78.0311
0.785398,0.786037,73.0653,68.4168,75.4314,78.1328
0.785398,0.785305,73.1694,68.5209,75.5356,78.237
0.785398,0.785092,73.2734,68.6251,75.6397,78.341
0.785398,0.786077,73.3818,68.7337,75.7484,78.4496
0.785398,0.785285,73.4843,68.8362,75.851,78.5521
0.785398,0.786733,73.5931,68.9452,75.96,78.6611
0.785398,0.785146,73.6981,69.0503,76.0651,78.7661
0.785398,0.784746,73.8036,69.1556,76.1704,78.8715
0.785398,0.784571,73.9077,69.2597,76.2744,78.9756
0.785398,0.784036,74.013,69.3649,76.3796,79.0808
0.785398,0.785824,74.12,69.4718,76.4865,79.1878
0.785398,0.785275,74.2239,69.5757,76.5904,79.2917
0.785398,0.786228,74.3329,69.6846,76.6993,79.4006
0.785398,0.785952,74.4374,69.7892,76.8039,79.5051
0.785398,0.785435,74.5456,69.8977,76.9124,79.6135
0.785398,0.784673,74.6483,70.0002,77.015,79.7161
0.785398,0.786682,74.761,70.1133,77.1281,79.8291
0.785398,0.785062,74.8658,70.2181,77.2329,79.9339
0.785398,0.784515,74.9716,70.3237,77.3385,80.0396
0.785398,0.784016,75.0763,70.4284,77.4431,80.1442
0.785398,0.785751,75.1826,70.5346,77.5494,80.2505
0.785398,0.785149,75.2872,70.6392,77.654,80.3551
0.785398,0.786063,75.3936,70.7456,77.7604,80.4615
0.785398,0.785695,75.4969,70.849,77.8637,80.5648
0.785398,0.784981,75.6068,70.9585,77.9732,80.6745
0.785398,0.785525,75.7097,71.0615,78.0762,80.7775
0.785398,0.785841,75.8139,71.1658,78.1805,80.8817
0.785398,0.785734,75.9183,71.2701,78.2848,80.9861
0.785398,0.785787,76.0245,71.3763,78.391,81.0922
0.785398,0.787056,76.1323,71.4842,78.4989,81.2001
0.785398,0.784779,76.2414,71.5933,78.6081,81.3092
0.785398,0.785417,76.3448,71.6968,78.7115,81.4127
0.785398,0.785839,76.4484,71.8003,78.8151,81.5162
0.785398,0.784461,76.5621,71.9137,78.9283,81.6297
0.785398,0.785263,76.6663,72.0179,79.0325,81.7339
0.785398,0.787172,76.7773,72.1293,79.144,81.8452
0.785398,0.784865,76.8837,72.2357,79.2505,81.9516
0.785398,0.785252,76.9864,72.3384,79.3531,82.0543
0.785398,0.785286,77.0902,72.4422,79.4569,82.1581
0.785398,0.785238,77.1943,72.5462,79.561,82.2622
0.785398,0.786711,77.3001,72.652,79.6667,82.3679
0.785398,0.785221,77.4088,72.761,79.7758,82.4768
0.785398,0.784016,77.512,72.8641,79.8789,82.58
0.785398,0.784415,77.6195,72.9715,79.9863,82.6874
0.785398,0.784832,77.7316,73.0832,80.0979,82.7992
0.785398,0.785524,77.8339,73.1856,80.2002,82.9016
0.785398,0.78572,77.9368,73.2886,80.3032,83.0045
0.785398,0.786305,78.0421,73.3939,80.4086,83.1098
0.785398,0.786035,78.1472,73.4991,80.5138,83.215
0.785398,0.785798,78.2516,73.6035,80.6183,83.3195
0.785398,0.7845,78.3565,73.7084,80.7231,83.4243
0.785398,0.785784,78.464,73.8158,80.8304,83.5317
0.785398,0.784943,78.5685,73.9203,80.935,83.6362
0.785398,0.785255,78.6748,74.0265,81.0412,83.7425
0.785398,0.785882,78.7816,74.1333,81.148,83.8493
0.785398,0.785777,78.887,74.2386,81.2533,83.9546
0.785398,0.785858,78.9926,74.3443,81.3589,84.0603
0.785398,0.786505,79.1005,74.4523,81.467,84.1682
0.785398,0.785666,79.2056,74.5574,81.5721,84.2733
0.785398,0.785486,79.3103,74.6622,81.6769,84.3781
0.785398,0.783579,79.4173,74.7691,81.7838,84.4851
0.785398,0.785161,79.5303,74.8818,81.8965,84.5979
0.785398,0.784487,79.6359,74.9874,82.002,84.7034
0.785398,0.78501,79.7409,75.0923,82.1069,84.8084
0.785398,0.785803,79.8465,75.1979,82.2125,84.914
0.785398,0.784703,79.9512,75.3027,82.3173,85.0188
0.785398,0.785578,80.0608,75.4122,82.4267,85.1283
0.785398,0.786145,80.1634,75.5148,82.5294,85.2309
0.785398,0.785526,80.2669,75.6184,82.633,85.3345
0.785398,0.786077,80.374,75.7257,82.7403,85.4417
0.785398,0.785443,80.478,75.8296,82.8443,85.5456
0.785398,0.785165,80.5828,75.9345,82.9492,85.6505
0.785398,0.784088,80.6901,76.0418,83.0565,85.7578
0.785398,0.785818,80.7977,76.1493,83.164,85.8653
0.785398,0.786334,80.9043,76.256,83.2707,85.972
0.785398,0.78736,81.0098,76.3616,83.3764,86.0776
0.785398,0.784864,81.1189,76.4709,83.4857,86.1868
0.785398,0.785013,81.2235,76.5756,83.5903,86.2914
0.785398,0.786288,81.3331,76.6853,83.7001,86.4011
0.785398,0.785381,81.4371,76.7893,83.8041,86.5051
0.785398,0.785419,81.5424,76.8945,83.9092,86.6103
0.785398,0.783809,81.6521,77.0039,84.0187,86.7199
0.785398,0.785591,81.7577,77.1095,84.1241,86.8254
0.785398,0.783815,81.8619,77.2136,84.2283,86.9296
0.785398,0.785777,81.971,77.3225,84.3372,87.0386
0.785398,0.787317,82.0746,77.4262,84.4409,87.1422
0.785398,0.785064,82.1825,77.5343,84.5491,87.2503
0.785398,0.784734,82.2851,77.6369,84.6516,87.3529
0.785398,0.786521,82.3967,77.7488,84.7636,87.4647
0.785398,0.785349,82.5008,77.8529,84.8677,87.5687
0.785398,0.784194,82.6082,77.9601,84.9748,87.676
0.785398,0.785323,82.7125,78.0644,85.0792,87.7803
0.785398,0.78589,82.8186,78.1707,85.1854,87.8865
0.785398,0.787479,82.9258,78.2779,85.2927,87.9938
0.785398,0.785591,83.0366,78.3889,85.4038,88.1047
0.785398,0.785409,83.1384,78.4907,85.5056,88.2065
0.785398,0.785838,83.2421,78.5944,85.6093,88.3102
0.785398,0.787214,83.3485,78.7009,85.7158,88.4167
0.785398,0.785152,83.4581,78.8107,85.8256,88.5264
0.785398,0.784644,83.5597,78.9121,85.927,88.6279
0.785398,0.785404,83.6621,79.0145,86.0294,88.7303
0.785398,0.785103,83.7655,79.1179,86.1327,88.8337
0.785398,0.785149,83.8704,79.2227,86.2375,88.9385
0.785398,0.785806,83.9781,79.3304,86.3453,89.0462
0.785398,0.786609,84.0847,79.4371,86.452,89.1529
0.785398,0.784466,84.1935,79.5458,86.5607,89.2616
0.785398,0.785319,84.2975,79.6498,86.6646,89.3656
0.785398,0.784624,84.404,79.7563,86.7712,89.4721
0.785398,0.784809,84.5093,79.8616,86.8765,89.5774
0.785398,0.784704,84.6156,79.9679,86.9827,89.6837
0.785398,0.786405,84.7263,80.0787,87.0936,89.7945
0.785398,0.78488,84.8316,80.184,87.1989,89.8998
0.785398,0.783697,84.9391,80.2913,87.3061,90.0071
0.785398,0.785409,85.0444,80.3965,87.4113,90.1124
0.785398,0.785785,85.1489,80.5011,87.5159,90.2169
0.785398,0.786241,85.2542,80.6065,87.6213,90.3223
0.785398,0.786255,85.359,80.7113,87.7261,90.4271
0.785398,0.784708,85.4658,80.8181,87.8329,90.5339
0.785398,0.785079,85.5692,80.9214,87.9362,90.6372
0.785398,0.78521,85.6728,81.025,88.0398,90.7408
0.785398,0.784843,85.7775,81.1296,88.1444,90.8454
0.785398,0.786058,85.8874,81.2397,88.2545,90.9555
0.785398,0.785439,85.9921,81.3443,88.3591,91.0601
0.785398,0.785183,86.0966,81.4488,88.4636,91.1647
0.785398,0.786452,86.2063,81.5586,88.5734,91.2744
0.785398,0.785124,86.312,81.6643,88.6791,91.3801
0.785398,0.784914,86.418,81.7702,88.785,91.486
0.785398,0.784204,86.5253,81.8773,88.8921,91.5932
0.785398,0.785164,86.6299,81.9818,88.9966,91.6977
0.785398,0.786523,86.7343,82.0863,89.101,91.8021
0.785398,0.785249,86.8437,82.1959,89.2107,91.9117
0.785398,0.78487,86.947,82.2991,89.3139,92.015
0.785398,0.785788,87.0579,82.4102,89.425,92.126
0.785398,0.785611,87.1615,82.5137,89.5286,92.2295
0.785398,0.784014,87.2752,82.6271,89.6418,92.343
0.785398,0.785404,87.3792,82.731,89.7457,92.4469
0.785398,0.785189,87.4819,82.8337,89.8484,92.5497
0.785398,0.783376,87.5897,82.9414,89.9561,92.6574
0.785398,0.785554,87.6989,83.0504,90.065,92.7665
0.785398,0.787681,87.8031,83.1547,90.1694,92.8707
0.785398,0.78596,87.9149,83.2669,90.2817,92.9828
0.785398,0.785224,88.0171,83.3691,90.3838,93.085
0.785398,0.785712,88.1215,83.4734,90.4881,93.1893
0.785398,0.785122,88.2237,83.5756,90.5903,93.2915
0.785398,0.785857,88.3285,83.6804,90.6951,93.3963
0.785398,0.78437,88.4419,83.7934,90.808,93.5094
0.785398,0.785658,88.546,83.8975,90.9121,93.6136
0.785398,0.785497,88.648,83.9996,91.0142,93.7156
0.785398,0.785578,88.752,84.1036,91.1182,93.8196
0.785398,0.786855,88.8575,84.2091,91.2238,93.9251
0.785398,0.785379,88.9634,84.3152,91.3299,94.0312
0.785398,0.785635,89.0671,84.4189,91.4336,94.1349
0.785398,0.785255,89.1714,84.5232,91.5379,94.2392
0.785398,0.784612,89.2765,84.6283,91.643,94.3442
0.785398,0.784946,89.3833,84.735,91.7497,94.451
0.785398,0.785142,89.4953,84.8468,91.8614,94.5629
0.785398,0.78587,89.5993,84.9509,91.9655,94.6669
0.785398,0.785312,89.7051,85.0568,92.0715,94.7728
0.785398,0.785544,89.8094,85.1611,92.1758,94.8771
0.785398,0.785174,89.916,85.2676,92.2823,94.9836
0.785398,0.784972,90.0222,85.3738,92.3885,95.0899
0.785398,0.784851,90.1283,85.4799,92.4945,95.1959
0.785398,0.784495,90.2341,85.5857,92.6003,95.3017
0.785398,0.785371,90.3395,85.6911,92.7057,95.4071
0.785398,0.786214,90.4442,85.7958,92.8104,95.5118
0.785398,0.785309,90.5508,85.9025,92.9171,95.6184
0.785398,0.785493,90.6554,86.0071,93.0218,95.7231
0.785398,0.785486,90.7605,86.1123,93.127,95.8283
0.785398,0.785693,90.8666,86.2184,93.233,95.9343
0.785398,0.785375,90.9714,86.3232,93.3379,96.0392
0.785398,0.783519,91.081,86.4327,93.4474,96.1487
0.785398,0.785331,91.1946,86.5461,93.5607,96.2621
0.785398,0.785553,91.2984,86.6499,93.6645,96.3659
0.785398,0.786105,91.4015,86.7531,93.7678,96.4691
0.785398,0.785514,91.5087,86.8602,93.8748,96.5763
0.785398,0.785782,91.6125,86.964,93.9787,96.6801
0.785398,0.787363,91.7208,87.0726,94.0873,96.7886
0.785398,0.7851,91.8295,87.1814,94.1961,96.8973
0.785398,0.785464,91.9325,87.2844,94.2991,97.0003
0.785398,0.785166,92.0384,87.3902,94.4049,97.1061
0.785398,0.784097,92.1466,87.4982,94.5129,97.2142
0.785398,0.785595,92.2523,87.6039,94.6185,97.3199
0.785398,0.784785,92.3565,87.7081,94.7227,97.4241
0.785398,0.783566,92.4624,87.814,94.8286,97.53
0.785398,0.785547,92.5733,87.9246,94.9392,97.6407
0.785398,0.786114,92.6758,88.0272,95.0418,97.7433
0.785398,0.785317,92.7844,88.1357,95.1503,97.8518
0.785398,0.785735,92.8875,88.2389,95.2534,97.9549
0.785398,0.784568,92.996,88.3473,95.3618,98.0634
0.785398,0.785555,93.1004,88.4517,95.4662,98.1678
0.785398,0.784703,93.2059,88.5571,95.5717,98.2733
0.785398,0.784805,93.3115,88.6628,95.6773,98.3789
0.785398,0.786214,93.4186,88.7698,95.7844,98.4859
0.785398,0.785942,93.5222,88.8735,95.8881,98.5896
0.785398,0.785377,93.627,88.9784,95.993,98.6945
0.785398,0.786062,93.7348,89.0861,96.1006,98.8022
0.785398,0.784581,93.8452,89.1964,96.2109,98.9125
0.785398,0.78568,93.9497,89.3009,96.3154,99.017
0.785398,0.786231,94.0567,89.4081,96.4227,99.1241
0.785398,0.785615,94.1598,89.5113,96.5259,99.2273
0.785398,0.784087,94.2655,89.6169,96.6315,99.333
0.785398,0.786026,94.3728,89.7242,96.7388,99.4403
0.785398,0.785705,94.4767,89.8281,96.8427,99.5442
0.785398,0.784241,94.5817,89.9331,96.9477,99.6492
0.785398,0.786033,94.6893,90.0407,97.0553,99.7568
0.785398,0.785324,94.7935,90.145,97.1596,99.861
0.785398,0.785622,94.9024,90.2537,97.2683,99.9698
0.785398,0.786097,95.0053,90.3567,97.3713,100.073
0.785398,0.785202,95.1158,90.467,97.4816,100.183
0.785398,0.785569,95.2196,90.571,97.5855,100.287
0.785398,0.785795,95.3231,90.6745,97.6891,100.391
0.785398,0.785739,95.4286,90.7801,97.7947,100.496
0.785398,0.785499,95.5353,90.8867,97.9013,100.603
0.785398,0.783934,95.645,90.9963,98.0108,100.712
0.785398,0.786144,95.7528,91.104,98.1185,100.82
0.785398,0.785575,95.8557,91.2071,98.2216,100.923
0.785398,0.785553,95.9589,91.3103,98.3249,101.026
0.785398,0.787156,96.0638,91.4152,98.4298,101.131
0.785398,0.785268,96.1714,91.523,98.5377,101.239
0.785398,0.784942,96.2771,91.6288,98.6435,101.345
0.785398,0.78608,96.3873,91.7393,98.754,101.455
0.785398,0.785374,96.491,91.843,98.8577,101.559
0.785398,0.785579,96.5967,91.9487,98.9634,101.665
0.785398,0.786145,96.7035,92.0555,99.0703,101.771
0.785398,0.785409,96.8079,92.1599,99.1746,101.876
0.785398,0.786195,96.9149,92.267,99.2818,101.983
0.785398,0.785953,97.0205,92.3726,99.3874,102.088
0.785398,0.785616,97.1272,92.4793,99.494,102.195
0.785398,0.785143,97.2321,92.5842,99.599,102.3
0.785398,0.785817,97.3359,92.6879,99.7027,102.404
0.785398,0.785252,97.4405,92.7925,99.8072,102.508
0.785398,0.785288,97.5451,92.8971,99.9118,102.613
0.785398,0.785006,97.6525,93.0043,100.019,102.72
0.785398,0.784541,97.7602,93.1119,100.127,102.828
0.785398,0.785059,97.8655,93.2172,100.232,102.933
0.785398,0.784227,97.9722,93.3238,100.339,103.04
0.785398,0.785702,98.0789,93.4306,100.445,103.147
0.785398,0.784727,98.1837,93.5354,100.55,103.251
0.785398,0.785493,98.2905,93.6421,100.657,103.358
0.785398,0.785793,98.396,93.7476,100.762,103.464
0.785398,0.785176,98.5065,93.8579,100.873,103.574
0.785398,0.785868,98.6105,93.962,100.977,103.678
0.785398,0.785339,98.7177,94.0691,101.084,103.785
0.785398,0.785735,98.8214,94.1729,101.188,103.889
0.785398,0.785547,98.9277,94.2792,101.294,103.995
0.785398,0.78509,99.035,94.3864,101.401,104.103
0.785398,0.784272,99.1416,94.493,101.508,104.209
0.785398,0.785938,99.2483,94.5997,101.614,104.316
0.785398,0.784802,99.3521,94.7035,101.718,104.42
0.785398,0.785497,99.4583,94.8097,101.824,104.526
0.785398,0.785928,99.564,94.9154,101.93,104.631
0.785398,0.785957,99.6712,95.0225,102.037,104.739
0.785398,0.785892,99.7749,95.1263,102.141,104.842
0.785398,0.785372,99.8794,95.2309,102.245,104.947
0.785398,0.785242,99.9846,95.3361,102.351,105.052
0.785398,0.786576,100.096,95.4473,102.462,105.163
0.785398,0.785605,100.201,95.5524,102.567,105.268
0.785398,0.785477,100.307,95.6589,102.674,105.375
0.785398,0.784544,100.415,95.767,102.782,105.483
0.785398,0.785265,100.52,95.8712,102.886,105.587
0.785398,0.784395,100.626,95.9773,102.992,105.693
0.785398,0.784788,100.732,96.0831,103.098,105.799
0.785398,0.786372,100.838,96.1894,103.204,105.905
0.785398,0.786122,100.942,96.294,103.309,106.01
0.785398,0.784877,101.054,96.4057,103.42,106.122
0.785398,0.785443,101.158,96.5092,103.524,106.225
0.785398,0.785179,101.262,96.6137,103.628,106.33
0.785398,0.78655,101.374,96.7256,103.74,106.442
0.785398,0.785634,101.478,96.8295,103.844,106.545
0.785398,0.785424,101.581,96.9325,103.947,106.648
0.785398,0.785289,101.685,97.0365,104.051,106.752
0.785398,0.784178,101.791,97.143,104.158,106.859
0.785398,0.785603,101.901,97.2526,104.267,106.969
0.785398,0.785781,102.004,97.3555,104.37,107.071
0.785398,0.785843,102.11,97.4621,104.477,107.178
0.785398,0.785729,102.214,97.5658,104.581,107.282
0.785398,0.785487,102.318,97.6702,104.685,107.386
0.785398,0.785462,102.423,97.7748,104.789,107.491
0.785398,0.7847,102.532,97.8836,104.898,107.6
0.785398,0.785286,102.637,97.9889,105.004,107.705
0.785398,0.784507,102.744,98.0958,105.11,107.812
0.785398,0.784356,102.851,98.2021,105.217,107.918
0.785398,0.785976,102.962,98.313,105.328,108.029
0.785398,0.786035,103.065,98.4169,105.431,108.133
0.785398,0.786056,103.17,98.5217,105.536,108.238
0.785398,0.785856,103.275,98.6262,105.641,108.342
0.785398,0.785744,103.381,98.7322,105.747,108.448
0.785398,0.78475,103.491,98.842,105.857,108.558
0.785398,0.785339,103.595,98.9468,105.961,108.663
0.785398,0.783195,103.708,99.0596,106.074,108.776
0.785398,0.784354,103.832,99.1825,106.197,108.899
0.785398,0.787496,103.941,99.2925,106.307,109.009
0.785398,0.785348,104.042,99.3938,106.408,109.11
0.785398,0.786294,104.141,99.4928,106.507,109.209
0.785398,0.785823,104.242,99.5939,106.609,109.31
0.785398,0.785376,104.343,99.695,106.71,109.411
0.785398,0.786417,104.451,99.8032,106.818,109.519
0.785398,0.785809,104.555,99.9066,106.921,109.623
0.785398,0.784361,104.664,100.015,107.03,109.731
0.785398,0.785338,104.767,100.118,107.133,109.834
0.785398,0.785253,104.87,100.221,107.236,109.937
0.785398,0.785612,104.973,100.325,107.339,110.041
0.785398,0.78544,105.077,100.428,107.443,110.144
0.785398,0.785897,105.181,100.533,107.547,110.249
0.785398,0.785328,105.29,100.642,107.657,110.358
0.785398,0.784706,105.394,100.746,107.761,110.462
0.785398,0.786283,105.506,100.858,107.873,110.574
0.785398,0.785482,105.611,100.963,107.978,110.679
0.785398,0.78547,105.715,101.067,108.082,110.783
0.785398,0.785774,105.821,101.173,108.188,110.889
0.785398,0.785022,105.93,101.281,108.296,110.997
0.785398,0.785485,106.033,101.385,108.4,111.101
0.785398,0.784599,106.142,101.493,108.508,111.209
0.785398,0.785376,106.247,101.599,108.613,111.315
0.785398,0.785058,106.351,101.703,108.717,111.419
0.785398,0.785596,106.455,101.806,108.821,111.522
0.785398,0.785253,106.559,101.911,108.925,111.627
0.785398,0.785752,106.666,102.017,109.032,111.733
0.785398,0.785595,106.771,102.123,109.137,111.839
0.785398,0.785281,106.876,102.227,109.242,111.943
0.785398,0.785596,106.982,102.333,109.348,112.049
0.785398,0.783793,107.094,102.445,109.46,112.161
0.785398,0.78596,107.202,102.553,109.568,112.269
0.785398,0.787533,107.31,102.661,109.676,112.377
0.785398,0.785059,107.419,102.77,109.785,112.486
0.785398,0.783535,107.523,102.875,109.89,112.591
0.785398,0.785183,107.634,102.986,110,112.702
0.785398,0.785914,107.736,103.088,110.102,112.804
0.785398,0.784999,107.843,103.194,110.209,112.91
0.785398,0.784895,107.945,103.297,110.311,113.013
0.785398,0.785753,108.056,103.407,110.422,113.123
0.785398,0.785414,108.161,103.513,110.528,113.229
0.785398,0.784324,108.268,103.62,110.635,113.336
0.785398,0.785475,108.372,103.724,110.738,113.44
0.785398,0.785327,108.475,103.826,110.841,113.542
0.785398,0.785288,108.579,103.93,110.945,113.647
0.785398,0.786932,108.684,104.036,111.05,113.752
0.785398,0.78502,108.792,104.144,111.158,113.86
0.785398,0.785785,108.896,104.248,111.262,113.964
0.785398,0.785585,109.006,104.358,111.373,114.074
0.785398,0.784888,109.109,104.461,111.475,114.177
0.785398,0.784915,109.213,104.565,111.579,114.281
0.785398,0.785253,109.321,104.673,111.688,114.389
0.785398,0.783371,109.427,104.779,111.793,114.495
0.785398,0.785032,109.539,104.89,111.905,114.606
0.785398,0.785769,109.642,104.994,112.009,114.71
0.785398,0.785869,109.753,105.104,112.119,114.82
0.785398,0.785169,109.855,105.207,112.222,114.923
0.785398,0.785579,109.961,105.312,112.327,115.028
0.785398,0.78545,110.066,105.417,112.432,115.133
0.785398,0.784838,110.173,105.525,112.539,115.241
0.785398,0.785278,110.278,105.63,112.644,115.346
0.785398,0.784196,110.384,105.736,112.75,115.452
0.785398,0.785648,110.49,105.841,112.856,115.557
0.785398,0.784616,110.593,105.945,112.959,115.661
0.785398,0.784518,110.699,106.051,113.065,115.767
0.785398,0.785628,110.809,106.16,113.175,115.876
0.785398,0.786571,110.913,106.264,113.279,115.98
0.785398,0.785256,111.02,106.371,113.386,116.087
0.785398,0.785267,111.124,106.475,113.49,116.191
0.785398,0.784682,111.231,106.582,113.597,116.298
0.785398,0.785252,111.335,106.687,113.701,116.403
0.785398,0.784152,111.449,106.801,113.816,116.517
0.785398,0.783285,111.57,106.921,113.935,116.637
0.785398,0.785566,111.678,107.029,114.043,116.745
0.785398,0.786112,111.777,107.128,114.143,116.844
0.785398,0.785786,111.882,107.233,114.247,116.949
0.785398,0.785643,111.982,107.333,114.348,117.049
0.785398,0.785761,112.083,107.435,114.449,117.151
0.785398,0.786397,112.188,107.54,114.554,117.256
0.785398,0.784932,112.298,107.649,114.663,117.365
0.785398,0.784841,112.402,107.753,114.767,117.469
0.785398,0.7845,112.506,107.857,114.872,117.574
0.785398,0.786183,112.613,107.964,114.978,117.68
0.785398,0.785334,112.716,108.068,115.082,117.784
0.785398,0.785605,112.826,108.177,115.191,117.893
0.785398,0.786059,112.929,108.28,115.294,117.996
0.785398,0.785941,113.032,108.383,115.398,118.099
0.785398,0.786078,113.137,108.489,115.503,118.205
0.785398,0.784939,113.248,108.599,115.614,118.316
0.785398,0.785616,113.352,108.703,115.718,118.419
0.785398,0.785936,113.456,108.807,115.821,118.523
0.785398,0.786258,113.561,108.912,115.926,118.628
0.785398,0.785875,113.665,109.017,116.031,118.733
0.785398,0.784282,113.771,109.122,116.137,118.838
0.785398,0.785436,113.883,109.234,116.249,118.95
0.785398,0.786048,113.987,109.338,116.353,119.054
0.785398,0.785931,114.091,109.442,116.457,119.158
0.785398,0.785594,114.199,109.551,116.565,119.267
0.785398,0.786123,114.303,109.654,116.669,119.371
0.785398,0.785085,114.413,109.764,116.779,119.48
0.785398,0.785748,114.517,109.868,116.883,119.584
0.785398,0.784688,114.625,109.976,116.991,119.693
0.785398,0.78554,114.73,110.081,117.096,119.797
0.785398,0.784272,114.837,110.188,117.203,119.904
0.785398,0.786003,114.944,110.295,117.309,120.011
0.785398,0.784861,115.048,110.399,117.413,120.115
0.785398,0.784625,115.154,110.505,117.519,120.221
0.785398,0.785694,115.264,110.615,117.629,120.331
0.785398,0.78665,115.367,110.718,117.733,120.435
0.785398,0.785237,115.474,110.825,117.839,120.541
0.785398,0.78607,115.582,110.934,117.948,120.65
0.785398,0.78534,115.685,111.037,118.052,120.753
0.785398,0.787206,115.796,111.148,118.163,120.864
0.785398,0.784811,115.903,111.255,118.27,120.971
0.785398,0.78459,116.008,111.359,118.374,121.075
0.785398,0.784015,116.113,111.464,118.479,121.18
0.785398,0.785536,116.218,111.57,118.584,121.285
0.785398,0.785919,116.323,111.675,118.689,121.391
0.785398,0.786562,116.429,111.781,118.796,121.497
0.785398,0.785426,116.534,111.886,118.901,121.602
0.785398,0.785183,116.638,111.99,119.005,121.706
0.785398,0.785505,116.746,112.097,119.112,121.813
0.785398,0.785549,116.849,112.201,119.216,121.917
0.785398,0.785226,116.953,112.305,119.319,122.021
0.785398,0.785577,117.057,112.409,119.423,122.125
0.785398,0.785277,117.164,112.516,119.531,122.232
0.785398,0.785458,117.27,112.622,119.637,122.338
0.785398,0.785546,117.375,112.727,119.741,122.443
0.785398,0.784527,117.481,112.832,119.847,122.548
0.785398,0.784415,117.588,112.939,119.954,122.655
0.785398,0.78581,117.698,113.049,120.064,122.765
0.785398,0.785827,117.802,113.153,120.168,122.869
0.785398,0.785181,117.912,113.264,120.278,122.98
0.785398,0.785469,118.016,113.368,120.382,123.084
0.785398,0.785404,118.121,113.473,120.487,123.189
0.785398,0.785777,118.225,113.577,120.591,123.293
0.785398,0.785442,118.33,113.681,120.696,123.397
0.785398,0.785465,118.435,113.786,120.801,123.502
0.785398,0.785661,118.54,113.891,120.906,123.607
0.785398,0.785147,118.644,113.996,121.011,123.712
0.785398,0.786456,118.751,114.102,121.117,123.818
0.785398,0.78515,118.86,114.212,121.227,123.928
0.785398,0.785372,118.965,114.317,121.331,124.033
0.785398,0.785674,119.07,114.422,121.436,124.138
0.785398,0.785549,119.176,114.528,121.542,124.243
0.785398,0.786395,119.284,114.636,121.651,124.352
0.785398,0.785704,119.391,114.743,121.757,124.458
0.785398,0.787261,119.498,114.85,121.865,124.566
0.785398,0.785071,119.609,114.961,121.976,124.677
0.785398,0.784779,119.712,115.064,122.079,124.78
0.785398,0.785245,119.817,115.169,122.184,124.885
0.785398,0.784887,119.922,115.274,122.289,124.99
0.785398,0.785533,120.032,115.384,122.399,125.1
0.785398,0.78437,120.136,115.488,122.503,125.204
0.785398,0.787159,120.25,115.602,122.617,125.318
0.785398,0.784272,120.36,115.712,122.727,125.428
0.785398,0.786586,120.47,115.822,122.837,125.538
0.785398,0.784558,120.574,115.926,122.941,125.642
0.785398,0.783968,120.679,116.031,123.046,125.747
0.785398,0.784499,120.782,116.134,123.149,125.85
0.785398,0.784854,120.884,116.236,123.251,125.952
0.785398,0.78536,120.987,116.339,123.354,126.055
0.785398,0.785907,121.091,116.443,123.458,126.159
0.785398,0.78588,121.196,116.548,123.563,126.264
0.785398,0.784967,121.305,116.656,123.671,126.372
0.785398,0.784789,121.41,116.762,123.777,126.478
0.785398,0.784688,121.516,116.868,123.882,126.584
0.785398,0.783472,121.624,116.976,123.991,126.692
0.785398,0.785507,121.735,117.086,124.101,126.802
0.785398,0.786566,121.838,117.19,124.204,126.906
0.785398,0.785329,121.946,117.298,124.312,127.014
0.785398,0.784985,122.049,117.4,124.415,127.116
0.785398,0.786217,122.16,117.512,124.527,127.228
0.785398,0.785602,122.263,117.615,124.63,127.331
0.785398,0.785862,122.367,117.719,124.734,127.435
0.785398,0.784768,122.475,117.827,124.842,127.543
0.785398,0.785428,122.578,117.93,124.945,127.646
0.785398,0.784384,122.686,118.038,125.053,127.754
0.785398,0.785243,122.79,118.142,125.156,127.858
0.785398,0.784736,122.895,118.247,125.261,127.963
0.785398,0.784683,123,118.352,125.367,128.068
0.785398,0.783813,123.106,118.457,125.472,128.173
0.785398,0.785879,123.214,118.566,125.58,128.282
0.785398,0.785581,123.317,118.669,125.684,128.385
0.785398,0.785309,123.421,118.773,125.788,128.489
0.785398,0.785621,123.526,118.877,125.892,128.593
0.785398,0.785606,123.632,118.983,125.998,128.699
0.785398,0.785721,123.737,119.088,126.103,128.804
0.785398,0.786525,123.843,119.194,126.209,128.911
0.785398,0.785638,123.952,119.303,126.318,129.019
0.785398,0.786628,124.067,119.419,126.434,129.135
0.785398,0.785261,124.173,119.525,126.54,129.241
0.785398,0.784957,124.276,119.629,126.643,129.344
0.785398,0.785208,124.383,119.736,126.75,129.451
0.785398,0.785587,124.489,119.841,126.856,129.557
0.785398,0.785041,124.592,119.944,126.959,129.66
0.785398,0.78503,124.696,120.049,127.063,129.764
0.785398,0.78491,124.801,120.153,127.167,129.868
0.785398,0.78405,124.907,120.259,127.274,129.975
0.785398,0.784679,125.013,120.365,127.38,130.081
0.785398,0.785346,125.119,120.471,127.486,130.187
0.785398,0.785605,125.224,120.576,127.591,130.292
0.785398,0.785279,125.333,120.685,127.7,130.401
0.785398,0.785867,125.437,120.789,127.803,130.505
0.785398,0.78518,125.545,120.896,127.911,130.612
0.785398,0.785588,125.648,121,128.015,130.716
0.785398,0.78575,125.753,121.105,128.119,130.821
0.785398,0.786922,125.861,121.213,128.227,130.929
0.785398,0.785227,125.968,121.32,128.334,131.036
0.785398,0.7871,126.074,121.425,128.44,131.141
0.785398,0.785379,126.184,121.537,128.551,131.252
0.785398,0.785379,126.184,121.537,128.551,131.252
Exiting model node
... logging to /home/aauship/.ros/log/cf1c018e-1f90-11e7-8c39-00248c681181/roslaunch-aauship-24372.log
Checking log directory for disk usage. This may take awhile.
Press Ctrl-C to interrupt
Done checking log file disk usage. Usage is <1GB.
]2;/home/aauship/p8-vessel-main/aauship_832_ws/src/aauship_control/path_controller_model_test.launch
[1mstarted roslaunch server http://aauship:46297/[0m

SUMMARY
========

PARAMETERS
 * /rosdistro: indigo
 * /rosversion: 1.11.9

NODES
  /
    lqr_node (aauship_control/lqr_node)
    model_node (aauship_control/model-node.py)
    path_follower_node (aauship_control/path_follower_node)

auto-starting new master
[1mprocess[master]: started with pid [24384][0m
[1mROS_MASTER_URI=http://localhost:11311[0m
]2;/home/aauship/p8-vessel-main/aauship_832_ws/src/aauship_control/path_controller_model_test.launch http://localhost:11311
[1msetting /run_id to cf1c018e-1f90-11e7-8c39-00248c681181[0m
[1mprocess[rosout-1]: started with pid [24397][0m
started core service [/rosout]
[1mprocess[model_node-2]: started with pid [24414][0m
[1mprocess[lqr_node-3]: started with pid [24415][0m
[1mprocess[path_follower_node-4]: started with pid [24438][0m
[path_follower_node-4] killing on exit
[model_node-2] killing on exit
[lqr_node-3] killing on exit
[rosout-1] killing on exit
[master] killing on exit
shutting down processing monitor...
... shutting down processing monitor complete
[1mdone[0m
